56
0 0 1 0 0 0 10 1 0 1 1 10 1 0 1 10 1 1 0 1 1 0 0 1 1 1 0 1 1 1 1 0 0 0 1 1 0 10 0 0 1 1 1 1 1 10 0 0 1 1 0 1 1 0 0 10
0 0 0 1 0 1 0 0 0 0 0 0 0 0 0 0 0 0 0 0 1 0 1 0 0 0 0 1 0 0 1 0 1 1 0 0 1 0 1 0 0 0 0 0 0 0 1 0 0 0 0 0 0 0 0 0
1 0 0 0 1 0 10 1 1 1 1 10 0 0 1 1 1 1 1 0 1 1 0 1 0 1 1 1 0 0 0 1 0 0 0 1 0 1 0 0 0 10 1 1 0 1 0 1 1 1 0 1 0 1 1 1
0 1 0 0 0 1 0 0 0 0 0 0 0 0 0 0 0 0 0 0 1 0 1 0 0 0 0 1 0 0 1 0 1 1 0 0 1 0 1 0 0 0 0 0 0 0 1 0 0 0 0 0 0 0 0 0
0 0 1 0 0 0 1 0 1 0 0 1 0 0 0 0 1 0 1 0 0 1 0 0 0 0 1 0 0 0 0 1 0 0 0 0 0 0 0 0 0 1 1 0 0 0 0 1 0 0 0 1 0 1 1 0
0 1 0 1 0 0 0 0 0 0 0 0 0 0 0 0 0 0 0 0 1 0 1 0 0 0 0 1 0 0 1 0 1 1 0 0 1 0 1 0 0 0 0 0 0 0 1 0 0 0 0 0 0 0 0 0
10 0 10 0 1 0 0 1 1 1 1 100 1 0 1 10 10 1 1 1 1 1 0 1 1 1 1 1 1 1 1 1 0 0 1 1 0 10 0 0 1 10 10 1 1 10 0 1 1 1 0 10 1 1 1 10
1 0 1 0 0 0 1 0 0 1 1 1 0 0 1 1 0 1 0 0 1 0 0 1 0 1 0 1 0 0 0 0 0 0 0 1 0 1 0 0 0 1 0 1 0 1 0 0 1 1 0 0 0 0 0 1
0 0 1 0 1 0 1 0 0 0 0 1 0 0 0 0 1 0 1 0 0 1 0 0 0 0 1 0 0 0 0 1 0 0 0 0 0 0 0 0 0 1 1 0 0 0 0 1 0 0 0 1 0 1 1 0
1 0 1 0 0 0 1 1 0 0 1 1 0 1 1 10 0 1 0 0 1 1 1 1 1 10 0 1 1 0 0 0 0 1 0 10 0 1 1 1 0 1 1 1 0 10 0 0 1 1 1 0 0 0 0 1
1 0 1 0 0 0 1 1 0 1 0 1 0 0 1 1 0 1 0 0 1 0 0 1 0 1 0 1 0 0 0 0 0 0 0 1 0 1 0 0 0 1 0 1 0 1 0 0 1 1 0 0 0 0 0 1
10 0 10 0 1 0 100 1 1 1 1 0 1 0 1 10 10 1 1 1 1 1 0 1 1 1 1 1 1 1 1 1 0 0 1 1 0 10 0 0 1 10 10 1 1 10 0 1 1 1 0 10 1 1 1 10
1 0 0 0 0 0 1 0 0 0 0 1 0 0 0 1 1 0 0 1 0 0 0 0 1 0 0 0 1 1 1 0 0 0 1 0 0 1 0 0 1 0 1 0 1 1 0 0 0 0 0 1 1 0 0 1
0 0 0 0 0 0 0 0 0 1 0 0 0 0 0 1 0 0 0 0 0 1 1 0 1 1 0 0 1 0 0 0 0 1 0 1 0 0 1 1 0 0 1 0 0 1 0 0 0 0 1 0 0 0 0 0
1 0 1 0 0 0 1 1 0 1 1 1 0 0 0 1 0 1 0 0 1 0 0 1 0 1 0 1 0 0 0 0 0 0 0 1 0 1 0 0 0 1 0 1 0 1 0 0 1 1 0 0 0 0 0 1
10 0 1 0 0 0 10 1 0 10 1 10 1 1 1 0 1 1 0 1 1 1 1 1 10 10 0 1 10 1 1 0 0 1 1 10 0 10 1 1 1 1 10 1 1 100 0 0 1 1 1 1 1 0 0 10
1 0 1 0 1 0 10 0 1 0 0 10 1 0 0 1 0 0 1 1 0 1 0 0 1 0 1 0 1 1 1 1 0 0 1 0 0 1 0 0 1 1 10 0 1 1 0 1 0 0 0 10 1 1 1 1
1 0 1 0 0 0 1 1 0 1 1 1 0 0 1 1 0 0 0 0 1 0 0 1 0 1 0 1 0 0 0 0 0 0 0 1 0 1 0 0 0 1 0 1 0 1 0 0 1 1 0 0 0 0 0 1
0 0 1 0 1 0 1 0 1 0 0 1 0 0 0 0 1 0 0 0 0 1 0 0 0 0 1 0 0 0 0 1 0 0 0 0 0 0 0 0 0 1 1 0 0 0 0 1 0 0 0 1 0 1 1 0
1 0 0 0 0 0 1 0 0 0 0 1 1 0 0 1 1 0 0 0 0 0 0 0 1 0 0 0 1 1 1 0 0 0 1 0 0 1 0 0 1 0 1 0 1 1 0 0 0 0 0 1 1 0 0 1
1 1 1 1 0 1 1 1 0 1 1 1 0 0 1 1 0 1 0 0 0 0 1 1 0 1 0 10 0 0 1 0 1 1 0 1 1 1 1 0 0 1 0 1 0 1 1 0 1 1 0 0 0 0 0 1
0 0 1 0 1 0 1 0 1 1 0 1 0 1 0 1 1 0 1 0 0 0 1 0 1 1 1 0 1 0 0 1 0 1 0 1 0 0 1 1 0 1 10 0 0 1 0 1 0 0 1 1 0 1 1 0
0 1 0 1 0 1 0 0 0 1 0 0 0 1 0 1 0 0 0 0 1 1 0 0 1 1 0 1 1 0 1 0 1 10 0 1 1 0 10 1 0 0 1 0 0 1 1 0 0 0 1 0 0 0 0 0
1 0 1 0 0 0 1 1 0 1 1 1 0 0 1 1 0 1 0 0 1 0 0 0 0 1 0 1 0 0 0 0 0 0 0 1 0 1 0 0 0 1 0 1 0 1 0 0 1 1 0 0 0 0 0 1
1 0 0 0 0 0 1 0 0 1 0 1 1 1 0 10 1 0 0 1 0 1 1 0 0 1 0 0 10 1 1 0 0 1 1 1 0 1 1 1 1 0 10 0 1 10 0 0 0 0 1 1 1 0 0 1
1 0 1 0 0 0 1 1 0 10 1 1 0 1 1 10 0 1 0 0 1 1 1 1 1 0 0 1 1 0 0 0 0 1 0 10 0 1 1 1 0 1 1 1 0 10 0 0 1 1 1 0 0 0 0 1
0 0 1 0 1 0 1 0 1 0 0 1 0 0 0 0 1 0 1 0 0 1 0 0 0 0 0 0 0 0 0 1 0 0 0 0 0 0 0 0 0 1 1 0 0 0 0 1 0 0 0 1 0 1 1 0
1 1 1 1 0 1 1 1 0 1 1 1 0 0 1 1 0 1 0 0 10 0 1 1 0 1 0 0 0 0 1 0 1 1 0 1 1 1 1 0 0 1 0 1 0 1 1 0 1 1 0 0 0 0 0 1
1 0 0 0 0 0 1 0 0 1 0 1 1 1 0 10 1 0 0 1 0 1 1 0 10 1 0 0 0 1 1 0 0 1 1 1 0 1 1 1 1 0 10 0 1 10 0 0 0 0 1 1 1 0 0 1
1 0 0 0 0 0 1 0 0 0 0 1 1 0 0 1 1 0 0 1 0 0 0 0 1 0 0 0 1 0 1 0 0 0 1 0 0 1 0 0 1 0 1 0 1 1 0 0 0 0 0 1 1 0 0 1
1 1 0 1 0 1 1 0 0 0 0 1 1 0 0 1 1 0 0 1 1 0 1 0 1 0 0 1 1 1 0 0 1 1 1 0 1 1 1 0 1 0 1 0 1 1 1 0 0 0 0 1 1 0 0 1
0 0 1 0 1 0 1 0 1 0 0 1 0 0 0 0 1 0 1 0 0 1 0 0 0 0 1 0 0 0 0 0 0 0 0 0 0 0 0 0 0 1 1 0 0 0 0 1 0 0 0 1 0 1 1 0
0 1 0 1 0 1 0 0 0 0 0 0 0 0 0 0 0 0 0 0 1 0 1 0 0 0 0 1 0 0 1 0 0 1 0 0 1 0 1 0 0 0 0 0 0 0 1 0 0 0 0 0 0 0 0 0
0 1 0 1 0 1 0 0 0 1 0 0 0 1 0 1 0 0 0 0 1 1 10 0 1 1 0 1 1 0 1 0 1 0 0 1 1 0 10 1 0 0 1 0 0 1 1 0 0 0 1 0 0 0 0 0
1 0 0 0 0 0 1 0 0 0 0 1 1 0 0 1 1 0 0 1 0 0 0 0 1 0 0 0 1 1 1 0 0 0 0 0 0 1 0 0 1 0 1 0 1 1 0 0 0 0 0 1 1 0 0 1
1 0 1 0 0 0 1 1 0 10 1 1 0 1 1 10 0 1 0 0 1 1 1 1 1 10 0 1 1 0 0 0 0 1 0 0 0 1 1 1 0 1 1 1 0 10 0 0 1 1 1 0 0 0 0 1
0 1 0 1 0 1 0 0 0 0 0 0 0 0 0 0 0 0 0 0 1 0 1 0 0 0 0 1 0 0 1 0 1 1 0 0 0 0 1 0 0 0 0 0 0 0 1 0 0 0 0 0 0 0 0 0
10 0 1 0 0 0 10 1 0 1 1 10 1 0 1 10 1 1 0 1 1 0 0 1 1 1 0 1 1 1 1 0 0 0 1 1 0 0 0 0 1 1 1 1 1 10 0 0 1 1 0 1 1 0 0 10
0 1 0 1 0 1 0 0 0 1 0 0 0 1 0 1 0 0 0 0 1 1 10 0 1 1 0 1 1 0 1 0 1 10 0 1 1 0 0 1 0 0 1 0 0 1 1 0 0 0 1 0 0 0 0 0
0 0 0 0 0 0 0 0 0 1 0 0 0 1 0 1 0 0 0 0 0 1 1 0 1 1 0 0 1 0 0 0 0 1 0 1 0 0 1 0 0 0 1 0 0 1 0 0 0 0 1 0 0 0 0 0
1 0 0 0 0 0 1 0 0 0 0 1 1 0 0 1 1 0 0 1 0 0 0 0 1 0 0 0 1 1 1 0 0 0 1 0 0 1 0 0 0 0 1 0 1 1 0 0 0 0 0 1 1 0 0 1
1 0 10 0 1 0 10 1 1 1 1 10 0 0 1 1 1 1 1 0 1 1 0 1 0 1 1 1 0 0 0 1 0 0 0 1 0 1 0 0 0 0 1 1 0 1 0 1 1 1 0 1 0 1 1 1
1 0 1 0 1 0 10 0 1 1 0 10 1 1 0 10 10 0 1 1 0 10 1 0 10 1 1 0 10 1 1 1 0 1 1 1 0 1 1 1 1 1 0 0 1 10 0 1 0 0 1 10 1 1 1 1
1 0 1 0 0 0 1 1 0 1 1 1 0 0 1 1 0 1 0 0 1 0 0 1 0 1 0 1 0 0 0 0 0 0 0 1 0 1 0 0 0 1 0 0 0 1 0 0 1 1 0 0 0 0 0 1
1 0 0 0 0 0 1 0 0 0 0 1 1 0 0 1 1 0 0 1 0 0 0 0 1 0 0 0 1 1 1 0 0 0 1 0 0 1 0 0 1 0 1 0 0 1 0 0 0 0 0 1 1 0 0 1
10 0 1 0 0 0 10 1 0 10 1 10 1 1 1 100 1 1 0 1 1 1 1 1 10 10 0 1 10 1 1 0 0 1 1 10 0 10 1 1 1 1 10 1 1 0 0 0 1 1 1 1 1 0 0 10
0 1 0 1 0 1 0 0 0 0 0 0 0 0 0 0 0 0 0 0 1 0 1 0 0 0 0 1 0 0 1 0 1 1 0 0 1 0 1 0 0 0 0 0 0 0 0 0 0 0 0 0 0 0 0 0
0 0 1 0 1 0 1 0 1 0 0 1 0 0 0 0 1 0 1 0 0 1 0 0 0 0 1 0 0 0 0 1 0 0 0 0 0 0 0 0 0 1 1 0 0 0 0 0 0 0 0 1 0 1 1 0
1 0 1 0 0 0 1 1 0 1 1 1 0 0 1 1 0 1 0 0 1 0 0 1 0 1 0 1 0 0 0 0 0 0 0 1 0 1 0 0 0 1 0 1 0 1 0 0 0 1 0 0 0 0 0 1
1 0 1 0 0 0 1 1 0 1 1 1 0 0 1 1 0 1 0 0 1 0 0 1 0 1 0 1 0 0 0 0 0 0 0 1 0 1 0 0 0 1 0 1 0 1 0 0 1 0 0 0 0 0 0 1
0 0 0 0 0 0 0 0 0 1 0 0 0 1 0 1 0 0 0 0 0 1 1 0 1 1 0 0 1 0 0 0 0 1 0 1 0 0 1 1 0 0 1 0 0 1 0 0 0 0 0 0 0 0 0 0
1 0 1 0 1 0 10 0 1 0 0 10 1 0 0 1 10 0 1 1 0 1 0 0 1 0 1 0 1 1 1 1 0 0 1 0 0 1 0 0 1 1 10 0 1 1 0 1 0 0 0 0 1 1 1 1
1 0 0 0 0 0 1 0 0 0 0 1 1 0 0 1 1 0 0 1 0 0 0 0 1 0 0 0 1 1 1 0 0 0 1 0 0 1 0 0 1 0 1 0 1 1 0 0 0 0 0 1 0 0 0 1
0 0 1 0 1 0 1 0 1 0 0 1 0 0 0 0 1 0 1 0 0 1 0 0 0 0 1 0 0 0 0 1 0 0 0 0 0 0 0 0 0 1 1 0 0 0 0 1 0 0 0 1 0 0 1 0
0 0 1 0 1 0 1 0 1 0 0 1 0 0 0 0 1 0 1 0 0 1 0 0 0 0 1 0 0 0 0 1 0 0 0 0 0 0 0 0 0 1 1 0 0 0 0 1 0 0 0 1 0 1 0 0
10 0 1 0 0 0 10 1 0 1 1 10 1 0 1 10 1 1 0 1 1 0 0 1 1 1 0 1 1 1 1 0 0 0 1 1 0 10 0 0 1 1 1 1 1 10 0 0 1 1 0 1 1 0 0 0
2
4 9 3
5 4 3
3
2 4 
1 4
1 4
2 5
2 5
2 4 
1 4
1 4
2 5
2 5
2 5 
1 4
1 4
1 4
2 4
2 4
56 5
2 1 4
1 0
2 3 4
1 0
1 3
1 0
3 1 3 4
1 4
1 3
2 2 4
1 4
3 1 3 4
1 1
1 2
1 4
3 1 2 4
2 1 3
1 4
1 3
1 1
2 0 4
2 2 3
2 0 2
1 4
2 1 2
2 2 4
1 3
2 0 4
2 1 2
1 1
2 0 1
1 3
1 0
2 0 2
1 1
2 2 4
1 0
2 1 4
2 0 2
1 2
1 1
2 3 4
3 1 2 3
1 4
1 1
3 1 2 4
1 0
1 3
1 4
1 4
1 2
2 1 3
1 1
1 3
1 3
2 1 4
56 51
1 0
1 1
1 2
1 3
1 4
1 5
1 6
1 7
1 8
1 9
1 10
1 11
1 12
1 13
1 14
1 15
1 16
1 17
1 18
1 19
1 20
1 21
1 22
1 23
1 24
1 25
1 26
1 27
1 28
1 23
1 29
1 12
1 30
1 31
1 24
1 32
1 12
1 33
1 34
1 35
1 36
1 23
1 37
1 38
1 39
1 40
1 41
1 42
1 43
1 44
1 45
1 46
1 47
1 48
1 49
1 50
