26
0 1 1 0 1 1 0 1 0 0 1 10 1 1 1 0 0 1 0 10 1 10 0 0 10 0
1 0 1 1 1 0 1 10 1 1 1 1 1 0 1 0 0 1 10 1 0 0 1 0 0 1
1 1 0 0 0 1 0 1 10 1 0 0 10 0 0 1 0 0 0 10 1 0 0 1 0 0
0 1 0 0 10 1 10 1 0 1 1 1 1 0 10 1 1 10 10 0 1 0 10 0 0 1
1 1 0 10 0 0 10 1 0 1 0 10 0 0 10 0 0 1 10 1 1 1 10 0 1 0
1 0 1 1 0 0 0 0 1 1 10 1 10 1 1 1 1 10 0 1 10 1 0 1 1 1
0 1 0 10 10 0 0 1 0 1 0 1 0 0 1 0 0 1 10 0 1 0 10 0 0 0
1 10 1 1 1 0 1 0 1 0 1 0 1 0 0 0 0 0 10 1 1 0 1 0 0 1
0 1 10 0 0 1 0 1 0 1 1 0 1 0 0 1 0 0 1 1 1 0 0 1 0 1
0 1 1 1 1 1 1 0 1 0 0 1 1 0 1 0 0 1 1 1 1 0 1 1 0 0
1 1 0 1 0 10 0 1 1 0 0 1 1 1 1 1 1 10 1 0 1 1 0 0 1 10
10 1 0 1 10 1 1 0 0 1 1 0 0 1 10 0 0 10 1 1 1 10 1 0 10 0
1 1 10 1 0 10 0 1 1 1 1 0 0 0 1 1 1 1 0 10 1 0 0 1 0 1
1 0 0 0 0 1 0 0 0 0 1 1 0 0 0 0 0 1 0 0 1 1 0 0 1 0
1 1 0 10 10 1 1 0 0 1 1 10 1 0 0 1 1 10 1 1 0 1 1 0 1 1
0 0 1 1 0 1 0 0 1 0 1 0 1 0 1 0 1 1 0 0 0 0 0 0 0 1
0 0 0 1 0 1 0 0 0 0 1 0 1 0 1 1 0 1 0 0 0 0 0 0 0 1
1 1 0 10 1 10 1 0 0 1 10 10 1 1 10 1 1 0 1 0 1 1 1 0 1 1
0 10 0 10 10 0 10 10 1 1 1 1 0 0 1 0 0 1 0 0 1 0 10 0 0 1
10 1 10 0 1 1 0 1 1 1 0 1 10 0 1 0 0 0 0 0 1 1 0 1 1 0
1 0 1 1 1 10 1 1 1 1 1 1 1 1 0 0 0 1 1 1 0 1 1 1 1 0
10 0 0 0 1 1 0 0 0 0 1 10 0 1 1 0 0 1 0 1 1 0 0 0 10 0
0 1 0 10 10 0 10 1 0 1 0 1 0 0 1 0 0 1 10 0 1 0 0 0 0 0
0 0 1 0 0 1 0 0 1 1 0 0 1 0 0 0 0 0 0 1 1 0 0 0 0 0
10 0 0 0 1 1 0 0 0 0 1 10 0 1 1 0 0 1 0 1 1 10 0 0 0 0
0 1 0 1 0 1 0 1 1 0 10 0 1 0 1 1 1 1 1 0 0 0 0 0 0 0
2
4 5 3
6 1 3
2
4 4 
1 4
2 4
3 6
4 4
1 2 
1 4
1 4
26 9
3 0 7 8
3 2 5 7
3 1 4 7
3 3 5 6
3 5 6 8
3 0 3 4
2 5 6
3 2 6 7
3 1 2 4
2 4 5
3 0 2 3
3 0 5 8
3 3 4 7
1 0
3 3 5 8
2 1 3
1 3
3 0 3 5
3 2 5 6
3 4 7 8
3 0 4 6
2 0 8
2 5 6
1 4
2 0 8
2 2 3
26 91
2 12 51
5 13 39 40 48 53
4 0 62 66 8
5 35 41 44 5 54
4 14 31 53 56
5 21 26 38 66 67
4 32 4 63 7
4 30 54 62 65
3 25 46 64
5 29 37 47 6 64
2 55 63
2 22 56
6 19 24 27 36 58 66
3 52 60 62
8 1 33 42 43 49 58 61 9
4 11 2 28 67
8 16 3 50 55 59 60 61 64
4 10 57 59 65
2 18 20
8 15 17 23 34 45 63 65 67
4 57 61 66 67
6 68 69 70 71 72 73
2 74 75
8 76 77 78 79 80 81 82 83
2 84 85
5 86 87 88 89 90
