52
0 0 0 0 0 0 0 0 0 0 10 0 1 0 1 0 0 0 0 10 0 0 1 0 1 0 1 1 0 1 1 0 1 0 10 1 0 0 10 0 1 0 1 1 1 0 0 1 10 0 0 0
0 0 0 0 1 0 0 1 0 0 0 0 0 10 0 0 0 1 0 0 1 1 0 1 0 1 0 1 0 0 0 1 0 0 0 1 1 0 0 1 0 0 0 0 1 1 0 0 1 1 0 0
0 0 0 1 10 0 0 0 0 1 1 0 0 0 0 0 1 0 0 0 1 0 0 0 10 0 0 0 1 0 0 0 0 0 0 0 0 0 0 1 1 1 0 1 0 1 0 1 0 1 1 0
0 0 1 0 1 1 0 0 0 0 0 1 0 1 0 1 1 0 0 0 1 0 0 0 1 0 0 0 0 0 1 0 0 0 0 0 0 10 0 0 1 1 1 1 0 0 1 1 0 1 0 1
0 1 10 1 0 0 0 0 0 1 1 0 0 1 0 0 1 0 0 0 1 0 0 0 10 1 0 0 1 0 0 0 0 0 0 0 0 0 0 1 1 1 0 1 0 10 0 1 0 1 1 0
0 0 0 1 0 0 1 1 1 0 0 1 0 1 0 1 0 0 0 0 0 0 0 0 0 0 1 0 0 0 0 0 0 0 0 0 0 10 0 0 0 0 1 0 0 0 0 0 0 0 0 0
0 0 0 0 0 1 0 0 10 0 0 0 1 0 0 1 1 0 0 0 0 0 0 0 0 0 10 0 1 0 1 1 0 0 0 0 1 1 0 0 0 0 0 0 0 0 0 0 0 0 0 0
0 1 0 0 0 1 0 0 0 0 0 1 0 1 0 0 0 1 0 0 1 10 0 10 0 0 0 0 0 1 0 0 0 0 0 1 1 0 0 1 0 0 1 0 1 0 0 0 0 1 0 0
0 0 0 0 0 1 10 0 0 1 0 0 1 0 0 1 1 0 1 1 0 1 0 0 0 0 1 0 1 0 1 1 1 1 0 0 0 1 0 0 0 0 0 0 0 0 0 1 0 0 0 0
0 0 1 0 1 0 0 0 1 0 1 1 0 0 0 0 1 0 1 1 0 1 0 0 1 0 0 0 1 1 0 0 1 1 1 0 0 0 0 1 1 1 0 0 1 10 1 1 0 0 1 1
10 0 1 0 1 0 0 0 0 1 0 0 1 0 1 0 0 0 0 1 0 0 1 0 1 0 1 1 1 1 0 0 1 0 10 0 0 0 1 1 1 0 0 1 1 1 0 0 1 0 1 0
0 0 0 1 0 1 0 1 0 1 0 0 0 0 0 1 1 0 0 0 0 0 0 0 0 0 0 0 0 1 1 0 0 0 1 0 0 1 0 0 1 1 10 0 1 1 10 0 0 0 0 10
1 0 0 0 0 0 1 0 1 0 1 0 0 0 0 0 1 0 0 0 0 0 0 0 0 0 0 0 1 1 1 1 1 0 1 0 0 0 1 0 1 0 0 1 1 0 0 0 0 0 0 0
0 10 0 1 1 1 0 1 0 0 0 0 0 0 0 0 0 1 0 0 1 1 0 1 0 1 0 0 0 0 0 0 0 0 0 1 1 1 0 1 0 0 0 0 1 1 0 0 0 1 0 0
1 0 0 0 0 0 0 0 0 0 1 0 0 0 0 0 0 0 0 1 0 0 1 0 0 0 1 1 0 0 0 0 0 0 1 0 0 0 0 0 0 0 0 0 0 0 0 0 1 0 0 0
0 0 0 1 0 1 1 0 1 0 0 1 0 0 0 0 0 0 1 0 1 0 0 0 0 0 1 0 0 0 1 0 0 0 0 1 0 10 0 0 0 0 1 1 0 0 1 0 0 0 0 1
0 0 1 1 1 0 1 0 1 1 0 1 1 0 0 0 0 0 0 0 1 0 0 0 1 0 0 0 1 1 1 1 0 0 1 0 0 0 0 0 10 10 0 1 1 1 1 1 0 1 0 1
0 1 0 0 0 0 0 1 0 0 0 0 0 1 0 0 0 0 0 0 1 1 0 1 0 0 0 0 0 0 0 0 0 0 0 1 1 0 0 1 0 0 0 0 1 0 0 0 0 1 0 0
0 0 0 0 0 0 0 0 1 1 0 0 0 0 0 1 0 0 0 1 1 1 0 0 0 0 0 0 0 0 0 0 1 1 0 1 0 0 0 0 0 0 0 1 0 0 0 1 0 0 0 0
10 0 0 0 0 0 0 0 1 1 1 0 0 0 1 0 0 0 1 0 0 1 1 0 1 0 1 1 0 0 1 0 1 1 1 1 0 0 1 0 0 0 1 0 0 0 0 10 10 0 0 0
0 1 1 1 1 0 0 1 0 0 0 0 0 1 0 1 1 1 1 0 0 1 0 1 1 0 0 0 0 0 0 0 0 0 0 10 1 0 0 1 1 1 0 10 1 0 0 1 0 10 0 0
0 1 0 0 0 0 0 10 1 1 0 0 0 1 0 0 0 1 1 1 1 0 0 10 0 0 0 0 0 1 0 0 1 1 0 1 1 0 0 1 0 0 0 0 1 0 0 1 0 1 0 0
1 0 0 0 0 0 0 0 0 0 1 0 0 0 1 0 0 0 0 1 0 0 0 0 0 0 1 1 0 0 0 0 0 0 1 0 0 0 0 0 0 0 0 0 0 0 0 0 1 0 0 0
0 1 0 0 0 0 0 10 0 0 0 0 0 1 0 0 0 1 0 0 1 10 0 0 0 0 0 0 0 1 0 0 0 0 0 1 1 0 0 1 0 0 0 0 1 0 0 0 0 1 0 0
1 0 10 1 10 0 0 0 0 1 1 0 0 0 0 0 1 0 0 1 1 0 0 0 0 0 0 0 1 0 1 0 0 0 0 1 0 0 1 1 1 1 1 1 0 1 0 10 1 1 1 0
0 1 0 0 1 0 0 0 0 0 0 0 0 1 0 0 0 0 0 0 0 0 0 0 0 0 0 0 0 0 0 0 0 0 0 0 0 0 0 0 0 0 0 0 0 1 0 0 0 0 0 0
1 0 0 0 0 1 10 0 1 0 1 0 0 0 1 1 0 0 0 1 0 0 1 0 0 0 0 1 0 0 0 0 0 0 1 0 1 1 0 0 0 0 0 0 0 0 0 0 1 0 0 0
1 1 0 0 0 0 0 0 0 0 1 0 0 0 1 0 0 0 0 1 0 0 1 0 0 0 1 0 0 0 0 10 1 0 1 0 0 0 0 1 0 0 0 0 0 0 0 0 10 0 0 0
0 0 1 0 1 0 1 0 1 1 1 0 1 0 0 0 1 0 0 0 0 0 0 0 1 0 0 0 0 0 1 1 0 0 0 0 0 0 0 1 0 0 0 0 0 1 0 0 0 0 1 0
1 0 0 0 0 0 0 1 0 1 1 1 1 0 0 0 1 0 0 0 0 1 0 1 0 0 0 0 0 0 0 0 1 0 10 0 0 0 1 0 10 1 0 1 10 1 1 0 0 0 0 1
1 0 0 1 0 0 1 0 1 0 0 1 1 0 0 1 1 0 0 1 0 0 0 0 1 0 0 0 1 0 0 1 0 0 0 1 0 1 1 0 0 0 10 0 0 0 1 1 1 0 0 1
0 1 0 0 0 0 1 0 1 0 0 0 1 0 0 0 1 0 0 0 0 0 0 0 0 0 0 10 1 0 1 0 1 0 0 0 0 0 0 1 0 0 0 0 0 0 0 0 1 0 0 0
1 0 0 0 0 0 0 0 1 1 1 0 1 0 0 0 0 0 1 1 0 1 0 0 0 0 0 1 0 1 0 1 0 1 1 0 0 0 1 1 1 0 0 1 1 0 0 1 0 0 0 0
0 0 0 0 0 0 0 0 1 1 0 0 0 0 0 0 0 0 1 1 0 1 0 0 0 0 0 0 0 0 0 0 1 0 0 0 0 0 0 0 0 0 0 0 0 0 0 1 0 0 0 0
10 0 0 0 0 0 0 0 0 1 10 1 1 0 1 0 1 0 0 1 0 0 1 0 0 0 1 1 0 10 0 0 1 0 0 0 0 0 1 0 10 1 0 1 10 1 1 0 1 0 0 1
1 1 0 0 0 0 0 1 0 0 0 0 0 1 0 1 0 1 1 1 10 1 0 1 1 0 0 0 0 0 1 0 0 0 0 0 1 0 1 1 0 0 1 1 1 0 0 1 1 1 0 0
0 1 0 0 0 0 1 1 0 0 0 0 0 1 0 0 0 1 0 0 1 1 0 1 0 0 1 0 0 0 0 0 0 0 0 1 0 0 0 1 0 0 0 0 1 0 0 0 0 1 0 0
0 0 0 10 0 10 1 0 1 0 0 1 0 1 0 10 0 0 0 0 0 0 0 0 0 0 1 0 0 0 1 0 0 0 0 0 0 0 0 0 0 0 1 0 0 0 1 0 0 0 0 1
10 0 0 0 0 0 0 0 0 0 1 0 1 0 0 0 0 0 0 1 0 0 0 0 1 0 0 0 0 1 1 0 1 0 1 1 0 0 0 0 1 0 1 1 1 0 0 1 1 0 0 0
0 1 1 0 1 0 0 1 0 1 1 0 0 1 0 0 0 1 0 0 1 1 0 1 1 0 0 1 1 0 0 1 1 0 0 1 1 0 0 0 0 0 0 0 1 1 0 0 0 1 1 0
1 0 1 1 1 0 0 0 0 1 1 1 1 0 0 0 10 0 0 0 1 0 0 0 1 0 0 0 0 10 0 0 1 0 10 0 0 0 1 0 0 10 0 10 10 1 1 1 0 1 0 1
0 0 1 1 1 0 0 0 0 1 0 1 0 0 0 0 10 0 0 0 1 0 0 0 1 0 0 0 0 1 0 0 0 0 1 0 0 0 0 0 10 0 0 1 1 1 1 1 0 1 0 1
1 0 0 1 0 1 0 1 0 0 0 10 0 0 0 1 0 0 0 1 0 0 0 0 1 0 0 0 0 0 10 0 0 0 0 1 0 1 1 0 0 0 0 0 0 0 1 1 1 0 0 1
1 0 1 1 1 0 0 0 0 0 1 0 1 0 0 1 1 0 1 0 10 0 0 0 1 0 0 0 0 1 0 0 1 0 1 1 0 0 1 0 10 1 0 0 1 0 0 1 0 1 0 0
1 1 0 0 0 0 0 1 0 1 1 1 1 1 0 0 1 1 0 0 1 1 0 1 0 0 0 0 0 10 0 0 1 0 10 1 1 0 1 1 10 1 0 1 0 1 1 0 0 1 0 1
0 1 1 0 10 0 0 0 0 10 1 1 0 1 0 0 1 0 0 0 0 0 0 0 1 1 0 0 1 1 0 0 0 0 1 0 0 0 0 1 1 1 0 0 1 0 1 0 0 0 1 1
0 0 0 1 0 0 0 0 0 1 0 10 0 0 0 1 1 0 0 0 0 0 0 0 0 0 0 0 0 1 1 0 0 0 1 0 0 1 0 0 1 1 1 0 1 1 0 0 0 0 0 10
1 0 1 1 1 0 0 0 1 1 0 0 0 0 0 0 1 0 1 10 1 1 0 0 10 0 0 0 0 0 1 0 1 1 0 1 0 0 1 0 1 1 1 1 0 0 0 0 1 1 0 0
10 1 0 0 0 0 0 0 0 0 1 0 0 0 1 0 0 0 0 10 0 0 1 0 1 0 1 10 0 0 1 1 0 0 1 1 0 0 1 0 0 0 1 0 0 0 0 1 0 0 0 0
0 1 1 1 1 0 0 1 0 0 0 0 0 1 0 0 1 1 0 0 10 1 0 1 1 0 0 0 0 0 0 0 0 0 0 1 1 0 0 1 1 1 0 1 1 0 0 1 0 0 0 0
0 0 1 0 1 0 0 0 0 1 1 0 0 0 0 0 0 0 0 0 0 0 0 0 1 0 0 0 1 0 0 0 0 0 0 0 0 0 0 1 0 0 0 0 0 1 0 0 0 0 0 0
0 0 0 1 0 0 0 0 0 1 0 10 0 0 0 1 1 0 0 0 0 0 0 0 0 0 0 0 0 1 1 0 0 0 1 0 0 1 0 0 1 1 1 0 1 1 10 0 0 0 0 0
2
4 7 3
6 4 3
3
4 4 
1 4
2 4
3 6
4 4
2 4 
1 4
1 4
2 6
2 6
2 3 
1 4
1 4
2 6
52 19
3 1 13 9
3 12 16 5
2 18 7
3 0 14 18
3 18 5 7
3 0 2 6
3 10 2 8
3 11 16 6
3 17 2 8
3 15 17 7
3 13 7 9
3 14 15 6
2 13 8
3 0 16 5
1 9
3 14 2 3
3 15 18 8
1 16
2 17 3
3 1 17 9
3 16 18 3
3 11 16 17
1 9
2 11 16
3 1 18 7
1 5
3 10 2 9
3 12 4 9
2 7 8
3 11 13 15
3 1 14 8
3 12 4 8
3 13 17 4
1 17
3 13 15 9
3 1 16 3
2 10 16
3 0 14 2
2 1 13
3 16 4 7
3 13 15 18
2 15 18
3 1 14 6
3 13 18 3
3 13 15 16
3 15 5 7
2 14 15
3 1 17 18
3 1 12 9
2 16 18
1 7
2 14 15
52 161
7 129 132 24 3 45 5 66
3 50 65 92
7 102 108 111 19 72 78 91
5 109 112 34 70 79
4 128 135 55 86
5 134 15 49 63 75
4 101 11 14 8
4 120 129 67 82
4 124 129 137 21
4 122 2 47 71
4 130 133 51 7
4 124 37 40 93
2 107 16
5 100 132 35 64 9
3 17 29 94
4 106 113 116 4
4 128 36 54 80
4 127 77 87 90
7 119 123 22 28 32 39 43
5 105 125 137 6 73
4 132 68 83 99
2 84 98
2 119 81
2 133 48
5 0 113 122 26 61
3 114 130 136
4 124 128 134 135
3 10 126 46
5 18 33 42 62 89
7 1 104 112 133 52 69 76
2 121 136
3 106 123 25
4 131 135 31 59
5 108 125 133 58 60
4 107 110 126 135
2 116 97
4 12 131 137 74
5 117 127 137 56 96
2 120 134
8 111 121 125 126 127 136 53 88
2 115 30
4 114 130 131 95
6 110 115 123 13 136 44
3 117 118 57
4 103 20 23 27
5 134 137 38 41 85
3 109 118 138
7 139 140 141 142 143 144 145
5 146 147 148 149 150
4 151 152 153 154
2 155 156
4 157 158 159 160
