52
0 1 1 0 1 0 0 0 0 1 1 0 1 0 0 0 0 0 0 0 0 1 1 0 0 0 0 0 0 0 0 0 0 0 0 0 0 0 1 0 1 0 0 0 0 0 0 1 0 10 0 0
1 0 0 0 1 1 0 0 0 1 1 0 1 0 0 0 0 0 0 10 0 0 0 0 1 0 1 0 0 0 0 0 0 0 1 0 0 0 1 1 0 0 1 0 1 0 0 1 0 1 0 1
1 0 0 0 0 0 0 1 0 0 1 0 1 1 0 0 0 1 0 0 0 1 1 1 0 0 0 1 0 0 0 1 0 0 1 0 0 0 1 0 10 0 0 0 0 0 0 0 0 1 0 0
0 0 0 0 0 0 0 1 0 0 0 0 0 0 0 0 0 0 1 0 0 0 0 0 0 0 0 0 0 0 1 1 0 1 0 0 0 0 0 0 0 0 1 0 1 0 0 0 0 0 0 0
1 1 0 0 0 0 0 0 0 10 0 0 0 0 0 0 0 1 0 0 0 0 1 0 0 0 1 0 0 0 0 1 0 0 0 0 0 0 0 0 0 1 0 0 0 0 0 10 1 1 0 0
0 1 0 0 0 0 0 0 0 0 0 0 1 0 0 0 0 0 0 1 0 0 0 0 0 0 1 0 0 0 0 0 0 0 1 0 0 0 0 1 0 0 0 1 0 0 0 0 0 1 0 0
0 0 0 0 0 0 0 0 0 0 0 0 0 0 1 1 0 0 0 0 1 0 0 1 0 1 0 1 1 10 0 0 1 0 0 1 0 0 0 1 0 0 0 0 0 1 0 0 0 0 0 0
0 0 1 1 0 0 0 0 0 0 0 0 0 1 0 0 0 1 0 0 0 0 0 1 0 0 0 1 0 0 1 1 0 1 1 0 0 0 0 0 1 0 0 0 0 0 0 0 0 0 0 0
0 0 0 0 0 0 0 0 0 0 0 0 0 0 1 0 0 0 1 0 0 0 0 0 0 0 0 0 0 0 0 0 0 0 0 0 1 0 0 0 0 1 0 0 0 0 1 1 0 0 1 1
1 1 0 0 10 0 0 0 0 0 0 0 0 0 0 0 0 0 0 0 0 0 0 0 0 0 0 0 0 0 0 1 0 0 0 0 0 0 0 0 0 0 0 0 0 0 0 10 1 1 0 0
1 1 1 0 0 0 0 0 0 0 0 0 1 0 0 0 0 0 1 1 1 1 1 0 1 0 0 0 1 0 0 0 0 0 1 0 0 1 10 0 10 0 1 0 10 0 0 0 0 1 0 1
0 0 0 0 0 0 0 0 0 0 0 0 0 0 0 0 0 1 0 1 1 0 1 0 0 0 0 0 0 0 0 0 0 1 0 0 0 0 0 0 0 0 0 1 0 0 0 0 1 0 0 1
1 1 1 0 0 1 0 0 0 0 1 0 0 0 0 0 1 0 0 1 0 1 1 1 0 0 1 0 0 1 0 0 0 0 1 0 0 0 1 1 1 0 0 0 0 0 0 0 1 1 1 0
0 0 1 0 0 0 0 1 0 0 0 0 0 0 0 0 0 1 0 0 0 1 0 1 0 0 0 1 0 0 0 1 1 0 1 0 1 1 0 1 1 0 0 0 0 0 0 0 0 0 0 0
0 0 0 0 0 0 1 0 1 0 0 0 0 0 0 1 0 0 1 0 1 0 0 1 0 1 0 1 0 1 0 0 1 0 0 1 1 0 0 1 0 1 0 0 0 1 1 1 0 0 1 1
0 0 0 0 0 0 1 0 0 0 0 0 0 0 1 0 0 0 0 0 1 0 0 1 0 1 0 1 0 1 0 0 1 0 0 1 0 0 0 1 0 0 0 0 0 1 0 0 0 0 0 0
0 0 0 0 0 0 0 0 0 0 0 0 1 0 0 0 0 0 0 0 0 0 0 1 0 0 0 0 0 1 0 0 0 0 0 0 0 0 0 0 0 0 0 0 0 0 0 0 1 0 1 0
0 0 1 0 1 0 0 1 0 0 0 1 0 1 0 0 0 0 0 1 1 0 10 1 0 0 1 1 0 0 0 1 0 1 1 0 0 0 0 0 1 1 0 1 0 0 0 0 1 0 0 1
0 0 0 1 0 0 0 0 1 0 1 0 0 0 1 0 0 0 0 0 1 0 0 0 0 0 0 0 1 0 0 1 0 0 1 0 1 1 0 0 1 1 1 0 10 0 1 1 0 0 1 1
0 10 0 0 0 1 0 0 0 0 1 1 1 0 0 0 0 1 0 0 1 0 1 0 1 0 1 0 0 0 0 0 0 1 1 0 0 0 1 1 0 0 1 1 1 0 0 0 1 0 0 10
0 0 0 0 0 0 1 0 0 0 1 1 0 0 1 1 0 1 1 1 0 0 1 1 0 1 0 1 1 1 0 0 1 1 1 1 0 1 0 1 1 0 0 1 1 1 0 0 1 0 0 1
1 0 1 0 0 0 0 0 0 0 1 0 1 1 0 0 0 0 0 0 0 0 1 0 0 0 0 0 0 0 0 0 1 0 0 0 1 1 1 1 1 0 0 0 0 0 0 0 0 1 0 0
1 0 1 0 1 0 0 0 0 0 1 1 1 0 0 0 0 10 0 1 1 1 0 0 0 0 1 0 0 0 0 0 0 1 0 0 0 0 1 0 1 1 0 1 0 0 0 0 1 1 0 1
0 0 1 0 0 0 1 1 0 0 0 0 1 1 1 1 1 1 0 0 1 0 0 0 0 1 0 10 0 10 0 1 1 0 1 1 0 0 0 1 1 0 0 0 0 1 0 0 1 0 1 0
0 1 0 0 0 0 0 0 0 0 1 0 0 0 0 0 0 0 0 1 0 0 0 0 0 0 0 0 0 0 0 0 0 0 0 0 0 0 1 0 0 0 1 0 1 0 0 0 0 0 0 1
0 0 0 0 0 0 1 0 0 0 0 0 0 0 1 1 0 0 0 0 1 0 0 1 0 0 0 1 1 1 0 0 10 0 0 10 1 1 0 1 0 0 0 0 0 1 0 0 0 0 1 0
0 1 0 0 1 1 0 0 0 0 0 0 1 0 0 0 0 1 0 1 0 0 1 0 0 0 0 0 0 0 0 0 0 0 1 0 0 0 0 1 0 1 0 0 0 0 0 0 0 0 0 0
0 0 1 0 0 0 1 1 0 0 0 0 0 1 1 1 0 1 0 0 1 0 0 10 0 1 0 0 0 1 0 1 1 0 1 1 0 0 0 1 1 0 0 0 0 1 0 0 0 0 0 0
0 0 0 0 0 0 1 0 0 0 1 0 0 0 0 0 0 0 1 0 1 0 0 0 0 1 0 0 0 1 0 0 1 0 1 1 1 10 0 0 1 0 0 0 1 0 0 0 0 0 1 0
0 0 0 0 0 0 10 0 0 0 0 0 1 0 1 1 1 0 0 0 1 0 0 10 0 1 0 1 1 0 0 0 1 0 0 1 0 0 0 1 0 0 0 0 0 1 0 0 1 0 1 0
0 0 0 1 0 0 0 1 0 0 0 0 0 0 0 0 0 0 0 0 0 0 0 0 0 0 0 0 0 0 0 0 0 1 0 0 0 0 0 0 0 0 0 0 0 0 0 0 0 0 0 0
0 0 1 1 1 0 0 1 0 1 0 0 0 1 0 0 0 1 1 0 0 0 0 1 0 0 0 1 0 0 0 0 0 0 1 0 0 0 0 0 1 0 1 0 1 0 0 1 1 0 0 0
0 0 0 0 0 0 1 0 0 0 0 0 0 1 1 1 0 0 0 0 1 1 0 1 0 10 0 1 1 1 0 0 0 0 0 10 10 10 0 10 0 0 0 0 0 1 0 0 0 0 1 0
0 0 0 1 0 0 0 1 0 0 0 1 0 0 0 0 0 1 0 1 1 0 1 0 0 0 0 0 0 0 1 0 0 0 0 0 0 0 0 0 0 0 0 1 0 0 0 0 1 0 0 1
0 1 1 0 0 1 0 1 0 0 1 0 1 1 0 0 0 1 1 1 1 0 0 1 0 0 1 1 1 0 0 1 0 0 0 0 0 1 0 1 10 0 0 0 1 0 0 0 0 0 0 0
0 0 0 0 0 0 1 0 0 0 0 0 0 0 1 1 0 0 0 0 1 0 0 1 0 10 0 1 1 1 0 0 10 0 0 0 1 1 0 1 0 0 0 0 0 1 0 0 0 0 1 0
0 0 0 0 0 0 0 0 1 0 0 0 0 1 1 0 0 0 1 0 0 1 0 0 0 1 0 0 1 0 0 0 10 0 0 1 0 10 0 1 0 1 0 0 0 0 1 1 0 0 10 1
0 0 0 0 0 0 0 0 0 0 1 0 0 1 0 0 0 0 1 0 1 1 0 0 0 1 0 0 10 0 0 0 10 0 1 1 10 0 0 1 1 0 0 0 1 0 0 0 0 0 1 0
1 1 1 0 0 0 0 0 0 0 10 0 1 0 0 0 0 0 0 1 0 1 1 0 1 0 0 0 0 0 0 0 0 0 0 0 0 0 0 0 1 0 1 0 1 0 0 0 0 1 0 1
0 1 0 0 0 1 1 0 0 0 0 0 1 1 1 1 0 0 0 1 1 1 0 1 0 1 1 1 0 1 0 0 10 0 1 1 1 1 0 0 0 0 0 0 0 1 0 0 0 0 0 0
1 0 10 0 0 0 0 1 0 0 10 0 1 1 0 0 0 1 1 0 1 1 1 1 0 0 0 1 1 0 0 1 0 0 10 0 0 1 1 0 0 0 0 0 1 0 0 0 0 1 0 0
0 0 0 0 1 0 0 0 1 0 0 0 0 0 1 0 0 1 1 0 0 0 1 0 0 0 1 0 0 0 0 0 0 0 0 0 1 0 0 0 0 0 0 0 0 0 1 1 0 0 1 1
0 1 0 1 0 0 0 0 0 0 1 0 0 0 0 0 0 0 1 1 0 0 0 0 1 0 0 0 0 0 0 1 0 0 0 0 0 0 1 0 0 0 0 0 10 0 0 0 0 0 0 1
0 0 0 0 0 1 0 0 0 0 0 1 0 0 0 0 0 1 0 1 1 0 1 0 0 0 0 0 0 0 0 0 0 1 0 0 0 0 0 0 0 0 0 0 0 0 0 0 1 1 0 1
0 1 0 1 0 0 0 0 0 0 10 0 0 0 0 0 0 0 10 1 1 0 0 0 1 0 0 0 1 0 0 1 0 0 1 0 0 1 1 0 1 0 10 0 0 0 0 0 0 0 0 1
0 0 0 0 0 0 1 0 0 0 0 0 0 0 1 1 0 0 0 0 1 0 0 1 0 1 0 1 0 1 0 0 1 0 0 1 0 0 0 1 0 0 0 0 0 0 0 0 0 0 0 0
0 0 0 0 0 0 0 0 1 0 0 0 0 0 1 0 0 0 1 0 0 0 0 0 0 0 0 0 0 0 0 0 0 0 0 0 1 0 0 0 0 1 0 0 0 0 0 1 0 0 1 1
1 1 0 0 10 0 0 0 1 10 0 0 0 0 1 0 0 0 1 0 0 0 0 0 0 0 0 0 0 0 0 1 0 0 0 0 1 0 0 0 0 1 0 0 0 0 1 0 1 1 1 1
0 0 0 0 1 0 0 0 0 1 0 1 1 0 0 0 1 1 0 1 1 0 1 1 0 0 0 0 0 1 0 1 0 1 0 0 0 0 0 0 0 0 0 1 0 0 0 1 0 0 1 1
10 1 1 0 1 1 0 0 0 1 1 0 1 0 0 0 0 0 0 0 0 1 1 0 0 0 0 0 0 0 0 0 0 0 0 0 0 0 1 0 1 0 0 1 0 0 0 1 0 0 0 0
0 0 0 0 0 0 0 0 1 0 0 0 1 0 1 0 1 0 1 0 0 0 0 1 0 1 0 0 1 1 0 0 1 0 0 1 10 1 0 0 0 1 0 0 0 0 1 1 1 0 0 1
0 1 0 0 0 0 0 0 1 0 1 1 0 0 1 0 0 1 1 10 1 0 1 0 1 0 0 0 0 0 0 0 0 1 0 0 1 0 1 0 0 1 1 1 1 0 1 1 1 0 1 0
2
4 7 3
6 4 3
3
4 4 
1 4
2 4
3 6
4 4
2 4 
1 4
1 4
2 6
2 6
2 3 
1 4
1 4
2 6
52 19
2 11 2
3 11 14 9
2 2 6
2 17 5
3 11 18 8
2 1 14
2 15 16
2 5 6
1 13
2 11 18
3 12 2 9
1 4
3 14 2 3
2 10 6
2 13 15
1 15
1 3
3 4 6 8
3 12 13 17
3 14 4 9
3 12 15 4
2 10 2
3 2 4 8
3 15 3 6
1 9
2 15 7
3 0 14 8
2 15 6
3 12 16 7
3 15 16 3
1 5
3 17 18 6
3 10 15 7
2 4 5
3 12 14 6
2 15 7
3 10 13 7
3 10 12 7
2 2 9
3 10 14 15
3 12 2 6
2 13 8
2 17 9
2 1 4
3 12 17 9
1 15
1 13
3 11 13 18
3 18 3 4
3 1 11 2
3 13 3 7
3 13 4 9
52 155
4 136 36 6 71
3 137 26 97
2 105 117
5 0 1 104 57 70
3 124 137 81
2 133 48
4 118 126 129 59
4 30 67 7 82
7 109 110 121 18 42 46 92
4 109 44 78 95
4 113 127 131 99
4 107 118 49 74
4 117 135 23 43
5 126 132 134 135 31
8 10 101 11 122 20 32 51 8
3 124 127 53
4 115 128 137 61
5 116 123 16 17 77
4 111 132 52 63
3 121 134 35
4 120 132 27 34
4 13 136 5 89
4 106 133 40 41
3 39 64 91
2 106 124
7 120 126 127 134 2 83 86
3 103 135 56
4 111 112 131 38
4 113 115 137 88
4 129 3 90 98
3 119 122 129
2 130 135
2 100 125
5 136 33 76 93 94
3 123 125 80
5 136 28 4 45 50
6 102 131 37 73 85 96
5 112 114 133 22 84
3 108 123 128
4 110 119 29 68
6 108 15 19 25 69 75
3 116 130 66
3 130 134 72
5 107 137 24 65 79
3 14 55 62
4 128 54 60 87
5 114 125 21 47 9
4 12 133 138 58
3 139 140 141
6 142 143 144 145 146 147
5 148 149 150 151 152
2 153 154
