52
0 0 0 0 1 1 1 0 1 0 0 1 0 0 1 0 0 0 0 1 0 0 1 1 1 0 1 0 1 0 0 0 1 1 0 0 0 1 0 1 1 1 1 10 0 1 0 0 0 1 0 1
0 0 0 0 1 1 0 1 0 1 1 0 0 0 0 1 0 0 1 0 0 1 1 0 0 0 0 0 0 1 0 0 0 0 0 0 0 1 1 0 0 1 0 0 1 10 0 10 1 0 1 1
0 0 0 0 0 0 1 0 0 0 0 0 0 0 1 0 0 0 0 0 0 0 0 0 0 0 0 0 0 1 0 0 0 0 0 1 0 1 0 0 0 0 0 1 0 0 0 0 0 0 0 0
0 0 0 0 0 0 0 0 0 0 0 1 1 0 1 0 0 0 1 1 1 0 1 0 0 0 0 0 1 0 1 0 0 1 0 0 0 0 0 0 0 0 0 0 0 0 0 0 0 1 0 0
1 1 0 0 0 1 1 0 0 1 1 1 0 1 1 1 0 0 0 1 0 0 1 10 1 1 0 0 1 1 0 0 0 0 0 0 0 1 1 0 0 1 1 1 1 1 1 1 0 0 0 1
1 1 0 0 1 0 10 0 0 0 1 1 0 0 1 0 1 0 0 1 0 0 0 1 1 0 0 0 1 1 0 1 0 0 0 0 0 0 1 0 0 1 1 1 1 1 1 0 1 0 1 1
1 0 1 0 1 10 0 0 0 0 0 1 0 0 10 0 1 0 0 1 0 0 0 1 1 0 0 0 1 1 0 1 0 0 0 1 0 1 1 0 0 1 1 10 0 0 1 0 0 0 0 1
0 1 0 0 0 0 0 0 0 0 0 0 1 0 0 10 0 0 1 1 0 1 0 0 0 0 0 1 0 0 0 0 0 0 1 1 0 0 1 0 0 10 0 0 0 0 0 1 0 0 0 1
1 0 0 0 0 0 0 0 0 1 0 0 0 1 0 0 0 0 0 0 0 0 1 0 1 0 0 0 0 0 1 0 1 1 0 1 1 0 0 1 1 0 0 0 0 0 0 0 1 1 0 0
0 1 0 0 1 0 0 0 1 0 0 0 0 1 0 0 0 0 0 0 0 0 1 0 1 0 0 0 0 0 1 0 0 0 0 1 1 1 0 0 0 0 0 0 0 1 0 1 1 1 0 0
0 1 0 0 1 1 0 0 0 0 0 0 0 1 0 1 0 0 0 0 0 1 0 1 0 1 0 1 0 10 0 0 0 0 0 0 0 0 1 1 0 0 0 0 10 1 10 0 1 0 1 0
1 0 0 1 1 1 1 0 0 0 0 0 0 0 1 0 0 0 1 10 1 0 0 1 1 0 0 0 10 0 0 0 0 1 0 0 0 0 0 0 0 1 1 1 0 0 0 0 0 1 0 1
0 0 0 1 0 0 0 1 0 0 0 0 0 0 1 1 0 0 0 0 0 0 1 0 0 0 0 1 0 0 1 0 0 0 0 1 0 0 0 1 0 0 0 0 1 0 0 0 0 0 0 0
0 0 0 0 1 0 0 0 1 1 1 0 0 0 0 1 0 0 0 0 0 0 0 1 1 1 0 0 0 1 1 0 0 0 0 1 1 0 1 0 0 0 0 0 1 0 1 0 1 1 0 0
1 0 1 1 1 1 10 0 0 0 0 1 1 0 0 0 0 0 0 1 0 0 1 1 1 0 0 0 1 1 1 0 0 0 0 1 0 1 0 0 0 1 1 10 0 0 0 0 0 0 0 1
0 1 0 0 1 0 0 10 0 0 1 0 1 1 0 0 0 0 1 0 0 1 0 1 0 1 0 1 0 1 0 0 0 0 0 1 0 0 10 0 0 1 0 0 1 0 1 1 0 0 0 1
0 0 0 0 0 1 1 0 0 0 0 0 0 0 0 0 0 1 0 0 0 0 0 1 1 1 1 0 0 0 0 1 1 0 0 0 0 0 1 0 0 0 0 0 0 0 1 0 0 0 1 0
0 0 0 0 0 0 0 0 0 0 0 0 0 0 0 0 1 0 0 0 0 1 0 1 1 1 1 0 0 0 0 1 1 0 0 0 1 0 0 0 0 0 0 0 0 0 0 0 1 0 1 0
0 1 0 1 0 0 0 1 0 0 0 1 0 0 0 1 0 0 0 1 1 1 0 0 0 0 0 0 1 0 0 0 0 1 0 0 0 0 1 0 0 1 0 0 0 0 0 1 0 1 0 1
1 0 0 1 1 1 1 1 0 0 0 10 0 0 1 0 0 0 1 0 1 0 0 1 1 0 0 0 10 0 0 0 0 1 1 0 0 0 0 0 0 10 1 1 0 0 0 0 0 1 0 1
0 0 0 1 0 0 0 0 0 0 0 1 0 0 0 0 0 0 1 1 0 0 0 0 0 0 0 0 1 0 0 0 0 1 0 0 0 0 0 0 0 0 0 0 0 0 0 0 0 1 0 0
0 1 0 0 0 0 0 1 0 0 1 0 0 0 0 1 0 1 1 0 0 0 0 0 0 0 0 1 0 0 0 1 0 0 0 0 1 0 1 1 0 1 0 0 0 0 1 1 1 0 0 1
1 1 0 1 1 0 0 0 1 1 0 0 1 0 1 0 0 0 0 0 0 0 0 0 0 0 0 0 0 0 1 0 1 1 0 0 0 1 0 1 1 0 0 0 0 1 0 1 0 0 0 0
1 0 0 0 10 1 1 0 0 0 1 1 0 1 1 1 1 1 0 1 0 0 0 0 10 10 1 0 1 1 0 0 1 0 0 0 0 0 1 0 0 1 1 1 1 0 1 0 0 0 1 1
1 0 0 0 1 1 1 0 1 1 0 1 0 1 1 0 1 1 0 1 0 0 0 10 0 1 1 0 1 0 1 0 1 0 0 1 1 0 0 0 0 1 1 1 0 0 0 0 1 1 1 1
0 0 0 0 1 0 0 0 0 0 1 0 0 1 0 1 1 1 0 0 0 0 0 10 1 0 1 0 0 1 0 0 1 0 0 0 0 0 1 0 0 0 0 0 1 0 1 0 0 0 1 0
1 0 0 0 0 0 0 0 0 0 0 0 0 0 0 0 1 1 0 0 0 0 0 1 1 1 0 0 0 0 0 0 1 0 0 0 0 1 0 0 0 0 0 1 0 1 0 0 0 1 1 0
0 0 0 0 0 0 0 1 0 0 1 0 1 0 0 1 0 0 0 0 0 1 0 0 0 0 0 0 0 0 0 0 1 0 0 1 0 0 0 1 0 0 0 0 0 0 1 1 0 0 0 0
1 0 0 1 1 1 1 0 0 0 0 10 0 0 1 0 0 0 1 10 1 0 0 1 1 0 0 0 0 0 0 0 0 1 0 0 0 0 0 0 0 1 1 1 0 0 0 0 0 1 0 1
0 1 1 0 1 1 1 0 0 0 10 0 0 1 1 1 0 0 0 0 0 0 0 1 0 1 0 0 0 0 0 0 0 0 0 1 0 1 1 0 0 0 0 1 10 1 1 0 1 0 1 0
0 0 0 1 0 0 0 0 1 1 0 0 1 1 1 0 0 0 0 0 0 0 1 0 1 0 0 0 0 0 0 0 0 0 0 1 1 0 0 0 0 0 0 0 0 0 0 0 1 1 0 0
0 0 0 0 0 1 1 0 0 0 0 0 0 0 0 0 1 1 0 0 0 1 0 0 0 0 0 0 0 0 0 0 0 0 0 0 1 0 1 0 0 0 0 0 0 0 1 0 1 0 0 0
1 0 0 0 0 0 0 0 1 0 0 0 0 0 0 0 1 1 0 0 0 0 1 1 1 1 1 1 0 0 0 0 0 1 0 0 0 0 0 1 1 0 0 0 0 0 0 1 0 0 1 0
1 0 0 1 0 0 0 0 1 0 0 1 0 0 0 0 0 0 1 1 1 0 1 0 0 0 0 0 1 0 0 0 1 0 0 0 0 0 0 1 1 0 0 0 0 0 0 0 0 1 0 0
0 0 0 0 0 0 0 1 0 0 0 0 0 0 0 0 0 0 0 1 0 0 0 0 0 0 0 0 0 0 0 0 0 0 0 0 0 0 0 0 0 1 0 0 0 0 0 0 0 0 0 0
0 0 1 0 0 0 1 1 1 1 0 0 1 1 1 1 0 0 0 0 0 0 0 0 1 0 0 1 0 1 1 0 0 0 0 0 1 1 0 0 0 0 0 1 0 0 0 0 1 1 0 0
0 0 0 0 0 0 0 0 1 1 0 0 0 1 0 0 0 1 0 0 0 1 0 0 1 0 0 0 0 0 1 1 0 0 0 1 0 0 0 0 0 0 0 0 0 0 0 0 10 1 0 0
1 1 1 0 1 0 1 0 0 1 0 0 0 0 1 0 0 0 0 0 0 0 1 0 0 0 1 0 0 1 0 0 0 0 0 1 0 0 0 0 0 0 0 10 0 10 0 1 0 1 0 0
0 1 0 0 1 1 1 1 0 0 1 0 0 1 0 10 1 0 1 0 0 1 0 1 0 1 0 0 0 1 0 1 0 0 0 0 0 0 0 0 0 1 0 0 1 0 10 1 0 0 0 1
1 0 0 0 0 0 0 0 1 0 1 0 1 0 0 0 0 0 0 0 0 1 1 0 0 0 0 1 0 0 0 0 1 1 0 0 0 0 0 0 1 0 0 0 1 0 1 0 0 0 0 0
1 0 0 0 0 0 0 0 1 0 0 0 0 0 0 0 0 0 0 0 0 0 1 0 0 0 0 0 0 0 0 0 1 1 0 0 0 0 0 1 0 0 0 0 0 0 0 0 0 0 0 0
1 1 0 0 1 1 1 10 0 0 0 1 0 0 1 1 0 0 1 10 0 1 0 1 1 0 0 0 1 0 0 0 0 0 1 0 0 0 1 0 0 0 1 1 0 0 0 1 0 0 0 10
1 0 0 0 1 1 1 0 0 0 0 1 0 0 1 0 0 0 0 1 0 0 0 1 1 0 0 0 1 0 0 0 0 0 0 0 0 0 0 0 0 1 0 1 0 0 0 0 0 0 0 1
10 0 1 0 1 1 10 0 0 0 0 1 0 0 10 0 0 0 0 1 0 0 0 1 1 0 1 0 1 1 0 0 0 0 0 1 0 10 0 0 0 1 1 0 0 1 0 0 0 1 0 1
0 1 0 0 1 1 0 0 0 0 10 0 1 1 0 1 0 0 0 0 0 0 0 1 0 1 0 0 0 10 0 0 0 0 0 0 0 0 1 1 0 0 0 0 0 1 1 0 1 0 1 0
1 10 0 0 1 1 0 0 0 1 1 0 0 0 0 0 0 0 0 0 0 0 1 0 0 0 1 0 0 1 0 0 0 0 0 0 0 10 0 0 0 0 0 1 1 0 0 1 1 1 1 0
0 0 0 0 1 1 1 0 0 0 10 0 0 1 0 1 1 0 0 0 0 1 0 1 0 1 0 1 0 1 0 1 0 0 0 0 0 0 10 1 0 0 0 0 1 0 0 0 0 0 0 0
0 10 0 0 1 0 0 1 0 1 0 0 0 0 0 1 0 0 1 0 0 1 1 0 0 0 0 1 0 0 0 0 1 0 0 0 0 1 1 0 0 1 0 0 0 1 0 0 0 0 0 1
0 1 0 0 0 1 0 0 1 1 1 0 0 1 0 0 0 1 0 0 0 1 0 0 1 0 0 0 0 1 1 1 0 0 0 1 10 0 0 0 0 0 0 0 1 1 0 0 0 1 1 0
1 0 0 1 0 0 0 0 1 1 0 1 0 1 0 0 0 0 1 1 1 0 0 0 1 0 1 0 1 0 1 0 0 1 0 1 1 1 0 0 0 0 0 1 0 1 0 0 1 0 0 0
0 1 0 0 0 1 0 0 0 0 1 0 0 0 0 0 1 1 0 0 0 0 0 1 1 1 1 0 0 1 0 0 1 0 0 0 0 0 0 0 0 0 0 0 1 1 0 0 1 0 0 0
1 1 0 0 1 1 1 1 0 0 0 1 0 0 1 1 0 0 1 1 0 1 0 1 1 0 0 0 1 0 0 0 0 0 0 0 0 0 1 0 0 10 1 1 0 0 0 1 0 0 0 0
2
4 7 3
6 4 3
3
4 4 
1 4
2 4
3 6
4 4
2 4 
1 4
1 4
2 6
2 6
2 3 
1 4
1 4
2 6
52 19
3 10 6 9
3 12 14 16
1 3
2 0 1
3 10 12 5
3 10 16 7
3 10 3 7
3 14 18 8
2 15 9
2 12 15
3 16 17 5
2 1 10
3 0 11 8
2 15 5
3 0 10 3
3 14 5 8
2 4 7
2 2 4
2 1 14
3 1 10 18
1 1
3 14 17 2
3 0 12 9
3 10 4 5
3 10 15 4
2 4 5
2 4 6
3 13 17 8
2 1 10
3 16 3 5
2 0 15
2 2 7
3 13 4 9
2 1 9
1 18
3 15 3 8
2 15 2
3 12 3 6
3 14 5 7
3 11 17 9
1 9
3 10 14 18
1 10
3 10 3 6
3 11 16 5
3 12 16 6
3 17 5 7
3 12 13 14
3 15 16 2
3 1 15 6
2 16 4
2 10 14
52 155
2 27 29
4 129 47 53 8
2 103 15
5 106 128 20 6 71
4 12 125 132 97
5 107 123 132 78 81
3 130 61 79
3 111 126 34
5 35 43 60 72 82
1 13
4 102 108 37 52
6 115 116 137 42 70 91
4 137 16 51 64
8 100 114 135 45 5 66 67 69
3 134 18 83
6 105 109 118 126 129 3
8 104 122 128 131 89 90 96 98
6 10 117 124 135 136 77
3 19 41 84
4 117 2 36 59
4 110 113 134 14
4 124 131 133 87
4 135 22 46 48
8 110 121 127 137 24 33 49 63
4 113 118 44 7
3 119 120 9
6 123 21 40 68 75 94
3 115 128 130
4 111 134 23 92
4 116 133 32 65
3 124 129 58
6 1 122 123 133 62 76
3 137 55 86
5 0 125 30 38 73
3 108 132 95
6 136 17 25 31 85 93
5 106 112 114 130 136
3 136 28 39
1 119
6 125 126 127 133 137 26
2 112 50
6 11 134 74 80 88 99
2 135 56
3 101 131 54
2 109 120
2 107 4
3 121 127 57
2 138 139
3 140 141 142
4 143 144 145 146
4 147 148 149 150
4 151 152 153 154
