34
0 0 10 1 1 0 0 0 0 1 0 1 1 0 10 10 1 1 10 0 1 0 0 0 1 10 0 0 1 0 1 10 0 1
0 0 1 0 1 1 0 0 1 1 1 0 0 1 1 0 0 1 0 0 1 1 1 0 1 0 1 1 1 0 0 0 0 0
10 1 0 1 10 1 0 0 1 1 1 1 0 0 100 1 1 0 1 0 1 0 0 0 1 10 0 0 0 0 1 1 0 0
1 0 1 0 1 0 0 0 0 1 0 1 1 0 1 1 1 0 1 0 1 0 0 0 1 1 0 0 0 1 1 1 0 0
1 1 10 1 0 10 1 1 10 1 1 1 0 0 10 1 1 0 10 0 1 0 0 1 1 1 0 1 0 0 1 1 1 0
0 1 1 0 10 0 1 10 10 1 10 0 0 1 1 0 0 0 1 0 1 0 0 1 0 0 0 1 1 1 1 1 1 0
0 0 0 0 1 1 0 10 1 0 1 0 0 0 0 0 0 0 1 1 0 0 1 10 0 0 1 1 0 0 0 0 1 0
0 0 0 0 1 10 10 0 1 0 10 0 0 1 0 0 0 0 1 1 0 0 1 10 0 0 1 1 1 1 1 1 1 0
0 1 1 0 10 10 1 1 0 1 1 0 0 1 1 0 0 0 1 0 1 1 0 10 0 0 1 10 0 1 1 0 1 1
1 1 1 1 1 1 0 0 1 0 1 0 10 0 1 1 0 1 1 0 100 0 0 0 0 0 0 0 1 1 0 1 0 1
0 1 1 0 1 10 1 10 1 1 0 0 0 1 1 0 0 0 0 1 1 0 1 1 0 0 1 0 1 1 1 1 0 0
1 0 1 1 1 0 0 0 0 0 0 0 0 0 1 1 10 0 1 0 0 1 0 0 1 1 0 0 0 0 1 1 0 1
1 0 0 1 0 0 0 0 0 10 0 0 0 0 0 1 0 1 1 0 10 0 0 0 0 0 0 0 1 1 0 1 0 1
0 1 0 0 0 1 0 1 1 0 1 0 0 0 0 0 0 1 0 0 0 10 1 1 1 0 1 1 10 10 10 1 0 1
10 1 100 1 10 1 0 0 1 1 1 1 0 0 0 1 1 0 1 0 1 0 0 0 1 10 0 0 0 0 1 1 0 0
10 0 1 1 1 0 0 0 0 1 0 1 1 0 1 0 1 1 10 0 1 0 0 0 1 1 0 0 1 0 1 10 0 1
1 0 1 1 1 0 0 0 0 0 0 10 0 0 1 1 0 0 1 0 0 1 0 0 1 1 0 0 0 0 1 1 0 1
1 1 0 0 0 0 0 0 0 1 0 0 1 1 0 1 0 0 1 0 1 1 1 0 1 0 0 0 10 0 0 1 0 1
10 0 1 1 10 1 1 1 1 1 0 1 1 0 1 10 1 1 0 0 1 0 0 1 1 1 0 1 1 0 1 10 1 1
0 0 0 0 0 0 1 1 0 0 1 0 0 0 0 0 0 0 0 0 0 0 1 1 0 0 1 0 0 0 0 0 0 0
1 1 1 1 1 1 0 0 1 100 1 0 10 0 1 1 0 1 1 0 0 0 0 0 0 0 0 0 1 1 0 1 0 1
0 1 0 0 0 0 0 0 1 0 0 1 0 10 0 0 1 1 0 0 0 0 1 1 1 0 1 1 1 1 1 0 0 10
0 1 0 0 0 0 1 1 0 0 1 0 0 1 0 0 0 1 0 1 0 1 0 1 1 0 1 0 1 0 0 0 0 0
0 0 0 0 1 1 10 10 10 0 1 0 0 1 0 0 0 0 1 1 0 1 1 0 0 0 10 10 0 1 1 0 1 1
1 1 1 1 1 0 0 0 0 0 0 1 0 1 1 1 1 1 1 0 0 1 1 0 0 1 0 0 1 0 1 1 0 0
10 0 10 1 1 0 0 0 0 0 0 1 0 0 10 1 1 0 1 0 0 0 0 0 1 0 0 0 0 0 1 1 0 0
0 1 0 0 0 0 1 1 1 0 1 0 0 1 0 0 0 0 0 1 0 1 1 10 0 0 0 10 0 1 1 0 0 1
0 1 0 0 1 1 1 1 10 0 0 0 0 1 0 0 0 0 1 0 0 1 0 10 0 0 10 0 0 1 1 0 1 1
1 1 0 0 0 1 0 1 0 1 1 0 1 10 0 1 0 10 1 0 1 1 1 0 1 0 0 0 0 1 1 10 0 1
0 0 0 1 0 1 0 1 1 1 1 0 1 10 0 0 0 0 0 0 1 1 0 1 0 0 1 1 1 0 10 1 0 1
1 0 1 1 1 1 0 1 1 0 1 1 0 10 1 1 1 0 1 0 0 1 0 1 1 1 1 1 1 10 0 10 0 1
10 0 1 1 1 1 0 1 0 1 1 1 1 1 1 10 1 1 10 0 1 0 0 0 1 1 0 0 10 1 10 0 0 1
0 0 0 0 1 1 1 1 1 0 0 0 0 0 0 0 0 0 1 0 0 0 0 1 0 0 0 1 0 0 0 0 0 0
1 0 0 0 0 0 0 0 1 1 0 1 1 1 0 1 1 1 1 0 1 10 0 1 0 0 1 1 1 1 1 1 0 0
4
3 3 3
4 2 3
5 1 3
6 2 3
2
4 4 
1 3
2 3
3 5
4 3
2 4 
1 4
1 4
2 6
2 6
34 12
3 2 4 5
3 1 3 6
3 2 3 4
2 4 8
3 0 3 4
3 0 3 7
2 0 10
3 0 10 7
3 0 11 3
3 3 5 8
3 10 3 7
2 4 9
2 5 8
3 1 11 7
3 2 3 4
2 4 5
2 4 9
2 1 5
3 0 4 5
1 10
3 3 5 8
3 1 11 9
2 1 10
3 0 10 11
2 1 4
2 2 4
3 10 11 6
3 0 11 6
3 1 5 7
3 11 7 8
3 11 4 7
3 4 5 7
1 0
3 11 5 9
34 90
2 64 77
4 12 18 34 55
6 1 14 16 27 71 79
8 23 36 43 44 56 58 75 84
2 83 84
4 10 26 45 83
5 61 76 80 82 88
2 51 88
3 21 29 33
4 15 17 52 60
3 2 35 80
4 0 32 65 87
5 19 67 76 78 84
1 86
3 6 74 87
1 81
1 69
2 5 88
4 59 62 8 85
3 42 66 73
2 73 88
4 3 37 81 86
4 47 53 57 63
3 68 77 86
4 7 71 74 89
1 85
2 28 72
4 11 30 50 82
8 20 38 4 40 48 49 70 89
1 22
4 13 24 54 9
6 31 39 78 79 82 87
3 25 41 83
5 46 72 75 85 89
