65
0 0 1 0 1 0 0 1 0 1 0 0 0 0 0 0 0 1 1 0 1 1 0 0 1 1 0 0 0 0 0 1 1 0 1 1 0 0 10 1 0 0 0 1 1 1 0 10 1 0 1 1 1 1 1 0 1 0 0 0 1 1 0 0 10
0 0 1 1 0 0 1 0 0 1 1 1 1 0 0 0 1 0 0 0 0 10 0 10 1 0 10 1 1 10 0 1 1 10 1 0 1 1 1 0 1 0 1 0 1 0 0 0 0 1 0 0 0 1 1 0 0 1 0 1 1 1 1 1 0
1 1 0 1 1 0 1 0 0 1 0 1 0 0 0 0 1 1 0 0 1 1 0 1 1 1 1 1 0 1 0 1 0 1 1 1 1 1 1 1 0 0 0 1 1 1 0 1 1 1 1 0 0 0 10 0 0 0 0 1 0 1 1 0 1
0 1 1 0 0 0 1 0 0 1 0 1 0 0 0 0 1 0 0 0 0 1 0 1 0 0 1 1 0 1 0 0 0 1 1 0 1 1 0 0 0 0 0 0 1 0 0 0 0 1 0 0 0 0 1 0 0 0 0 1 0 1 1 0 0
1 0 1 0 0 0 0 0 0 0 0 0 0 0 0 0 0 1 0 0 1 0 0 0 1 1 0 0 0 0 0 1 0 0 0 1 0 0 1 1 0 0 0 1 0 1 0 1 1 0 1 0 0 0 1 0 0 0 0 0 0 0 0 0 1
0 0 0 0 0 0 0 0 1 0 0 1 0 1 1 0 0 1 0 1 0 0 0 1 0 1 0 1 0 0 1 0 0 0 0 1 0 0 0 0 0 1 1 1 0 0 1 0 0 0 0 0 0 0 0 0 0 0 1 1 0 0 0 0 0
0 1 1 1 0 0 0 0 0 1 0 1 0 0 0 0 1 0 0 0 0 1 0 1 0 0 1 1 0 1 0 0 0 1 1 0 1 1 0 0 0 0 0 0 1 0 0 0 0 1 0 0 0 0 1 0 0 0 0 1 0 1 1 0 0
1 0 0 0 0 0 0 0 0 1 0 0 0 0 0 0 0 0 1 0 0 1 0 0 0 0 0 0 0 0 0 0 1 0 1 0 0 0 1 0 0 0 0 0 1 0 0 1 0 0 0 1 1 1 0 0 1 0 0 0 1 1 0 0 1
0 0 0 0 0 1 0 0 0 0 0 1 0 1 1 0 0 1 0 1 0 0 0 1 0 1 0 1 0 0 1 0 0 0 0 1 0 0 0 0 0 1 1 1 0 0 1 0 0 0 0 0 0 0 0 0 0 0 1 1 0 0 0 0 0
1 1 1 1 0 0 1 1 0 0 0 1 0 0 0 0 1 0 1 0 0 10 0 1 0 0 1 1 0 1 0 0 1 1 10 0 1 1 1 0 0 0 0 0 10 0 0 1 0 1 0 1 1 1 1 0 1 0 0 1 1 10 1 0 1
0 1 0 0 0 0 0 0 0 0 0 0 1 0 0 0 0 0 0 0 0 1 0 1 1 0 1 0 1 1 0 1 1 1 0 0 0 0 1 0 1 0 1 0 0 0 0 0 0 0 0 0 0 1 0 0 0 1 0 0 1 0 0 1 0
0 1 1 1 0 1 1 0 1 1 0 0 1 1 1 1 1 1 0 1 0 1 1 10 0 1 1 100 0 10 10 0 0 10 1 1 1 1 0 1 0 1 10 1 1 0 1 0 0 10 0 0 0 0 1 1 0 0 1 100 0 10 10 0 0
0 1 0 0 0 0 0 0 0 0 1 1 0 0 0 1 0 0 0 0 0 1 1 1 1 0 1 1 1 10 1 1 1 10 0 0 0 0 1 1 1 0 10 0 0 0 0 0 0 1 0 0 0 1 0 1 0 1 0 1 1 1 1 1 0
0 0 0 0 0 1 0 0 1 0 0 1 0 0 1 0 0 1 0 1 0 0 0 1 0 1 0 1 0 0 1 0 0 0 0 1 0 0 0 0 0 1 1 1 0 0 1 0 0 0 0 0 0 0 0 0 0 0 1 1 0 0 0 0 0
0 0 0 0 0 1 0 0 1 0 0 1 0 1 0 0 0 1 0 1 0 0 0 1 0 1 0 1 0 0 1 0 0 0 0 1 0 0 0 0 0 1 1 1 0 0 1 0 0 0 0 0 0 0 0 0 0 0 1 1 0 0 0 0 0
0 0 0 0 0 0 0 0 0 0 0 1 1 0 0 0 0 0 0 0 0 0 1 0 0 0 0 1 0 1 1 0 0 1 0 0 0 0 0 1 0 0 1 0 0 0 0 0 0 1 0 0 0 0 0 1 0 0 0 1 0 1 1 0 0
0 1 1 1 0 0 1 0 0 1 0 1 0 0 0 0 0 0 0 0 0 1 0 1 0 0 1 1 0 1 0 0 0 1 1 0 1 1 0 0 0 0 0 0 1 0 0 0 0 1 0 0 0 0 1 0 0 0 0 1 0 1 1 0 0
1 0 1 0 1 1 0 0 1 0 0 1 0 1 1 0 0 0 0 1 1 0 0 1 1 10 0 1 0 0 1 1 0 0 0 10 0 0 1 1 0 1 1 10 0 1 1 1 1 0 1 0 0 0 1 0 0 0 1 1 0 0 0 0 1
1 0 0 0 0 0 0 1 0 1 0 0 0 0 0 0 0 0 0 0 0 1 0 0 0 0 0 0 0 0 0 0 1 0 1 0 0 0 1 0 0 0 0 0 1 0 0 1 0 0 0 1 1 1 0 0 1 0 0 0 1 1 0 0 1
0 0 0 0 0 1 0 0 1 0 0 1 0 1 1 0 0 1 0 0 0 0 0 1 0 1 0 1 0 0 1 0 0 0 0 1 0 0 0 0 0 1 1 1 0 0 1 0 0 0 0 0 0 0 0 0 0 0 1 1 0 0 0 0 0
1 0 1 0 1 0 0 0 0 0 0 0 0 0 0 0 0 1 0 0 0 0 0 0 1 1 0 0 0 0 0 1 0 0 0 1 0 0 1 1 0 0 0 1 0 1 0 1 1 0 1 0 0 0 1 0 0 0 0 0 0 0 0 0 1
1 10 1 1 0 0 1 1 0 10 1 1 1 0 0 0 1 0 1 0 0 0 0 10 1 0 10 1 1 10 0 1 10 10 10 0 1 1 10 0 1 0 1 0 10 0 0 1 0 1 0 1 1 10 1 0 1 1 0 1 10 10 1 1 1
0 0 0 0 0 0 0 0 0 0 0 1 1 0 0 1 0 0 0 0 0 0 0 0 0 0 0 1 0 1 1 0 0 1 0 0 0 0 0 1 0 0 1 0 0 0 0 0 0 1 0 0 0 0 0 1 0 0 0 1 0 1 1 0 0
0 10 1 1 0 1 1 0 1 1 1 10 1 1 1 0 1 1 0 1 0 10 0 0 1 1 10 10 1 10 1 1 1 10 1 1 1 1 1 0 1 1 10 1 1 0 1 0 0 1 0 0 0 1 1 0 0 1 1 10 1 1 1 1 0
1 1 1 0 1 0 0 0 0 0 1 0 1 0 0 0 0 1 0 0 1 1 0 1 0 1 1 0 1 1 0 10 1 1 0 1 0 0 10 1 1 0 1 1 0 1 0 1 1 0 1 0 0 1 1 0 0 1 0 0 1 0 0 1 1
1 0 1 0 1 1 0 0 1 0 0 1 0 1 1 0 0 10 0 1 1 0 0 1 1 0 0 1 0 0 1 1 0 0 0 10 0 0 1 1 0 1 1 10 0 1 1 1 1 0 1 0 0 0 1 0 0 0 1 1 0 0 0 0 1
0 10 1 1 0 0 1 0 0 1 1 1 1 0 0 0 1 0 0 0 0 10 0 10 1 0 0 1 1 10 0 1 1 10 1 0 1 1 1 0 1 0 1 0 1 0 0 0 0 1 0 0 0 1 1 0 0 1 0 1 1 1 1 1 0
0 1 1 1 0 1 1 0 1 1 0 100 1 1 1 1 1 1 0 1 0 1 1 10 0 1 1 0 0 10 10 0 0 10 1 1 1 1 0 1 0 1 10 1 1 0 1 0 0 10 0 0 0 0 1 1 0 0 1 100 0 10 10 0 0
0 1 0 0 0 0 0 0 0 0 1 0 1 0 0 0 0 0 0 0 0 1 0 1 1 0 1 0 0 1 0 1 1 1 0 0 0 0 1 0 1 0 1 0 0 0 0 0 0 0 0 0 0 1 0 0 0 1 0 0 1 0 0 1 0
0 10 1 1 0 0 1 0 0 1 1 10 10 0 0 1 1 0 0 0 0 10 1 10 1 0 10 10 1 0 1 1 1 100 1 0 1 1 1 1 1 0 10 0 1 0 0 0 0 10 0 0 0 1 1 1 0 1 0 10 1 10 10 1 0
0 0 0 0 0 1 0 0 1 0 0 10 1 1 1 1 0 1 0 1 0 0 1 1 0 1 0 10 0 1 0 0 0 1 0 1 0 0 0 1 0 1 10 1 0 0 1 0 0 1 0 0 0 0 0 1 0 0 1 10 0 1 1 0 0
1 1 1 0 1 0 0 0 0 0 1 0 1 0 0 0 0 1 0 0 1 1 0 1 10 1 1 0 1 1 0 0 1 1 0 1 0 0 10 1 1 0 1 1 0 1 0 1 1 0 1 0 0 1 1 0 0 1 0 0 1 0 0 1 1
1 1 0 0 0 0 0 1 0 1 1 0 1 0 0 0 0 0 1 0 0 10 0 1 1 0 1 0 1 1 0 1 0 1 1 0 0 0 10 0 1 0 1 0 1 0 0 1 0 0 0 1 1 10 0 0 1 1 0 0 10 1 0 1 1
0 10 1 1 0 0 1 0 0 1 1 10 10 0 0 1 1 0 0 0 0 10 1 10 1 0 10 10 1 100 1 1 1 0 1 0 1 1 1 1 1 0 10 0 1 0 0 0 0 10 0 0 0 1 1 1 0 1 0 10 1 10 10 1 0
1 1 1 1 0 0 1 1 0 10 0 1 0 0 0 0 1 0 1 0 0 10 0 1 0 0 1 1 0 1 0 0 1 1 0 0 1 1 1 0 0 0 0 0 10 0 0 1 0 1 0 1 1 1 1 0 1 0 0 1 1 10 1 0 1
1 0 1 0 1 1 0 0 1 0 0 1 0 1 1 0 0 10 0 1 1 0 0 1 1 10 0 1 0 0 1 1 0 0 0 0 0 0 1 1 0 1 1 10 0 1 1 1 1 0 1 0 0 0 1 0 0 0 1 1 0 0 0 0 1
0 1 1 1 0 0 1 0 0 1 0 1 0 0 0 0 1 0 0 0 0 1 0 1 0 0 1 1 0 1 0 0 0 1 1 0 0 1 0 0 0 0 0 0 1 0 0 0 0 1 0 0 0 0 1 0 0 0 0 1 0 1 1 0 0
0 1 1 1 0 0 1 0 0 1 0 1 0 0 0 0 1 0 0 0 0 1 0 1 0 0 1 1 0 1 0 0 0 1 1 0 1 0 0 0 0 0 0 0 1 0 0 0 0 1 0 0 0 0 1 0 0 0 0 1 0 1 1 0 0
10 1 1 0 1 0 0 1 0 1 1 0 1 0 0 0 0 1 1 0 1 10 0 1 10 1 1 0 1 1 0 10 10 1 1 1 0 0 0 1 1 0 1 1 1 1 0 10 1 0 1 1 1 10 1 0 1 1 0 0 10 1 0 1 10
1 0 1 0 1 0 0 0 0 0 0 1 1 0 0 1 0 1 0 0 1 0 1 0 1 1 0 1 0 1 1 1 0 1 0 1 0 0 1 0 0 0 1 1 0 1 0 1 1 1 1 0 0 0 1 1 0 0 0 1 0 1 1 0 1
0 1 0 0 0 0 0 0 0 0 1 0 1 0 0 0 0 0 0 0 0 1 0 1 1 0 1 0 1 1 0 1 1 1 0 0 0 0 1 0 0 0 1 0 0 0 0 0 0 0 0 0 0 1 0 0 0 1 0 0 1 0 0 1 0
0 0 0 0 0 1 0 0 1 0 0 1 0 1 1 0 0 1 0 1 0 0 0 1 0 1 0 1 0 0 1 0 0 0 0 1 0 0 0 0 0 0 1 1 0 0 1 0 0 0 0 0 0 0 0 0 0 0 1 1 0 0 0 0 0
0 1 0 0 0 1 0 0 1 0 1 10 10 1 1 1 0 1 0 1 0 1 1 10 1 1 1 10 1 10 10 1 1 10 0 1 0 0 1 1 1 1 0 1 0 0 1 0 0 1 0 0 0 1 0 1 0 1 1 10 1 1 1 1 0
1 0 1 0 1 1 0 0 1 0 0 1 0 1 1 0 0 10 0 1 1 0 0 1 1 10 0 1 0 0 1 1 0 0 0 10 0 0 1 1 0 1 1 0 0 1 1 1 1 0 1 0 0 0 1 0 0 0 1 1 0 0 0 0 1
1 1 1 1 0 0 1 1 0 10 0 1 0 0 0 0 1 0 1 0 0 10 0 1 0 0 1 1 0 1 0 0 1 1 10 0 1 1 1 0 0 0 0 0 0 0 0 1 0 1 0 1 1 1 1 0 1 0 0 1 1 10 1 0 1
1 0 1 0 1 0 0 0 0 0 0 0 0 0 0 0 0 1 0 0 1 0 0 0 1 1 0 0 0 0 0 1 0 0 0 1 0 0 1 1 0 0 0 1 0 0 0 1 1 0 1 0 0 0 1 0 0 0 0 0 0 0 0 0 1
0 0 0 0 0 1 0 0 1 0 0 1 0 1 1 0 0 1 0 1 0 0 0 1 0 1 0 1 0 0 1 0 0 0 0 1 0 0 0 0 0 1 1 1 0 0 0 0 0 0 0 0 0 0 0 0 0 0 1 1 0 0 0 0 0
10 0 1 0 1 0 0 1 0 1 0 0 0 0 0 0 0 1 1 0 1 1 0 0 1 1 0 0 0 0 0 1 1 0 1 1 0 0 10 1 0 0 0 1 1 1 0 0 1 0 1 1 1 1 1 0 1 0 0 0 1 1 0 0 10
1 0 1 0 1 0 0 0 0 0 0 0 0 0 0 0 0 1 0 0 1 0 0 0 1 1 0 0 0 0 0 1 0 0 0 1 0 0 1 1 0 0 0 1 0 1 0 1 0 0 1 0 0 0 1 0 0 0 0 0 0 0 0 0 1
0 1 1 1 0 0 1 0 0 1 0 10 1 0 0 1 1 0 0 0 0 1 1 1 0 0 1 10 0 10 1 0 0 10 1 0 1 1 0 1 0 0 1 0 1 0 0 0 0 0 0 0 0 0 1 1 0 0 0 10 0 10 10 0 0
1 0 1 0 1 0 0 0 0 0 0 0 0 0 0 0 0 1 0 0 1 0 0 0 1 1 0 0 0 0 0 1 0 0 0 1 0 0 1 1 0 0 0 1 0 1 0 1 1 0 0 0 0 0 1 0 0 0 0 0 0 0 0 0 1
1 0 0 0 0 0 0 1 0 1 0 0 0 0 0 0 0 0 1 0 0 1 0 0 0 0 0 0 0 0 0 0 1 0 1 0 0 0 1 0 0 0 0 0 1 0 0 1 0 0 0 0 1 1 0 0 1 0 0 0 1 1 0 0 1
1 0 0 0 0 0 0 1 0 1 0 0 0 0 0 0 0 0 1 0 0 1 0 0 0 0 0 0 0 0 0 0 1 0 1 0 0 0 1 0 0 0 0 0 1 0 0 1 0 0 0 1 0 1 0 0 1 0 0 0 1 1 0 0 1
1 1 0 0 0 0 0 1 0 1 1 0 1 0 0 0 0 0 1 0 0 10 0 1 1 0 1 0 1 1 0 1 10 1 1 0 0 0 10 0 1 0 1 0 1 0 0 1 0 0 0 1 1 0 0 0 1 1 0 0 10 1 0 1 1
1 1 10 1 1 0 1 0 0 1 0 1 0 0 0 0 1 1 0 0 1 1 0 1 1 1 1 1 0 1 0 1 0 1 1 1 1 1 1 1 0 0 0 1 1 1 0 1 1 1 1 0 0 0 0 0 0 0 0 1 0 1 1 0 1
0 0 0 0 0 0 0 0 0 0 0 1 1 0 0 1 0 0 0 0 0 0 1 0 0 0 0 1 0 1 1 0 0 1 0 0 0 0 0 1 0 0 1 0 0 0 0 0 0 1 0 0 0 0 0 0 0 0 0 1 0 1 1 0 0
1 0 0 0 0 0 0 1 0 1 0 0 0 0 0 0 0 0 1 0 0 1 0 0 0 0 0 0 0 0 0 0 1 0 1 0 0 0 1 0 0 0 0 0 1 0 0 1 0 0 0 1 1 1 0 0 0 0 0 0 1 1 0 0 1
0 1 0 0 0 0 0 0 0 0 1 0 1 0 0 0 0 0 0 0 0 1 0 1 1 0 1 0 1 1 0 1 1 1 0 0 0 0 1 0 1 0 1 0 0 0 0 0 0 0 0 0 0 1 0 0 0 0 0 0 1 0 0 1 0
0 0 0 0 0 1 0 0 1 0 0 1 0 1 1 0 0 1 0 1 0 0 0 1 0 1 0 1 0 0 1 0 0 0 0 1 0 0 0 0 0 1 1 1 0 0 1 0 0 0 0 0 0 0 0 0 0 0 0 1 0 0 0 0 0
0 1 1 1 0 1 1 0 1 1 0 100 1 1 1 1 1 1 0 1 0 1 1 10 0 1 1 100 0 10 10 0 0 10 1 1 1 1 0 1 0 1 10 1 1 0 1 0 0 10 0 0 0 0 1 1 0 0 1 0 0 10 10 0 0
1 1 0 0 0 0 0 1 0 1 1 0 1 0 0 0 0 0 1 0 0 10 0 1 1 0 1 0 1 1 0 1 10 1 1 0 0 0 10 0 1 0 1 0 1 0 0 1 0 0 0 1 1 10 0 0 1 1 0 0 0 1 0 1 1
1 1 1 1 0 0 1 1 0 10 0 10 1 0 0 1 1 0 1 0 0 10 1 1 0 0 1 10 0 10 1 0 1 10 10 0 1 1 1 1 0 0 1 0 10 0 0 1 0 10 0 1 1 1 1 1 1 0 0 10 1 0 10 0 1
0 1 1 1 0 0 1 0 0 1 0 10 1 0 0 1 1 0 0 0 0 1 1 1 0 0 1 10 0 10 1 0 0 10 1 0 1 1 0 1 0 0 1 0 1 0 0 0 0 10 0 0 0 0 1 1 0 0 0 10 0 10 0 0 0
0 1 0 0 0 0 0 0 0 0 1 0 1 0 0 0 0 0 0 0 0 1 0 1 1 0 1 0 1 1 0 1 1 1 0 0 0 0 1 0 1 0 1 0 0 0 0 0 0 0 0 0 0 1 0 0 0 1 0 0 1 0 0 0 0
10 0 1 0 1 0 0 1 0 1 0 0 0 0 0 0 0 1 1 0 1 1 0 0 1 1 0 0 0 0 0 1 1 0 1 1 0 0 10 1 0 0 0 1 1 1 0 10 1 0 1 1 1 1 1 0 1 0 0 0 1 1 0 0 0
4
3 1 3
4 9 3
5 4 3
6 1 3
4
2 4 
1 3
1 4
2 5
2 5
2 4 
1 4
1 4
2 5
2 5
2 6 
1 4
1 4
1 4
2 4
2 4
2 4
1 1 
1 6
65 6
2 1 3
2 0 5
2 0 1
1 0
1 1
1 2
1 0
1 3
1 2
2 0 3
1 5
3 0 2 4
2 4 5
1 2
1 2
1 4
1 0
2 1 2
1 3
1 2
1 1
3 0 3 5
1 4
3 0 2 5
2 1 5
2 1 2
2 0 5
3 0 2 4
1 5
3 0 4 5
2 2 4
2 1 5
2 3 5
3 0 4 5
2 0 3
2 1 2
1 0
1 0
3 1 3 5
2 1 4
1 5
1 2
3 2 4 5
2 1 2
2 0 3
1 1
1 2
2 1 3
1 1
2 0 4
1 1
1 3
1 3
2 3 5
2 0 1
1 4
1 3
1 5
1 2
3 0 2 4
2 3 5
3 0 3 4
2 0 4
1 5
2 1 3
65 93
1 52
1 67
2 17 81
1 39
1 4
1 48
2 13 76
1 15
2 28 50
1 6
1 36
1 33
4 60 68 78 83
1 58
2 16 69
2 26 5
1 30
1 74
3 29 53 75
1 57
2 18 37
1 81
3 27 41 61
1 78
1 42
1 22
1 82
1 11
1 51
1 79
3 32 71 82
1 54
2 7 70
2 1 72
1 83
1 9
2 12 44
4 0 55 66 79
1 10
3 25 31 83
1 43
2 35 77
2 23 45
1 83
1 47
2 19 46
1 77
1 24
1 83
3 21 40 62
1 2
2 38 80
1 63
2 14 49
2 20 56
1 34
1 73
2 65 82
2 64 80
1 3
2 59 8
4 84 85 86 87
3 88 89 90
1 91
1 92
