28
0 1 0 1 1 0 0 0 0 0 0 0 1 0 0 1 1 0 1 1 0 0 0 0 0 0 1 0
1 0 0 1 1 0 0 0 0 0 0 0 1 0 0 1 1 0 1 1 0 0 0 0 0 0 1 0
0 0 0 1 0 1 1 0 1 1 1 1 0 10 1 1 0 0 0 0 1 1 1 0 1 1 0 1
1 1 1 0 1 1 1 0 1 1 0 1 1 1 1 10 1 0 1 1 1 0 1 0 0 0 1 1
1 1 0 1 0 0 0 1 0 1 1 0 1 1 0 1 10 10 10 10 0 1 0 10 1 1 10 10
0 0 1 1 0 0 1 0 1 1 0 1 0 1 1 1 0 0 0 0 1 0 1 0 0 0 0 1
0 0 1 1 0 1 0 0 1 1 0 1 0 1 1 1 0 0 0 0 1 0 1 0 0 0 0 1
0 0 0 0 1 0 0 0 0 1 0 0 0 0 0 0 1 1 0 0 0 1 0 1 0 0 1 1
0 0 1 1 0 1 1 0 0 1 0 1 0 1 1 1 0 0 0 0 1 0 1 0 0 0 0 1
0 0 1 1 1 1 1 1 1 0 0 1 0 1 1 1 1 1 0 0 1 1 1 1 0 0 1 10
0 0 1 0 1 0 0 0 0 0 0 0 0 10 0 0 0 1 1 1 0 1 0 1 10 10 0 1
0 0 1 1 0 1 1 0 1 1 0 0 0 1 1 1 0 0 0 0 1 0 1 0 0 0 0 1
1 1 0 1 1 0 0 0 0 0 0 0 0 0 0 1 1 0 1 1 0 0 0 0 0 0 1 0
0 0 10 1 1 1 1 0 1 1 10 1 0 0 1 1 0 1 1 1 1 1 1 1 10 10 0 10
0 0 1 1 0 1 1 0 1 1 0 1 0 1 0 1 0 0 0 0 1 0 1 0 0 0 0 1
1 1 1 10 1 1 1 0 1 1 0 1 1 1 1 0 1 0 1 1 1 0 1 0 0 0 1 1
1 1 0 1 10 0 0 1 0 1 0 0 1 0 0 1 0 1 1 1 0 1 0 1 0 0 10 1
0 0 0 0 10 0 0 1 0 1 1 0 0 1 0 0 1 0 1 1 0 1 0 10 1 1 1 10
1 1 0 1 10 0 0 0 0 0 1 0 1 1 0 1 1 1 0 10 0 0 0 1 1 1 1 1
1 1 0 1 10 0 0 0 0 0 1 0 1 1 0 1 1 1 10 0 0 0 0 1 1 1 1 1
0 0 1 1 0 1 1 0 1 1 0 1 0 1 1 1 0 0 0 0 0 0 1 0 0 0 0 1
0 0 1 0 1 0 0 1 0 1 1 0 0 1 0 0 1 1 0 0 0 0 0 1 1 1 1 1
0 0 1 1 0 1 1 0 1 1 0 1 0 1 1 1 0 0 0 0 1 0 0 0 0 0 0 1
0 0 0 0 10 0 0 1 0 1 1 0 0 1 0 0 1 10 1 1 0 1 0 0 1 1 1 10
0 0 1 0 1 0 0 0 0 0 10 0 0 10 0 0 0 1 1 1 0 1 0 1 0 10 0 1
0 0 1 0 1 0 0 0 0 0 10 0 0 10 0 0 0 1 1 1 0 1 0 1 10 0 0 1
1 1 0 1 10 0 0 1 0 1 0 0 1 0 0 1 10 1 1 1 0 1 0 1 0 0 0 1
0 0 1 1 10 1 1 1 1 10 1 1 0 10 1 1 1 10 1 1 1 1 1 10 1 1 1 0
3
3 2 3
4 3 3
5 2 3
2
2 4 
1 3
1 3
2 4
2 5
2 3 
1 4
1 4
2 5
28 5
1 0
1 0
2 1 2
2 0 2
3 0 3 4
1 2
1 2
1 3
1 2
2 2 3
2 1 4
1 2
1 0
3 1 2 4
1 2
2 0 2
2 0 3
2 3 4
2 0 4
2 0 4
1 2
2 1 3
1 2
2 3 4
2 1 4
2 1 4
2 0 3
3 2 3 4
28 46
1 14
1 19
2 1 16
1 11
2 20 27
1 32
2 3 33
1 25
1 5
2 0 22
2 17 2
3 15 29 34
1 31
2 26 33
1 28
4 10 18 4 9
2 13 21
2 12 24
1 30
2 34 8
2 6 7
3 23 35 36
2 37 38
1 39
1 40
1 41
2 42 43
2 44 45
