28
0 0 1 0 0 0 0 0 0 1 1 0 0 0 0 1 0 0 1 0 0 1 0 0 1 0 0 0
0 0 0 1 0 1 1 0 1 0 1 0 0 1 1 1 0 1 0 0 0 0 1 1 1 0 0 0
1 0 0 0 0 0 0 0 0 1 1 0 0 0 0 1 0 0 1 0 0 1 0 0 1 0 0 0
0 1 0 0 0 0 0 0 1 0 1 0 0 1 1 1 0 0 0 0 0 0 0 0 1 0 0 0
0 0 0 0 0 1 0 1 1 0 0 1 1 0 1 0 0 1 0 0 0 0 1 1 1 0 1 1
0 1 0 0 1 0 1 1 1 0 0 1 1 0 1 0 0 10 0 0 0 0 10 10 1 0 1 1
0 1 0 0 0 1 0 0 0 0 0 0 0 0 0 0 0 1 0 0 0 0 1 1 0 0 0 0
0 0 0 0 1 1 0 0 1 0 0 1 1 0 1 0 0 1 0 0 0 0 1 1 1 0 1 1
0 1 0 1 1 1 0 1 0 0 1 1 1 1 10 1 0 1 0 0 0 0 1 1 10 0 1 1
1 0 1 0 0 0 0 0 0 0 1 0 0 0 0 1 0 0 1 0 0 1 0 0 1 0 0 0
1 1 1 1 0 0 0 0 1 1 0 1 0 1 10 100 1 0 10 1 1 1 1 0 10 1 1 0
0 0 0 0 1 1 0 1 1 0 1 0 1 0 10 1 1 1 1 1 1 0 10 1 1 1 10 1
0 0 0 0 1 1 0 1 1 0 0 1 0 0 1 0 0 1 0 0 0 0 1 1 1 0 1 1
0 1 0 1 0 0 0 0 1 0 1 0 0 0 1 1 0 0 0 0 0 0 0 0 1 0 0 0
0 1 0 1 1 1 0 1 10 0 10 10 1 1 0 10 1 1 1 1 1 0 10 1 10 1 10 1
1 1 1 1 0 0 0 0 1 1 100 1 0 1 10 0 1 0 10 1 1 1 1 0 10 1 1 0
0 0 0 0 0 0 0 0 0 0 1 1 0 0 1 1 0 0 1 1 1 0 1 0 0 1 1 0
0 1 0 0 1 10 1 1 1 0 0 1 1 0 1 0 0 0 0 0 0 0 10 10 1 0 1 1
1 0 1 0 0 0 0 0 0 1 10 1 0 0 1 10 1 0 0 1 1 1 1 0 1 1 1 0
0 0 0 0 0 0 0 0 0 0 1 1 0 0 1 1 1 0 1 0 1 0 1 0 0 1 1 0
0 0 0 0 0 0 0 0 0 0 1 1 0 0 1 1 1 0 1 1 0 0 1 0 0 1 1 0
1 0 1 0 0 0 0 0 0 1 1 0 0 0 0 1 0 0 1 0 0 0 0 0 1 0 0 0
0 1 0 0 1 10 1 1 1 0 1 10 1 0 10 1 1 10 1 1 1 0 0 10 1 1 10 1
0 1 0 0 1 10 1 1 1 0 0 1 1 0 1 0 0 10 0 0 0 0 10 0 1 0 1 1
1 1 1 1 1 1 0 1 10 1 10 1 1 1 10 10 0 1 1 0 0 1 1 1 0 0 1 1
0 0 0 0 0 0 0 0 0 0 1 1 0 0 1 1 1 0 1 1 1 0 1 0 0 0 1 0
0 0 0 0 1 1 0 1 1 0 1 10 1 0 10 1 1 1 1 1 1 0 10 1 1 1 0 1
0 0 0 0 1 1 0 1 1 0 0 1 1 0 1 0 0 1 0 0 0 0 1 1 1 0 1 0
3
3 2 3
4 3 3
5 2 3
2
2 4 
1 3
1 3
2 4
2 5
2 3 
1 4
1 4
2 5
28 5
1 2
2 0 4
1 2
1 0
1 3
2 3 4
1 4
1 3
2 0 3
1 2
3 0 1 2
2 1 3
1 3
1 0
3 0 1 3
3 0 1 2
1 1
2 3 4
2 1 2
1 1
1 1
1 2
3 1 3 4
2 3 4
3 0 2 3
1 1
2 1 3
1 3
28 41
3 14 26 34
1 33
1 12
3 10 15 28
1 27
1 21
1 0
1 5
1 31
1 8
1 30
2 1 23
2 13 16
1 3
2 20 22
2 17 25
2 32 34
1 11
1 6
3 2 24 33
2 18 9
1 7
2 29 4
2 19 35
2 36 37
1 38
1 39
1 40
