47
0 1 1 1 1 1 1 1 1 1 10 0 1 0 1 10 0 1 10 1 0 0 1 1 1 0 0 1 0 1 0 0 0 0 1 1 1 1 0 1 1 0 0 0 1 1 0
1 0 0 0 1 1 1 1 0 1 1 1 1 1 1 1 0 0 1 10 1 0 1 10 10 1 1 1 1 10 1 1 1 1 0 1 0 0 0 1 0 1 10 10 0 0 1
1 0 0 1 1 0 0 0 1 0 1 0 1 0 0 1 0 1 1 0 0 0 0 0 0 0 0 1 0 0 0 0 0 0 1 0 1 1 0 0 1 0 0 0 1 1 0
1 0 1 0 1 0 0 0 1 0 1 0 1 0 0 1 0 1 1 0 0 0 0 0 0 0 0 1 0 0 0 0 0 0 1 0 1 1 0 0 1 0 0 0 1 1 0
1 1 1 1 0 0 0 0 1 0 1 0 10 0 0 1 0 1 1 0 0 0 0 0 1 0 0 10 1 1 1 1 0 1 1 0 1 1 0 0 1 0 1 1 1 1 0
1 1 0 0 0 0 1 1 0 10 10 0 0 0 1 1 1 0 10 10 0 1 1 10 1 0 0 0 0 1 0 0 0 1 0 1 1 0 1 1 0 0 1 0 0 0 0
1 1 0 0 0 1 0 1 0 1 1 0 0 0 1 1 0 0 1 1 0 0 1 1 1 0 0 0 0 1 0 0 0 0 0 1 0 0 0 1 0 0 0 0 0 0 0
1 1 0 0 0 1 1 0 0 1 1 0 0 0 1 1 0 0 1 1 0 0 1 1 1 0 0 0 0 1 0 0 0 0 0 1 0 0 0 1 0 0 0 0 0 0 0
1 0 1 1 1 0 0 0 0 0 1 0 1 0 0 1 0 1 1 0 0 0 0 0 0 0 0 1 0 0 0 0 0 0 1 0 1 1 0 0 1 0 0 0 1 1 0
1 1 0 0 0 10 1 1 0 0 10 0 0 0 1 1 1 0 10 10 0 1 1 10 1 0 0 0 0 1 0 0 0 1 0 1 1 0 1 1 0 0 1 0 0 0 0
10 1 1 1 1 10 1 1 1 10 0 0 1 0 1 10 1 1 100 10 0 1 1 10 1 0 0 1 0 1 0 0 0 1 1 1 10 1 1 1 1 0 1 0 1 1 0
0 1 0 0 0 0 0 0 0 0 0 0 0 1 0 0 0 0 0 1 1 0 0 1 0 1 1 0 0 0 0 0 1 0 0 0 0 0 0 0 0 1 1 1 0 0 1
1 1 1 1 10 0 0 0 1 0 1 0 0 0 0 1 0 1 1 0 0 0 0 0 1 0 0 10 1 1 1 1 0 1 1 0 1 1 0 0 1 0 1 1 1 1 0
0 1 0 0 0 0 0 0 0 0 0 1 0 0 0 0 0 0 0 1 1 0 0 1 0 1 1 0 0 0 0 0 1 0 0 0 0 0 0 0 0 1 1 1 0 0 1
1 1 0 0 0 1 1 1 0 1 1 0 0 0 0 1 0 0 1 1 0 0 1 1 1 0 0 0 0 1 0 0 0 0 0 1 0 0 0 1 0 0 0 0 0 0 0
10 1 1 1 1 1 1 1 1 1 10 0 1 0 1 0 0 1 10 1 0 0 1 1 1 0 0 1 0 1 0 0 0 0 1 1 1 1 0 1 1 0 0 0 1 1 0
0 0 0 0 0 1 0 0 0 1 1 0 0 0 0 0 0 0 1 1 0 1 0 1 0 0 0 0 0 0 0 0 0 1 0 0 1 0 1 0 0 0 1 0 0 0 0
1 0 1 1 1 0 0 0 1 0 1 0 1 0 0 1 0 0 1 0 0 0 0 0 0 0 0 1 0 0 0 0 0 0 1 0 1 1 0 0 1 0 0 0 1 1 0
10 1 1 1 1 10 1 1 1 10 100 0 1 0 1 10 1 1 0 10 0 1 1 10 1 0 0 1 0 1 0 0 0 1 1 1 10 1 1 1 1 0 1 0 1 1 0
1 10 0 0 0 10 1 1 0 10 10 1 0 1 1 1 1 0 10 0 1 1 1 100 1 1 1 0 0 1 0 0 1 1 0 1 1 0 1 1 0 1 10 1 0 0 1
0 1 0 0 0 0 0 0 0 0 0 1 0 1 0 0 0 0 0 1 0 0 0 1 0 1 1 0 0 0 0 0 1 0 0 0 0 0 0 0 0 1 1 1 0 0 1
0 0 0 0 0 1 0 0 0 1 1 0 0 0 0 0 1 0 1 1 0 0 0 1 0 0 0 0 0 0 0 0 0 1 0 0 1 0 1 0 0 0 1 0 0 0 0
1 1 0 0 0 1 1 1 0 1 1 0 0 0 1 1 0 0 1 1 0 0 0 1 1 0 0 0 0 1 0 0 0 0 0 1 0 0 0 1 0 0 0 0 0 0 0
1 10 0 0 0 10 1 1 0 10 10 1 0 1 1 1 1 0 10 100 1 1 1 0 1 1 1 0 0 1 0 0 1 1 0 1 1 0 1 1 0 1 10 1 0 0 1
1 10 0 0 1 1 1 1 0 1 1 0 1 0 1 1 0 0 1 1 0 0 1 1 0 0 0 1 1 10 1 1 0 1 0 1 0 0 0 1 0 0 1 1 0 0 0
0 1 0 0 0 0 0 0 0 0 0 1 0 1 0 0 0 0 0 1 1 0 0 1 0 0 1 0 0 0 0 0 1 0 0 0 0 0 0 0 0 1 1 1 0 0 1
0 1 0 0 0 0 0 0 0 0 0 1 0 1 0 0 0 0 0 1 1 0 0 1 0 1 0 0 0 0 0 0 1 0 0 0 0 0 0 0 0 1 1 1 0 0 1
1 1 1 1 10 0 0 0 1 0 1 0 10 0 0 1 0 1 1 0 0 0 0 0 1 0 0 0 1 1 1 1 0 1 1 0 1 1 0 0 1 0 1 1 1 1 0
0 1 0 0 1 0 0 0 0 0 0 0 1 0 0 0 0 0 0 0 0 0 0 0 1 0 0 1 0 1 1 1 0 1 0 0 0 0 0 0 0 0 1 1 0 0 0
1 10 0 0 1 1 1 1 0 1 1 0 1 0 1 1 0 0 1 1 0 0 1 1 10 0 0 1 1 0 1 1 0 1 0 1 0 0 0 1 0 0 1 1 0 0 0
0 1 0 0 1 0 0 0 0 0 0 0 1 0 0 0 0 0 0 0 0 0 0 0 1 0 0 1 1 1 0 1 0 1 0 0 0 0 0 0 0 0 1 1 0 0 0
0 1 0 0 1 0 0 0 0 0 0 0 1 0 0 0 0 0 0 0 0 0 0 0 1 0 0 1 1 1 1 0 0 1 0 0 0 0 0 0 0 0 1 1 0 0 0
0 1 0 0 0 0 0 0 0 0 0 1 0 1 0 0 0 0 0 1 1 0 0 1 0 1 1 0 0 0 0 0 0 0 0 0 0 0 0 0 0 1 1 1 0 0 1
0 1 0 0 1 1 0 0 0 1 1 0 1 0 0 0 1 0 1 1 0 1 0 1 1 0 0 1 1 1 1 1 0 0 0 0 1 0 1 0 0 0 10 1 0 0 0
1 0 1 1 1 0 0 0 1 0 1 0 1 0 0 1 0 1 1 0 0 0 0 0 0 0 0 1 0 0 0 0 0 0 0 0 1 1 0 0 1 0 0 0 1 1 0
1 1 0 0 0 1 1 1 0 1 1 0 0 0 1 1 0 0 1 1 0 0 1 1 1 0 0 0 0 1 0 0 0 0 0 0 0 0 0 1 0 0 0 0 0 0 0
1 0 1 1 1 1 0 0 1 1 10 0 1 0 0 1 1 1 10 1 0 1 0 1 0 0 0 1 0 0 0 0 0 1 1 0 0 1 1 0 1 0 1 0 1 1 0
1 0 1 1 1 0 0 0 1 0 1 0 1 0 0 1 0 1 1 0 0 0 0 0 0 0 0 1 0 0 0 0 0 0 1 0 1 0 0 0 1 0 0 0 1 1 0
0 0 0 0 0 1 0 0 0 1 1 0 0 0 0 0 1 0 1 1 0 1 0 1 0 0 0 0 0 0 0 0 0 1 0 0 1 0 0 0 0 0 1 0 0 0 0
1 1 0 0 0 1 1 1 0 1 1 0 0 0 1 1 0 0 1 1 0 0 1 1 1 0 0 0 0 1 0 0 0 0 0 1 0 0 0 0 0 0 0 0 0 0 0
1 0 1 1 1 0 0 0 1 0 1 0 1 0 0 1 0 1 1 0 0 0 0 0 0 0 0 1 0 0 0 0 0 0 1 0 1 1 0 0 0 0 0 0 1 1 0
0 1 0 0 0 0 0 0 0 0 0 1 0 1 0 0 0 0 0 1 1 0 0 1 0 1 1 0 0 0 0 0 1 0 0 0 0 0 0 0 0 0 1 1 0 0 1
0 10 0 0 1 1 0 0 0 1 1 1 1 1 0 0 1 0 1 10 1 1 0 10 1 1 1 1 1 1 1 1 1 10 0 0 1 0 1 0 0 1 0 10 0 0 1
0 10 0 0 1 0 0 0 0 0 0 1 1 1 0 0 0 0 0 1 1 0 0 1 1 1 1 1 1 1 1 1 1 1 0 0 0 0 0 0 0 1 10 0 0 0 1
1 0 1 1 1 0 0 0 1 0 1 0 1 0 0 1 0 1 1 0 0 0 0 0 0 0 0 1 0 0 0 0 0 0 1 0 1 1 0 0 1 0 0 0 0 1 0
1 0 1 1 1 0 0 0 1 0 1 0 1 0 0 1 0 1 1 0 0 0 0 0 0 0 0 1 0 0 0 0 0 0 1 0 1 1 0 0 1 0 0 0 1 0 0
0 1 0 0 0 0 0 0 0 0 0 1 0 1 0 0 0 0 0 1 1 0 0 1 0 1 1 0 0 0 0 0 1 0 0 0 0 0 0 0 0 1 1 1 0 0 0
3
3 1 3
4 6 3
5 4 3
3
2 4 
1 3
1 4
2 5
2 5
2 4 
1 4
1 4
2 5
2 5
1 3 
1 4
1 4
1 4
47 5
2 3 4
3 0 2 4
1 3
1 3
2 2 3
2 1 4
1 4
1 4
1 3
2 1 4
3 1 3 4
1 0
2 2 3
1 0
1 4
2 3 4
1 1
1 3
3 1 3 4
3 0 1 4
1 0
1 1
1 4
3 0 1 4
2 2 4
1 0
1 0
2 2 3
1 2
2 2 4
1 2
1 2
1 0
2 1 2
1 3
1 4
2 1 3
1 3
1 1
1 4
1 3
1 0
3 0 1 2
2 0 2
1 3
1 3
1 0
47 69
2 21 40
1 46
2 31 57
2 12 14
1 57
2 23 60
1 59
1 44
1 1
2 0 19
2 52 59
2 41 42
2 16 54
1 4
1 45
1 38
2 11 6
2 17 32
3 24 53 60
1 18
1 9
3 20 39 49
2 10 50
1 58
3 22 26 34
1 33
1 15
3 29 48 8
2 30 51
1 55
2 56 60
2 58 59
3 2 56 60
2 13 25
2 28 36
1 47
3 35 5 55
1 3
2 27 7
1 37
1 43
1 60
2 61 62
2 63 64
1 65
1 66
2 67 68
