37
0 0 0 1 0 0 1 0 0 1 0 0 0 0 0 1 0 1 0 0 0 0 1 0 1 0 0 0 0 0 1 0 1 0 0 1 1
0 0 0 0 0 0 1 1 0 0 1 0 0 0 0 0 1 1 0 1 1 0 0 0 1 1 0 0 1 0 0 0 0 0 1 1 0
0 0 0 1 1 0 0 0 1 0 0 0 1 1 0 0 0 0 1 0 0 1 0 1 0 1 0 0 0 0 1 1 1 1 0 0 0
1 0 1 0 1 0 1 0 1 1 0 0 1 1 0 1 0 1 1 0 0 1 1 1 1 1 0 0 0 0 10 1 10 1 0 1 1
0 0 1 1 0 0 0 0 1 0 0 0 1 1 0 0 0 0 1 0 0 1 0 1 0 1 0 0 0 0 1 1 1 1 0 0 0
0 0 0 0 0 0 0 1 0 0 1 1 0 1 1 0 0 1 0 0 0 1 0 1 1 0 1 1 1 1 0 0 0 0 0 0 1
1 1 0 1 0 0 0 1 0 1 1 0 0 0 0 1 1 10 0 1 1 0 1 0 10 1 0 0 1 0 1 0 1 0 1 10 1
0 1 0 0 0 1 1 0 1 0 100 10 0 1 10 0 1 10 1 1 1 1 0 10 10 10 10 10 10 1 0 0 0 0 1 1 1
0 0 1 1 1 0 0 1 0 0 1 1 1 1 1 0 0 0 10 0 0 1 0 10 0 10 1 1 0 0 1 1 1 1 0 0 0
1 0 0 1 0 0 1 0 0 0 0 0 0 0 0 1 0 1 0 0 0 0 1 0 1 0 0 0 0 0 1 0 1 0 0 1 1
0 1 0 0 0 1 1 100 1 0 0 10 0 1 10 0 1 10 1 1 1 1 0 10 10 10 10 10 10 1 0 0 0 0 1 1 1
0 0 0 0 0 1 0 10 1 0 10 0 0 1 10 0 0 1 1 0 0 1 0 10 1 1 10 10 1 1 0 0 0 0 0 0 1
0 0 1 1 1 0 0 0 1 0 0 0 0 1 0 0 0 0 1 0 0 1 0 1 0 1 0 0 0 0 1 1 1 1 0 0 0
0 0 1 1 1 1 0 1 1 0 1 1 1 0 1 0 0 1 1 0 0 10 0 10 1 1 1 1 1 1 1 1 1 1 0 0 1
0 0 0 0 0 1 0 10 1 0 10 10 0 1 0 0 0 1 1 0 0 1 0 10 1 1 10 10 1 1 0 0 0 0 0 0 1
1 0 0 1 0 0 1 0 0 1 0 0 0 0 0 0 0 1 0 0 0 0 1 0 1 0 0 0 0 0 1 0 1 0 0 1 1
0 1 0 0 0 0 1 1 0 0 1 0 0 0 0 0 0 1 0 1 1 0 0 0 1 1 0 0 1 0 0 0 0 0 1 1 0
1 1 0 1 0 1 10 10 0 1 10 1 0 1 1 1 1 0 0 1 1 1 1 1 100 1 1 1 10 1 1 0 1 0 1 10 10
0 0 1 1 1 0 0 1 10 0 1 1 1 1 1 0 0 0 0 0 0 1 0 10 0 10 1 1 0 0 1 1 1 1 0 0 0
0 1 0 0 0 0 1 1 0 0 1 0 0 0 0 0 1 1 0 0 1 0 0 0 1 1 0 0 1 0 0 0 0 0 1 1 0
0 1 0 0 0 0 1 1 0 0 1 0 0 0 0 0 1 1 0 1 0 0 0 0 1 1 0 0 1 0 0 0 0 0 1 1 0
0 0 1 1 1 1 0 1 1 0 1 1 1 10 1 0 0 1 1 0 0 0 0 10 1 1 1 1 1 1 1 1 1 1 0 0 1
1 0 0 1 0 0 1 0 0 1 0 0 0 0 0 1 0 1 0 0 0 0 0 0 1 0 0 0 0 0 1 0 1 0 0 1 1
0 0 1 1 1 1 0 10 10 0 10 10 1 10 10 0 0 1 10 0 0 10 0 0 1 10 10 10 1 1 1 1 1 1 0 0 1
1 1 0 1 0 1 10 10 0 1 10 1 0 1 1 1 1 100 0 1 1 1 1 1 0 1 1 1 10 1 1 0 1 0 1 10 10
0 1 1 1 1 0 1 10 10 0 10 1 1 1 1 0 1 1 10 1 1 1 0 10 1 0 1 1 1 0 1 1 1 1 1 1 0
0 0 0 0 0 1 0 10 1 0 10 10 0 1 10 0 0 1 1 0 0 1 0 10 1 1 0 10 1 1 0 0 0 0 0 0 1
0 0 0 0 0 1 0 10 1 0 10 10 0 1 10 0 0 1 1 0 0 1 0 10 1 1 10 0 1 1 0 0 0 0 0 0 1
0 1 0 0 0 1 1 10 0 0 10 1 0 1 1 0 1 10 0 1 1 1 0 1 10 1 1 1 0 1 0 0 0 0 1 1 1
0 0 0 0 0 1 0 1 0 0 1 1 0 1 1 0 0 1 0 0 0 1 0 1 1 0 1 1 1 0 0 0 0 0 0 0 1
1 0 1 10 1 0 1 0 1 1 0 0 1 1 0 1 0 1 1 0 0 1 1 1 1 1 0 0 0 0 0 1 10 1 0 1 1
0 0 1 1 1 0 0 0 1 0 0 0 1 1 0 0 0 0 1 0 0 1 0 1 0 1 0 0 0 0 1 0 1 1 0 0 0
1 0 1 10 1 0 1 0 1 1 0 0 1 1 0 1 0 1 1 0 0 1 1 1 1 1 0 0 0 0 10 1 0 1 0 1 1
0 0 1 1 1 0 0 0 1 0 0 0 1 1 0 0 0 0 1 0 0 1 0 1 0 1 0 0 0 0 1 1 1 0 0 0 0
0 1 0 0 0 0 1 1 0 0 1 0 0 0 0 0 1 1 0 1 1 0 0 0 1 1 0 0 1 0 0 0 0 0 0 1 0
1 1 0 1 0 0 10 1 0 1 1 0 0 0 0 1 1 10 0 1 1 0 1 0 10 1 0 0 1 0 1 0 1 0 1 0 1
1 0 0 1 0 1 1 1 0 1 1 1 0 1 1 1 0 10 0 0 0 1 1 1 10 0 1 1 1 1 1 0 1 0 0 1 0
3
3 2 3
4 4 3
5 3 3
3
2 4 
1 3
1 3
2 4
2 5
2 4 
1 4
1 4
2 5
2 5
1 1 
1 4
37 5
1 4
1 1
1 2
2 2 4
1 2
1 3
2 1 4
3 0 1 3
2 0 2
1 4
3 0 1 3
2 0 3
1 2
2 2 3
2 0 3
1 4
1 1
3 1 3 4
2 0 2
1 1
1 1
2 2 3
1 4
3 0 2 3
3 1 3 4
3 0 1 2
2 0 3
2 0 3
2 1 3
1 3
2 2 4
1 2
2 2 4
1 2
1 1
2 1 4
2 3 4
37 63
1 12
1 46
1 3
1 6
3 29 42 5
1 38
1 28
3 33 40 43
1 14
2 17 32
1 9
2 19 44
4 39 4 44 7
1 10
2 30 8
2 18 20
1 26
1 22
1 46
1 23
4 0 31 37 45
1 35
3 1 11 45
2 34 41
1 2
1 16
1 36
2 25 27
3 13 15 21
1 24
3 47 48 49
1 50
4 51 52 53 54
1 55
3 56 57 58
3 59 60 61
1 62
