28
0 0 0 0 0 0 1 0 1 0 0 0 0 1 0 0 0 0 0 0 0 1 0 1 0 0 0 1
0 0 1 0 1 10 10 0 0 0 1 0 1 10 1 1 1 1 1 1 10 0 1 0 10 1 1 1
0 1 0 1 0 1 1 1 0 0 0 1 1 1 1 10 1 0 0 1 1 0 0 1 1 0 1 0
0 0 1 0 0 0 0 1 0 0 0 1 0 0 0 1 0 0 0 0 0 0 0 1 0 0 0 0
0 1 0 0 0 1 1 0 0 0 1 0 0 1 0 0 0 1 1 0 1 0 1 0 1 1 0 1
0 10 1 0 1 0 10 0 0 0 1 0 1 10 1 1 1 1 1 1 10 0 1 0 10 1 1 1
1 10 1 0 1 10 0 0 1 0 1 0 1 100 1 1 1 1 1 1 10 1 1 1 10 1 1 10
0 0 1 1 0 0 0 0 0 1 0 1 0 0 0 1 1 0 0 0 1 0 0 1 0 1 0 0
1 0 0 0 0 0 1 0 0 0 0 0 0 1 0 0 0 0 0 0 0 1 0 1 0 0 0 1
0 0 0 0 0 0 0 1 0 0 0 0 0 0 0 0 1 0 0 0 1 0 0 0 0 1 0 0
0 1 0 0 1 1 1 0 0 0 0 0 0 1 0 0 0 1 1 0 1 0 1 0 1 1 0 1
0 0 1 1 0 0 0 1 0 0 0 0 0 0 0 1 0 0 0 0 0 0 0 1 0 0 0 0
0 1 1 0 0 1 1 0 0 0 0 0 0 1 1 1 1 0 0 1 1 0 0 0 1 0 1 0
1 10 1 0 1 10 100 0 1 0 1 0 1 0 1 1 1 1 1 1 10 1 1 1 10 1 1 10
0 1 1 0 0 1 1 0 0 0 0 0 1 1 0 1 1 0 0 1 1 0 0 0 1 0 1 0
0 1 10 1 0 1 1 1 0 0 0 1 1 1 1 0 1 0 0 1 1 0 0 1 1 0 1 0
0 1 1 0 0 1 1 1 0 1 0 0 1 1 1 1 0 0 0 1 10 0 0 0 1 1 1 0
0 1 0 0 1 1 1 0 0 0 1 0 0 1 0 0 0 0 1 0 1 0 1 0 1 1 0 1
0 1 0 0 1 1 1 0 0 0 1 0 0 1 0 0 0 1 0 0 1 0 1 0 1 1 0 1
0 1 1 0 0 1 1 0 0 0 0 0 1 1 1 1 1 0 0 0 1 0 0 0 1 0 1 0
0 10 1 0 1 10 10 1 0 1 1 0 1 10 1 1 10 1 1 1 0 0 1 0 10 10 1 1
1 0 0 0 0 0 1 0 1 0 0 0 0 1 0 0 0 0 0 0 0 0 0 1 0 0 0 1
0 1 0 0 1 1 1 0 0 0 1 0 0 1 0 0 0 1 1 0 1 0 0 0 1 1 0 1
1 0 1 1 0 0 1 1 1 0 0 1 0 1 0 1 0 0 0 0 0 1 0 0 0 0 0 1
0 10 1 0 1 10 10 0 0 0 1 0 1 10 1 1 1 1 1 1 10 0 1 0 0 1 1 1
0 1 0 0 1 1 1 1 0 1 1 0 0 1 0 0 1 1 1 0 10 0 1 0 1 0 0 1
0 1 1 0 0 1 1 0 0 0 0 0 1 1 1 1 1 0 0 1 1 0 0 0 1 0 0 0
1 1 0 0 1 1 10 0 1 0 1 0 0 10 0 0 0 1 1 0 1 1 1 1 1 1 0 0
3
3 2 3
4 3 3
5 2 3
2
2 4 
1 3
1 3
2 4
2 5
2 3 
1 4
1 4
2 5
28 5
1 2
2 0 4
2 3 4
1 3
1 0
2 0 4
3 0 2 4
2 1 3
1 2
1 1
1 0
1 3
1 4
3 0 2 4
1 4
2 3 4
2 1 4
1 0
1 0
1 4
3 0 1 4
1 2
1 0
2 2 3
2 0 4
2 0 1
1 4
2 0 2
28 43
1 3
1 28
1 14
2 16 33
2 6 8
2 18 32
1 11
1 19
1 12
1 21
1 33
1 7
1 31
2 1 25
1 26
2 30 5
2 0 22
1 34
3 10 13 9
4 17 2 27 4
1 24
2 15 29
2 20 34
2 23 35
3 36 37 38
2 39 40
1 41
1 42
