37
0 0 1 1 0 1 1 1 0 0 0 0 1 1 0 1 0 0 1 1 0 0 1 1 0 1 1 0 0 0 0 1 1 0 0 0 0
0 0 0 0 0 0 0 1 0 1 0 0 1 0 0 1 1 0 0 0 1 0 0 1 0 0 0 0 0 0 1 0 1 0 0 0 0
1 0 0 1 1 1 1 1 1 1 1 1 10 10 0 1 0 1 1 1 1 10 100 10 0 1 1 1 0 1 0 1 10 1 1 0 1
1 0 1 0 0 1 1 1 0 0 0 0 1 1 0 1 0 0 1 1 0 0 1 1 0 1 1 0 0 0 0 1 1 0 0 0 0
0 0 1 0 0 0 0 0 0 0 0 1 1 0 0 0 0 0 0 0 0 1 1 1 0 0 0 1 0 1 0 0 0 0 0 0 0
1 0 1 1 0 0 1 1 0 0 0 0 1 1 0 1 0 0 1 1 0 0 1 1 0 1 1 0 0 0 0 1 1 0 0 0 0
1 0 1 1 0 1 0 1 0 0 0 0 1 1 0 1 0 0 1 1 0 0 1 1 0 1 1 0 0 0 0 1 1 0 0 0 0
1 1 1 1 0 1 1 0 0 1 0 0 10 1 0 10 1 0 1 1 1 0 1 10 0 1 1 0 0 0 1 1 10 0 0 0 0
0 0 1 0 0 0 0 0 0 1 1 0 0 1 0 0 0 1 0 0 1 1 1 0 0 0 0 0 0 0 0 0 1 1 1 0 1
0 1 1 0 0 0 0 1 1 0 1 0 1 1 0 1 1 1 0 0 10 1 1 1 0 0 0 0 0 0 1 0 10 1 1 0 1
0 0 1 0 0 0 0 0 1 1 0 0 0 1 0 0 0 1 0 0 1 1 1 0 0 0 0 0 0 0 0 0 1 1 1 0 1
0 0 1 0 1 0 0 0 0 0 0 0 1 0 0 0 0 0 0 0 0 1 1 1 0 0 0 1 0 1 0 0 0 0 0 0 0
1 1 10 1 1 1 1 10 0 1 0 1 0 1 0 10 1 0 1 1 1 1 10 100 0 1 1 1 0 1 1 1 10 0 0 0 0
1 0 10 1 0 1 1 1 1 1 1 0 1 0 1 1 1 10 1 1 1 10 10 1 1 1 1 1 1 1 0 10 10 1 1 1 10
0 0 0 0 0 0 0 0 0 0 0 0 0 1 0 0 1 1 0 0 0 1 0 0 1 0 0 1 1 1 0 1 0 0 0 1 1
1 1 1 1 0 1 1 10 0 1 0 0 10 1 0 0 1 0 1 1 1 0 1 10 0 1 1 0 0 0 1 1 10 0 0 0 0
0 1 0 0 0 0 0 1 0 1 0 0 1 1 1 1 0 1 0 0 1 1 0 1 1 0 0 1 1 1 1 1 1 0 0 1 1
0 0 1 0 0 0 0 0 1 1 1 0 0 10 1 0 1 0 0 0 1 10 1 0 1 0 0 1 1 1 0 1 1 1 1 1 10
1 0 1 1 0 1 1 1 0 0 0 0 1 1 0 1 0 0 0 1 0 0 1 1 0 1 1 0 0 0 0 1 1 0 0 0 0
1 0 1 1 0 1 1 1 0 0 0 0 1 1 0 1 0 0 1 0 0 0 1 1 0 1 1 0 0 0 0 1 1 0 0 0 0
0 1 1 0 0 0 0 1 1 10 1 0 1 1 0 1 1 1 0 0 0 1 1 1 0 0 0 0 0 0 1 0 10 1 1 0 1
0 0 10 0 1 0 0 0 1 1 1 1 1 10 1 0 1 10 0 0 1 0 10 1 1 0 0 10 1 10 0 1 1 1 1 1 10
1 0 100 1 1 1 1 1 1 1 1 1 10 10 0 1 0 1 1 1 1 10 0 10 0 1 1 1 0 1 0 1 10 1 1 0 1
1 1 10 1 1 1 1 10 0 1 0 1 100 1 0 10 1 0 1 1 1 1 10 0 0 1 1 1 0 1 1 1 10 0 0 0 0
0 0 0 0 0 0 0 0 0 0 0 0 0 1 1 0 1 1 0 0 0 1 0 0 0 0 0 1 1 1 0 1 0 0 0 1 1
1 0 1 1 0 1 1 1 0 0 0 0 1 1 0 1 0 0 1 1 0 0 1 1 0 0 1 0 0 0 0 1 1 0 0 0 0
1 0 1 1 0 1 1 1 0 0 0 0 1 1 0 1 0 0 1 1 0 0 1 1 0 1 0 0 0 0 0 1 1 0 0 0 0
0 0 1 0 1 0 0 0 0 0 0 1 1 1 1 0 1 1 0 0 0 10 1 1 1 0 0 0 1 10 0 1 0 0 0 1 1
0 0 0 0 0 0 0 0 0 0 0 0 0 1 1 0 1 1 0 0 0 1 0 0 1 0 0 1 0 1 0 1 0 0 0 1 1
0 0 1 0 1 0 0 0 0 0 0 1 1 1 1 0 1 1 0 0 0 10 1 1 1 0 0 10 1 0 0 1 0 0 0 1 1
0 1 0 0 0 0 0 1 0 1 0 0 1 0 0 1 1 0 0 0 1 0 0 1 0 0 0 0 0 0 0 0 1 0 0 0 0
1 0 1 1 0 1 1 1 0 0 0 0 1 10 1 1 1 1 1 1 0 1 1 1 1 1 1 1 1 1 0 0 1 0 0 1 1
1 1 10 1 0 1 1 10 1 10 1 0 10 10 0 10 1 1 1 1 10 1 10 10 0 1 1 0 0 0 1 1 0 1 1 0 1
0 0 1 0 0 0 0 0 1 1 1 0 0 1 0 0 0 1 0 0 1 1 1 0 0 0 0 0 0 0 0 0 1 0 1 0 1
0 0 1 0 0 0 0 0 1 1 1 0 0 1 0 0 0 1 0 0 1 1 1 0 0 0 0 0 0 0 0 0 1 1 0 0 1
0 0 0 0 0 0 0 0 0 0 0 0 0 1 1 0 1 1 0 0 0 1 0 0 1 0 0 1 1 1 0 1 0 0 0 0 1
0 0 1 0 0 0 0 0 1 1 1 0 0 10 1 0 1 10 0 0 1 10 1 0 1 0 0 1 1 1 0 1 1 1 1 1 0
3
3 2 3
4 4 3
5 3 3
3
2 4 
1 3
1 3
2 4
2 5
2 4 
1 4
1 4
2 5
2 5
1 1 
1 4
37 5
1 0
1 2
3 0 1 3
1 0
1 1
1 0
1 0
2 0 2
1 3
2 2 3
1 3
1 1
3 0 1 2
3 0 3 4
1 4
2 0 2
2 2 4
2 3 4
1 0
1 0
2 2 3
3 1 3 4
3 0 1 3
3 0 1 2
1 4
1 0
1 0
2 1 4
1 4
2 1 4
1 2
2 0 4
3 0 2 3
1 3
1 3
1 4
2 3 4
37 62
2 37 40
1 24
3 21 34 41
2 0 46
2 32 7
2 17 44
1 39
1 9
3 29 30 45
1 10
1 6
2 13 25
1 4
1 2
4 18 26 42 43
2 35 45
2 27 31
1 12
1 28
1 19
2 15 38
2 22 44
1 16
3 11 3 33
1 36
1 23
2 1 5
3 20 46 8
2 14 47
1 48
2 49 50
1 51
2 52 53
1 54
3 55 56 57
1 58
3 59 60 61
