84
0 0 0 0 1 1 0 0 0 0 0 0 0 0 0 0 0 0 0 1 0 0 1 0 1 0 1 0 0 0 0 0 0 1 0 0 1 0 0 1 0 0 0 0 1 0 0 0 0 0 0 1 0 0 1 0 0 0 0 0 0 0 0 0 0 0 0 0 1 0 0 1 0 0 1 0 0 0 1 1 0 1 0 0
0 0 1 1 1 0 0 0 0 0 1 0 0 0 0 0 1 0 1 1 1 0 1 0 0 0 0 0 0 0 0 0 1 0 0 0 0 1 0 0 1 0 0 0 0 1 1 0 0 0 0 1 0 1 0 0 0 0 0 0 0 0 1 0 0 0 0 0 1 0 1 0 0 0 0 1 0 0 0 0 0 0 0 0
0 1 0 1 10 0 1 0 0 10 10 0 1 1 1 0 10 1 1 1 1 0 1 10 0 1 0 1 1 0 0 0 1 0 0 0 0 1 1 0 1 1 0 1 0 10 1 0 1 1 1 10 1 1 1 0 0 1 1 0 1 0 1 1 0 1 0 1 1 1 1 0 1 1 0 1 1 0 0 0 1 1 0 0
0 1 1 0 1 0 0 0 0 0 1 0 0 0 0 0 1 0 1 1 1 0 1 0 0 0 0 0 0 0 0 0 1 0 0 0 0 1 0 0 1 0 0 0 0 1 1 0 0 0 0 1 0 1 0 0 0 0 0 0 0 0 1 0 0 0 0 0 1 0 1 0 0 0 0 1 0 0 0 0 0 0 0 0
1 1 10 1 0 1 1 0 0 1 1 0 0 1 0 0 1 0 1 10 1 0 10 1 1 1 1 1 0 0 0 0 1 1 0 0 1 1 0 1 1 1 0 0 1 1 1 0 0 0 1 100 1 1 10 0 0 1 1 0 1 0 1 1 0 1 0 0 10 0 1 1 1 1 1 1 1 0 1 1 1 1 0 0
1 0 0 0 1 0 0 0 0 0 0 0 0 0 0 0 0 0 0 1 0 0 1 0 1 0 1 0 0 0 0 0 0 1 0 0 1 0 0 1 0 0 0 0 1 0 0 0 0 0 0 1 0 0 1 0 0 0 0 0 0 0 0 0 0 0 0 0 1 0 0 1 0 0 1 0 0 0 1 1 0 1 0 0
0 0 1 0 1 0 0 1 0 1 0 0 0 1 0 0 0 1 0 0 1 0 0 10 0 1 1 1 0 0 1 0 0 0 0 0 0 0 0 0 1 1 1 0 1 0 0 1 0 0 1 1 1 0 1 0 0 1 10 0 1 1 1 1 1 1 1 0 0 0 0 0 1 1 0 0 10 1 0 0 10 0 1 0
0 0 0 0 0 0 1 0 0 0 0 0 0 0 0 0 0 1 0 0 1 0 0 1 0 0 1 0 0 0 1 0 0 0 0 0 0 0 0 0 1 0 1 0 1 0 0 1 0 0 0 0 0 0 0 0 0 0 1 0 0 1 1 0 1 0 1 0 0 0 0 0 0 0 0 0 1 1 0 0 1 0 1 0
0 0 0 0 0 0 0 0 0 1 0 0 0 0 0 1 0 1 0 1 0 1 1 0 0 0 0 0 1 1 0 0 0 0 1 0 1 0 0 0 1 1 0 1 0 0 0 0 0 0 0 0 0 1 0 1 1 0 0 1 0 0 0 0 0 0 1 0 0 0 0 0 1 0 0 0 0 0 0 1 1 0 0 0
0 0 10 0 1 0 1 0 1 0 1 0 1 1 1 1 1 10 0 1 0 1 1 10 0 1 0 1 10 1 0 0 0 0 1 0 1 0 1 0 1 10 0 10 0 1 0 0 1 1 1 1 1 1 1 1 1 1 1 1 1 0 0 1 0 1 1 1 0 1 0 0 10 1 0 0 1 0 0 1 10 1 0 0
0 1 10 1 1 0 0 0 0 1 0 1 1 0 10 0 10 1 1 1 1 0 1 1 0 0 0 0 1 0 0 1 1 1 0 1 1 10 1 0 1 0 0 1 0 10 1 1 10 1 0 1 0 1 0 0 0 0 0 1 0 0 1 0 0 0 0 1 10 1 1 0 0 1 0 1 0 0 0 1 0 1 0 1
0 0 0 0 0 0 0 0 0 0 1 0 0 0 1 0 0 0 0 0 0 0 0 0 0 0 0 0 0 0 0 1 0 1 0 1 1 1 0 0 0 0 0 0 0 0 0 1 1 0 0 0 0 0 0 0 0 0 0 1 0 0 0 0 0 0 0 0 1 0 0 0 0 1 0 0 0 0 0 1 0 0 0 1
0 0 1 0 0 0 0 0 0 1 1 0 0 0 1 0 1 1 0 0 0 0 0 1 0 0 0 0 1 0 0 0 0 0 0 0 0 0 1 0 0 0 0 1 0 1 0 0 1 1 0 0 0 0 0 0 0 0 0 0 0 0 0 0 0 0 0 1 0 1 0 0 0 0 0 0 0 0 0 0 0 1 0 0
0 0 1 0 1 0 1 0 0 1 0 0 0 0 0 0 0 0 0 0 0 0 0 1 0 1 0 1 0 0 0 0 0 0 0 0 0 0 0 0 0 1 0 0 0 0 0 0 0 0 1 1 1 0 1 0 0 1 1 0 1 0 0 1 0 1 0 0 0 0 0 0 1 1 0 0 1 0 0 0 1 0 0 0
0 0 1 0 0 0 0 0 0 1 10 1 1 0 0 0 1 1 0 0 0 0 0 1 0 0 0 0 1 0 0 1 0 1 0 1 1 1 1 0 0 0 0 1 0 1 0 1 10 1 0 0 0 0 0 0 0 0 0 1 0 0 0 0 0 0 0 1 1 1 0 0 0 1 0 0 0 0 0 1 0 1 0 1
0 0 0 0 0 0 0 0 1 1 0 0 0 0 0 0 0 1 0 1 0 1 1 0 0 0 0 0 1 1 0 0 0 0 1 0 1 0 0 0 1 1 0 1 0 0 0 0 0 0 0 0 0 1 0 1 1 0 0 1 0 0 0 0 0 0 1 0 0 0 0 0 1 0 0 0 0 0 0 1 1 0 0 0
0 1 10 1 1 0 0 0 0 1 10 0 1 0 1 0 0 1 1 1 1 0 1 1 0 0 0 0 1 0 0 0 1 0 0 0 0 1 1 0 1 0 0 1 0 10 1 0 1 1 0 1 0 1 0 0 0 0 0 0 0 0 1 0 0 0 0 1 1 1 1 0 0 0 0 1 0 0 0 0 0 1 0 0
0 0 1 0 0 0 1 1 1 10 1 0 1 0 1 1 1 0 0 1 1 1 1 10 0 0 1 0 10 1 1 0 0 0 1 0 1 0 1 0 10 1 1 10 1 1 0 1 1 1 0 0 0 1 0 1 1 0 1 1 0 1 1 0 1 0 10 1 0 1 0 0 1 0 0 0 1 1 0 1 10 1 1 0
0 1 1 1 1 0 0 0 0 0 1 0 0 0 0 0 1 0 0 1 1 0 1 0 0 0 0 0 0 0 0 0 1 0 0 0 0 1 0 0 1 0 0 0 0 1 1 0 0 0 0 1 0 1 0 0 0 0 0 0 0 0 1 0 0 0 0 0 1 0 1 0 0 0 0 1 0 0 0 0 0 0 0 0
1 1 1 1 10 1 0 0 1 1 1 0 0 0 0 1 1 1 1 0 1 1 100 0 1 0 1 0 1 1 0 0 1 1 1 0 10 1 0 1 10 1 0 1 1 1 1 0 0 0 0 10 0 10 1 1 1 0 0 1 0 0 1 0 0 0 1 0 10 0 1 1 1 0 1 1 0 0 1 10 1 1 0 0
0 1 1 1 1 0 1 1 0 0 1 0 0 0 0 0 1 1 1 1 0 0 1 1 0 0 1 0 0 0 1 0 1 0 0 0 0 1 0 0 10 0 1 0 1 1 1 1 0 0 0 1 0 1 0 0 0 0 1 0 0 1 10 0 1 0 1 0 1 0 1 0 0 0 0 1 1 1 0 0 1 0 1 0
0 0 0 0 0 0 0 0 1 1 0 0 0 0 0 1 0 1 0 1 0 0 1 0 0 0 0 0 1 1 0 0 0 0 1 0 1 0 0 0 1 1 0 1 0 0 0 0 0 0 0 0 0 1 0 1 1 0 0 1 0 0 0 0 0 0 1 0 0 0 0 0 1 0 0 0 0 0 0 1 1 0 0 0
1 1 1 1 10 1 0 0 1 1 1 0 0 0 0 1 1 1 1 100 1 1 0 0 1 0 1 0 1 1 0 0 1 1 1 0 10 1 0 1 10 1 0 1 1 1 1 0 0 0 0 10 0 10 1 1 1 0 0 1 0 0 1 0 0 0 1 0 10 0 1 1 1 0 1 1 0 0 1 10 1 1 0 0
0 0 10 0 1 0 10 1 0 10 1 0 1 1 1 0 1 10 0 0 1 0 0 0 0 1 1 1 1 0 1 0 0 0 0 0 0 0 1 0 1 1 1 1 1 1 0 1 1 1 1 1 1 0 1 0 0 1 10 0 1 1 1 1 1 1 1 1 0 1 0 0 1 1 0 0 10 1 0 0 10 1 1 0
1 0 0 0 1 1 0 0 0 0 0 0 0 0 0 0 0 0 0 1 0 0 1 0 0 0 1 0 0 0 0 0 0 1 0 0 1 0 0 1 0 0 0 0 1 0 0 0 0 0 0 1 0 0 1 0 0 0 0 0 0 0 0 0 0 0 0 0 1 0 0 1 0 0 1 0 0 0 1 1 0 1 0 0
0 0 1 0 1 0 1 0 0 1 0 0 0 1 0 0 0 0 0 0 0 0 0 1 0 0 0 1 0 0 0 0 0 0 0 0 0 0 0 0 0 1 0 0 0 0 0 0 0 0 1 1 1 0 1 0 0 1 1 0 1 0 0 1 0 1 0 0 0 0 0 0 1 1 0 0 1 0 0 0 1 0 0 0
1 0 0 0 1 1 1 1 0 0 0 0 0 0 0 0 0 1 0 1 1 0 1 1 1 0 0 0 0 0 1 0 0 1 0 0 1 0 0 1 1 0 1 0 10 0 0 1 0 0 0 1 0 0 1 0 0 0 1 0 0 1 1 0 1 0 1 0 1 0 0 1 0 0 1 0 1 1 1 1 1 1 1 0
0 0 1 0 1 0 1 0 0 1 0 0 0 1 0 0 0 0 0 0 0 0 0 1 0 1 0 0 0 0 0 0 0 0 0 0 0 0 0 0 0 1 0 0 0 0 0 0 0 0 1 1 1 0 1 0 0 1 1 0 1 0 0 1 0 1 0 0 0 0 0 0 1 1 0 0 1 0 0 0 1 0 0 0
0 0 1 0 0 0 0 0 1 10 1 0 1 0 1 1 1 10 0 1 0 1 1 1 0 0 0 0 0 1 0 0 0 0 1 0 1 0 1 0 1 1 0 10 0 1 0 0 1 1 0 0 0 1 0 1 1 0 0 1 0 0 0 0 0 0 1 1 0 1 0 0 1 0 0 0 0 0 0 1 1 1 0 0
0 0 0 0 0 0 0 0 1 1 0 0 0 0 0 1 0 1 0 1 0 1 1 0 0 0 0 0 1 0 0 0 0 0 1 0 1 0 0 0 1 1 0 1 0 0 0 0 0 0 0 0 0 1 0 1 1 0 0 1 0 0 0 0 0 0 1 0 0 0 0 0 1 0 0 0 0 0 0 1 1 0 0 0
0 0 0 0 0 0 1 1 0 0 0 0 0 0 0 0 0 1 0 0 1 0 0 1 0 0 1 0 0 0 0 0 0 0 0 0 0 0 0 0 1 0 1 0 1 0 0 1 0 0 0 0 0 0 0 0 0 0 1 0 0 1 1 0 1 0 1 0 0 0 0 0 0 0 0 0 1 1 0 0 1 0 1 0
0 0 0 0 0 0 0 0 0 0 1 1 0 0 1 0 0 0 0 0 0 0 0 0 0 0 0 0 0 0 0 0 0 1 0 1 1 1 0 0 0 0 0 0 0 0 0 1 1 0 0 0 0 0 0 0 0 0 0 1 0 0 0 0 0 0 0 0 1 0 0 0 0 1 0 0 0 0 0 1 0 0 0 1
0 1 1 1 1 0 0 0 0 0 1 0 0 0 0 0 1 0 1 1 1 0 1 0 0 0 0 0 0 0 0 0 0 0 0 0 0 1 0 0 1 0 0 0 0 1 1 0 0 0 0 1 0 1 0 0 0 0 0 0 0 0 1 0 0 0 0 0 1 0 1 0 0 0 0 1 0 0 0 0 0 0 0 0
1 0 0 0 1 1 0 0 0 0 1 1 0 0 1 0 0 0 0 1 0 0 1 0 1 0 1 0 0 0 0 1 0 0 0 1 10 1 0 1 0 0 0 0 1 0 0 1 1 0 0 1 0 0 1 0 0 0 0 1 0 0 0 0 0 0 0 0 10 0 0 1 0 1 1 0 0 0 1 10 0 1 0 1
0 0 0 0 0 0 0 0 1 1 0 0 0 0 0 1 0 1 0 1 0 1 1 0 0 0 0 0 1 1 0 0 0 0 0 0 1 0 0 0 1 1 0 1 0 0 0 0 0 0 0 0 0 1 0 1 1 0 0 1 0 0 0 0 0 0 1 0 0 0 0 0 1 0 0 0 0 0 0 1 1 0 0 0
0 0 0 0 0 0 0 0 0 0 1 1 0 0 1 0 0 0 0 0 0 0 0 0 0 0 0 0 0 0 0 1 0 1 0 0 1 1 0 0 0 0 0 0 0 0 0 1 1 0 0 0 0 0 0 0 0 0 0 1 0 0 0 0 0 0 0 0 1 0 0 0 0 1 0 0 0 0 0 1 0 0 0 1
1 0 0 0 1 1 0 0 1 1 1 1 0 0 1 1 0 1 0 10 0 1 10 0 1 0 1 0 1 1 0 1 0 10 1 1 0 1 0 1 1 1 0 1 1 0 0 1 1 0 0 1 0 1 1 1 1 0 0 10 0 0 0 0 0 0 1 0 10 0 0 1 1 1 1 0 0 0 1 100 1 1 0 1
0 1 1 1 1 0 0 0 0 0 10 1 0 0 1 0 1 0 1 1 1 0 1 0 0 0 0 0 0 0 0 1 1 1 0 1 1 0 0 0 1 0 0 0 0 1 1 1 1 0 0 1 0 1 0 0 0 0 0 1 0 0 1 0 0 0 0 0 10 0 1 0 0 1 0 1 0 0 0 1 0 0 0 1
0 0 1 0 0 0 0 0 0 1 1 0 1 0 1 0 1 1 0 0 0 0 0 1 0 0 0 0 1 0 0 0 0 0 0 0 0 0 0 0 0 0 0 1 0 1 0 0 1 1 0 0 0 0 0 0 0 0 0 0 0 0 0 0 0 0 0 1 0 1 0 0 0 0 0 0 0 0 0 0 0 1 0 0
1 0 0 0 1 1 0 0 0 0 0 0 0 0 0 0 0 0 0 1 0 0 1 0 1 0 1 0 0 0 0 0 0 1 0 0 1 0 0 0 0 0 0 0 1 0 0 0 0 0 0 1 0 0 1 0 0 0 0 0 0 0 0 0 0 0 0 0 1 0 0 1 0 0 1 0 0 0 1 1 0 1 0 0
0 1 1 1 1 0 1 1 1 1 1 0 0 0 0 1 1 10 1 10 10 1 10 1 0 0 1 0 1 1 1 0 1 0 1 0 1 1 0 0 0 1 1 1 1 1 1 1 0 0 0 1 0 10 0 1 1 0 1 1 0 1 10 0 1 0 10 0 1 0 1 0 1 0 0 1 1 1 0 1 10 0 1 0
0 0 1 0 1 0 1 0 1 10 0 0 0 1 0 1 0 1 0 1 0 1 1 1 0 1 0 1 1 1 0 0 0 0 1 0 1 0 0 0 1 0 0 1 0 0 0 0 0 0 1 1 1 1 1 1 1 1 1 1 1 0 0 1 0 1 1 0 0 0 0 0 10 1 0 0 1 0 0 1 10 0 0 0
0 0 0 0 0 0 1 1 0 0 0 0 0 0 0 0 0 1 0 0 1 0 0 1 0 0 1 0 0 0 1 0 0 0 0 0 0 0 0 0 1 0 0 0 1 0 0 1 0 0 0 0 0 0 0 0 0 0 1 0 0 1 1 0 1 0 1 0 0 0 0 0 0 0 0 0 1 1 0 0 1 0 1 0
0 0 1 0 0 0 0 0 1 10 1 0 1 0 1 1 1 10 0 1 0 1 1 1 0 0 0 0 10 1 0 0 0 0 1 0 1 0 1 0 1 1 0 0 0 1 0 0 1 1 0 0 0 1 0 1 1 0 0 1 0 0 0 0 0 0 1 1 0 1 0 0 1 0 0 0 0 0 0 1 1 1 0 0
1 0 0 0 1 1 1 1 0 0 0 0 0 0 0 0 0 1 0 1 1 0 1 1 1 0 10 0 0 0 1 0 0 1 0 0 1 0 0 1 1 0 1 0 0 0 0 1 0 0 0 1 0 0 1 0 0 0 1 0 0 1 1 0 1 0 1 0 1 0 0 1 0 0 1 0 1 1 1 1 1 1 1 0
0 1 10 1 1 0 0 0 0 1 10 0 1 0 1 0 10 1 1 1 1 0 1 1 0 0 0 0 1 0 0 0 1 0 0 0 0 1 1 0 1 0 0 1 0 0 1 0 1 1 0 1 0 1 0 0 0 0 0 0 0 0 1 0 0 0 0 1 1 1 1 0 0 0 0 1 0 0 0 0 0 1 0 0
0 1 1 1 1 0 0 0 0 0 1 0 0 0 0 0 1 0 1 1 1 0 1 0 0 0 0 0 0 0 0 0 1 0 0 0 0 1 0 0 1 0 0 0 0 1 0 0 0 0 0 1 0 1 0 0 0 0 0 0 0 0 1 0 0 0 0 0 1 0 1 0 0 0 0 1 0 0 0 0 0 0 0 0
0 0 0 0 0 0 1 1 0 0 1 1 0 0 1 0 0 1 0 0 1 0 0 1 0 0 1 0 0 0 1 1 0 1 0 1 1 1 0 0 1 0 1 0 1 0 0 0 1 0 0 0 0 0 0 0 0 0 1 1 0 1 1 0 1 0 1 0 1 0 0 0 0 1 0 0 1 1 0 1 1 0 1 1
0 0 1 0 0 0 0 0 0 1 10 1 1 0 10 0 1 1 0 0 0 0 0 1 0 0 0 0 1 0 0 1 0 1 0 1 1 1 1 0 0 0 0 1 0 1 0 1 0 1 0 0 0 0 0 0 0 0 0 1 0 0 0 0 0 0 0 1 1 1 0 0 0 1 0 0 0 0 0 1 0 1 0 1
0 0 1 0 0 0 0 0 0 1 1 0 1 0 1 0 1 1 0 0 0 0 0 1 0 0 0 0 1 0 0 0 0 0 0 0 0 0 1 0 0 0 0 1 0 1 0 0 1 0 0 0 0 0 0 0 0 0 0 0 0 0 0 0 0 0 0 1 0 1 0 0 0 0 0 0 0 0 0 0 0 1 0 0
0 0 1 0 1 0 1 0 0 1 0 0 0 1 0 0 0 0 0 0 0 0 0 1 0 1 0 1 0 0 0 0 0 0 0 0 0 0 0 0 0 1 0 0 0 0 0 0 0 0 0 1 1 0 1 0 0 1 1 0 1 0 0 1 0 1 0 0 0 0 0 0 1 1 0 0 1 0 0 0 1 0 0 0
1 1 10 1 100 1 1 0 0 1 1 0 0 1 0 0 1 0 1 10 1 0 10 1 1 1 1 1 0 0 0 0 1 1 0 0 1 1 0 1 1 1 0 0 1 1 1 0 0 0 1 0 1 1 10 0 0 1 1 0 1 0 1 1 0 1 0 0 10 0 1 1 1 1 1 1 1 0 1 1 1 1 0 0
0 0 1 0 1 0 1 0 0 1 0 0 0 1 0 0 0 0 0 0 0 0 0 1 0 1 0 1 0 0 0 0 0 0 0 0 0 0 0 0 0 1 0 0 0 0 0 0 0 0 1 1 0 0 1 0 0 1 1 0 1 0 0 1 0 1 0 0 0 0 0 0 1 1 0 0 1 0 0 0 1 0 0 0
0 1 1 1 1 0 0 0 1 1 1 0 0 0 0 1 1 1 1 10 1 1 10 0 0 0 0 0 1 1 0 0 1 0 1 0 1 1 0 0 10 1 0 1 0 1 1 0 0 0 0 1 0 0 0 1 1 0 0 1 0 0 1 0 0 0 1 0 1 0 1 0 1 0 0 1 0 0 0 1 1 0 0 0
1 0 1 0 10 1 1 0 0 1 0 0 0 1 0 0 0 0 0 1 0 0 1 1 1 1 1 1 0 0 0 0 0 1 0 0 1 0 0 1 0 1 0 0 1 0 0 0 0 0 1 10 1 0 0 0 0 1 1 0 1 0 0 1 0 1 0 0 1 0 0 1 1 1 1 0 1 0 1 1 1 1 0 0
0 0 0 0 0 0 0 0 1 1 0 0 0 0 0 1 0 1 0 1 0 1 1 0 0 0 0 0 1 1 0 0 0 0 1 0 1 0 0 0 1 1 0 1 0 0 0 0 0 0 0 0 0 1 0 0 1 0 0 1 0 0 0 0 0 0 1 0 0 0 0 0 1 0 0 0 0 0 0 1 1 0 0 0
0 0 0 0 0 0 0 0 1 1 0 0 0 0 0 1 0 1 0 1 0 1 1 0 0 0 0 0 1 1 0 0 0 0 1 0 1 0 0 0 1 1 0 1 0 0 0 0 0 0 0 0 0 1 0 1 0 0 0 1 0 0 0 0 0 0 1 0 0 0 0 0 1 0 0 0 0 0 0 1 1 0 0 0
0 0 1 0 1 0 1 0 0 1 0 0 0 1 0 0 0 0 0 0 0 0 0 1 0 1 0 1 0 0 0 0 0 0 0 0 0 0 0 0 0 1 0 0 0 0 0 0 0 0 1 1 1 0 1 0 0 0 1 0 1 0 0 1 0 1 0 0 0 0 0 0 1 1 0 0 1 0 0 0 1 0 0 0
0 0 1 0 1 0 10 1 0 1 0 0 0 1 0 0 0 1 0 0 1 0 0 10 0 1 1 1 0 0 1 0 0 0 0 0 0 0 0 0 1 1 1 0 1 0 0 1 0 0 1 1 1 0 1 0 0 1 0 0 1 1 1 1 1 1 1 0 0 0 0 0 1 1 0 0 10 1 0 0 10 0 1 0
0 0 0 0 0 0 0 0 1 1 1 1 0 0 1 1 0 1 0 1 0 1 1 0 0 0 0 0 1 1 0 1 0 1 1 1 10 1 0 0 1 1 0 1 0 0 0 1 1 0 0 0 0 1 0 1 1 0 0 0 0 0 0 0 0 0 1 0 1 0 0 0 1 1 0 0 0 0 0 10 1 0 0 1
0 0 1 0 1 0 1 0 0 1 0 0 0 1 0 0 0 0 0 0 0 0 0 1 0 1 0 1 0 0 0 0 0 0 0 0 0 0 0 0 0 1 0 0 0 0 0 0 0 0 1 1 1 0 1 0 0 1 1 0 0 0 0 1 0 1 0 0 0 0 0 0 1 1 0 0 1 0 0 0 1 0 0 0
0 0 0 0 0 0 1 1 0 0 0 0 0 0 0 0 0 1 0 0 1 0 0 1 0 0 1 0 0 0 1 0 0 0 0 0 0 0 0 0 1 0 1 0 1 0 0 1 0 0 0 0 0 0 0 0 0 0 1 0 0 0 1 0 1 0 1 0 0 0 0 0 0 0 0 0 1 1 0 0 1 0 1 0
0 1 1 1 1 0 1 1 0 0 1 0 0 0 0 0 1 1 1 1 10 0 1 1 0 0 1 0 0 0 1 0 1 0 0 0 0 1 0 0 10 0 1 0 1 1 1 1 0 0 0 1 0 1 0 0 0 0 1 0 0 1 0 0 1 0 1 0 1 0 1 0 0 0 0 1 1 1 0 0 1 0 1 0
0 0 1 0 1 0 1 0 0 1 0 0 0 1 0 0 0 0 0 0 0 0 0 1 0 1 0 1 0 0 0 0 0 0 0 0 0 0 0 0 0 1 0 0 0 0 0 0 0 0 1 1 1 0 1 0 0 1 1 0 1 0 0 0 0 1 0 0 0 0 0 0 1 1 0 0 1 0 0 0 1 0 0 0
0 0 0 0 0 0 1 1 0 0 0 0 0 0 0 0 0 1 0 0 1 0 0 1 0 0 1 0 0 0 1 0 0 0 0 0 0 0 0 0 1 0 1 0 1 0 0 1 0 0 0 0 0 0 0 0 0 0 1 0 0 1 1 0 0 0 1 0 0 0 0 0 0 0 0 0 1 1 0 0 1 0 1 0
0 0 1 0 1 0 1 0 0 1 0 0 0 1 0 0 0 0 0 0 0 0 0 1 0 1 0 1 0 0 0 0 0 0 0 0 0 0 0 0 0 1 0 0 0 0 0 0 0 0 1 1 1 0 1 0 0 1 1 0 1 0 0 1 0 0 0 0 0 0 0 0 1 1 0 0 1 0 0 0 1 0 0 0
0 0 0 0 0 0 1 1 1 1 0 0 0 0 0 1 0 10 0 1 1 1 1 1 0 0 1 0 1 1 1 0 0 0 1 0 1 0 0 0 10 1 1 1 1 0 0 1 0 0 0 0 0 1 0 1 1 0 1 1 0 1 1 0 1 0 0 0 0 0 0 0 1 0 0 0 1 1 0 1 10 0 1 0
0 0 1 0 0 0 0 0 0 1 1 0 1 0 1 0 1 1 0 0 0 0 0 1 0 0 0 0 1 0 0 0 0 0 0 0 0 0 1 0 0 0 0 1 0 1 0 0 1 1 0 0 0 0 0 0 0 0 0 0 0 0 0 0 0 0 0 0 0 1 0 0 0 0 0 0 0 0 0 0 0 1 0 0
1 1 1 1 10 1 0 0 0 0 10 1 0 0 1 0 1 0 1 10 1 0 10 0 1 0 1 0 0 0 0 1 1 10 0 1 10 10 0 1 1 0 0 0 1 1 1 1 1 0 0 10 0 1 1 0 0 0 0 1 0 0 1 0 0 0 0 0 0 0 1 1 0 1 1 1 0 0 1 10 0 1 0 1
0 0 1 0 0 0 0 0 0 1 1 0 1 0 1 0 1 1 0 0 0 0 0 1 0 0 0 0 1 0 0 0 0 0 0 0 0 0 1 0 0 0 0 1 0 1 0 0 1 1 0 0 0 0 0 0 0 0 0 0 0 0 0 0 0 0 0 1 0 0 0 0 0 0 0 0 0 0 0 0 0 1 0 0
0 1 1 1 1 0 0 0 0 0 1 0 0 0 0 0 1 0 1 1 1 0 1 0 0 0 0 0 0 0 0 0 1 0 0 0 0 1 0 0 1 0 0 0 0 1 1 0 0 0 0 1 0 1 0 0 0 0 0 0 0 0 1 0 0 0 0 0 1 0 0 0 0 0 0 1 0 0 0 0 0 0 0 0
1 0 0 0 1 1 0 0 0 0 0 0 0 0 0 0 0 0 0 1 0 0 1 0 1 0 1 0 0 0 0 0 0 1 0 0 1 0 0 1 0 0 0 0 1 0 0 0 0 0 0 1 0 0 1 0 0 0 0 0 0 0 0 0 0 0 0 0 1 0 0 0 0 0 1 0 0 0 1 1 0 1 0 0
0 0 1 0 1 0 1 0 1 10 0 0 0 1 0 1 0 1 0 1 0 1 1 1 0 1 0 1 1 1 0 0 0 0 1 0 1 0 0 0 1 10 0 1 0 0 0 0 0 0 1 1 1 1 1 1 1 1 1 1 1 0 0 1 0 1 1 0 0 0 0 0 0 1 0 0 1 0 0 1 10 0 0 0
0 0 1 0 1 0 1 0 0 1 1 1 0 1 1 0 0 0 0 0 0 0 0 1 0 1 0 1 0 0 0 1 0 1 0 1 1 1 0 0 0 1 0 0 0 0 0 1 1 0 1 1 1 0 1 0 0 1 1 1 1 0 0 1 0 1 0 0 1 0 0 0 1 0 0 0 1 0 0 1 1 0 0 1
1 0 0 0 1 1 0 0 0 0 0 0 0 0 0 0 0 0 0 1 0 0 1 0 1 0 1 0 0 0 0 0 0 1 0 0 1 0 0 1 0 0 0 0 1 0 0 0 0 0 0 1 0 0 1 0 0 0 0 0 0 0 0 0 0 0 0 0 1 0 0 1 0 0 0 0 0 0 1 1 0 1 0 0
0 1 1 1 1 0 0 0 0 0 1 0 0 0 0 0 1 0 1 1 1 0 1 0 0 0 0 0 0 0 0 0 1 0 0 0 0 1 0 0 1 0 0 0 0 1 1 0 0 0 0 1 0 1 0 0 0 0 0 0 0 0 1 0 0 0 0 0 1 0 1 0 0 0 0 0 0 0 0 0 0 0 0 0
0 0 1 0 1 0 10 1 0 1 0 0 0 1 0 0 0 1 0 0 1 0 0 10 0 1 1 1 0 0 1 0 0 0 0 0 0 0 0 0 1 1 1 0 1 0 0 1 0 0 1 1 1 0 1 0 0 1 10 0 1 1 1 1 1 1 1 0 0 0 0 0 1 1 0 0 0 1 0 0 10 0 1 0
0 0 0 0 0 0 1 1 0 0 0 0 0 0 0 0 0 1 0 0 1 0 0 1 0 0 1 0 0 0 1 0 0 0 0 0 0 0 0 0 1 0 1 0 1 0 0 1 0 0 0 0 0 0 0 0 0 0 1 0 0 1 1 0 1 0 1 0 0 0 0 0 0 0 0 0 1 0 0 0 1 0 1 0
1 0 0 0 1 1 0 0 0 0 0 0 0 0 0 0 0 0 0 1 0 0 1 0 1 0 1 0 0 0 0 0 0 1 0 0 1 0 0 1 0 0 0 0 1 0 0 0 0 0 0 1 0 0 1 0 0 0 0 0 0 0 0 0 0 0 0 0 1 0 0 1 0 0 1 0 0 0 0 1 0 1 0 0
1 0 0 0 1 1 0 0 1 1 1 1 0 0 1 1 0 1 0 10 0 1 10 0 1 0 1 0 1 1 0 1 0 10 1 1 100 1 0 1 1 1 0 1 1 0 0 1 1 0 0 1 0 1 1 1 1 0 0 10 0 0 0 0 0 0 1 0 10 0 0 1 1 1 1 0 0 0 1 0 1 1 0 1
0 0 1 0 1 0 10 1 1 10 0 0 0 1 0 1 0 10 0 1 1 1 1 10 0 1 1 1 1 1 1 0 0 0 1 0 1 0 0 0 10 10 1 1 1 0 0 1 0 0 1 1 1 1 1 1 1 1 10 1 1 1 1 1 1 1 10 0 0 0 0 0 10 1 0 0 10 1 0 1 0 0 1 0
1 0 1 0 1 1 0 0 0 1 1 0 1 0 1 0 1 1 0 1 0 0 1 1 1 0 1 0 1 0 0 0 0 1 0 0 1 0 1 1 0 0 0 1 1 1 0 0 1 1 0 1 0 0 1 0 0 0 0 0 0 0 0 0 0 0 0 1 1 1 0 1 0 0 1 0 0 0 1 1 0 0 0 0
0 0 0 0 0 0 1 1 0 0 0 0 0 0 0 0 0 1 0 0 1 0 0 1 0 0 1 0 0 0 1 0 0 0 0 0 0 0 0 0 1 0 1 0 1 0 0 1 0 0 0 0 0 0 0 0 0 0 1 0 0 1 1 0 1 0 1 0 0 0 0 0 0 0 0 0 1 1 0 0 1 0 0 0
0 0 0 0 0 0 0 0 0 0 1 1 0 0 1 0 0 0 0 0 0 0 0 0 0 0 0 0 0 0 0 1 0 1 0 1 1 1 0 0 0 0 0 0 0 0 0 1 1 0 0 0 0 0 0 0 0 0 0 1 0 0 0 0 0 0 0 0 1 0 0 0 0 1 0 0 0 0 0 1 0 0 0 0
4
3 2 3
4 10 3
5 4 3
6 3 3
5
2 4 
1 3
1 3
2 5
2 5
2 4 
1 4
1 4
2 5
2 5
2 6 
1 4
1 4
1 4
2 4
2 4
2 4
1 3 
1 6
1 6
1 6
1 2 
1 4
1 4
84 7
1 6
1 2
3 0 2 3
1 2
3 0 2 6
1 6
2 0 4
1 4
1 1
3 0 1 3
3 2 3 5
1 5
1 3
1 0
2 3 5
1 1
2 2 3
3 1 3 4
1 2
3 1 2 6
2 2 4
1 1
3 1 2 6
3 0 3 4
1 6
1 0
2 4 6
1 0
2 1 3
1 1
1 4
1 5
1 2
2 5 6
1 1
1 5
3 1 5 6
2 2 5
1 3
1 6
3 1 2 4
2 0 1
1 4
2 1 3
2 4 6
2 2 3
1 2
2 4 5
2 3 5
1 3
1 0
3 0 2 6
1 0
2 1 2
2 0 6
1 1
1 1
1 0
2 0 4
2 1 5
1 0
1 4
2 2 4
1 0
1 4
1 0
2 1 4
1 3
3 2 5 6
1 3
1 2
1 6
2 0 1
2 0 5
1 6
1 2
2 0 4
1 4
1 6
3 1 5 6
3 0 1 4
2 3 6
1 4
1 5
84 131
1 6
1 104
1 27
1 76
1 68
1 60
2 106 85
3 33 94 95
4 102 39 47 89
1 40
1 99
1 107
1 71
1 16
2 10 25
4 101 48 81 99
1 78
1 36
3 102 44 65
3 107 2 91
1 11
1 84
2 1 103
3 106 35 57
1 9
2 12 86
1 24
1 64
2 105 21
1 100
1 107
2 101 80
1 18
1 58
3 31 4 7
2 14 96
1 5
1 17
2 13 15
3 37 93 98
1 3
3 46 66 88
2 72 75
3 104 107 97
2 105 30
2 52 69
1 54
3 55 77 8
1 41
1 23
1 0
1 100
1 59
2 38 67
3 20 26 28
3 45 49 73
2 19 34
2 42 87
1 29
1 70
1 83
3 103 63 90
2 107 51
2 32 92
1 74
3 106 53 62
1 43
1 61
2 56 79
1 50
1 82
2 108 22
1 109
2 110 111
1 112
2 113 114
2 115 116
2 117 118
2 119 120
4 121 122 123 124
1 125
1 126
3 127 128 129
1 130
