112
0 1 10 0 0 1 1 1 1 0 1 1 10 10 0 1 1 1 1 0 1 1 0 10 0 10 1 10 1 0 1 0 1 1 0 1 0 10 0 10 0 1 100 0 1 0 0 1 1 1 10 1 1 0 0 0 1 1 1 0 0 1 1 1 10 1 10 0 1 1 0 1 0 0 1 0 1 0 0 0 10 0 0 1 10 1 0 0 0 0 0 10 0 10 1 1 0 0 0 1 1 1 1 1 1 10 1 1 0 0 1 10
1 0 1 1 0 1 0 1 1 0 0 1 1 1 1 0 1 0 0 1 0 1 0 0 1 0 0 0 1 0 1 1 0 0 1 0 0 0 1 1 1 0 1 1 0 0 0 0 1 1 0 10 1 0 1 0 1 1 0 0 0 1 0 1 0 0 1 1 1 0 0 1 0 1 10 1 1 0 0 0 1 0 0 1 1 1 0 0 0 0 0 1 0 1 1 1 0 0 0 1 0 1 0 0 1 0 1 0 0 0 0 1
10 1 0 0 0 10 1 1 1 0 1 10 10 100 0 10 10 1 1 0 0 1 0 1 0 1 10 1 0 0 1 1 0 1 0 1 0 1 0 100 1 1 10 0 0 0 0 1 1 1 1 10 1 0 1 0 0 0 1 0 1 1 0 1 1 0 10 1 10 1 1 1 0 0 1 0 0 1 0 0 1 1 0 1 1 10 1 0 1 1 0 10 0 1 0 1 1 1 1 1 0 1 0 1 1 1 1 1 0 0 1 10
0 1 0 0 0 1 0 0 1 0 0 0 0 0 1 0 1 0 0 1 0 0 0 0 1 0 0 0 1 0 1 1 0 0 1 0 0 0 1 0 1 0 0 1 0 0 0 0 0 1 0 1 0 0 1 0 1 1 0 0 0 1 0 1 0 0 0 1 0 0 0 0 0 1 1 1 1 0 0 0 0 0 0 0 0 0 0 0 0 0 0 0 0 1 1 1 0 0 0 0 0 1 0 0 0 0 1 0 0 0 0 0
0 0 0 0 0 0 0 0 0 1 0 0 0 0 1 0 0 1 0 1 0 1 0 1 1 0 1 1 0 1 1 0 1 1 0 1 1 0 0 0 0 1 0 1 0 1 1 0 1 0 1 0 0 1 0 1 0 0 0 1 10 1 1 0 0 1 0 0 0 1 0 1 1 1 0 1 0 0 1 0 1 1 0 0 0 1 1 1 1 1 1 0 0 0 0 0 1 1 1 1 0 0 0 1 0 1 0 1 1 0 1 0
1 1 10 1 0 0 1 0 10 0 1 1 1 10 1 10 100 1 1 1 0 0 0 1 1 1 10 1 1 0 10 10 0 1 1 1 0 1 1 10 10 1 1 1 0 0 0 1 0 10 1 10 0 0 10 0 1 1 1 0 1 10 0 10 1 0 1 10 1 1 1 0 0 1 1 1 1 1 0 0 0 1 0 0 0 1 1 0 1 1 0 1 0 10 1 10 1 1 1 0 0 10 0 1 0 1 10 1 0 0 1 1
1 0 1 0 0 1 0 0 1 0 0 0 1 1 0 1 1 1 1 0 0 0 0 1 0 1 1 1 0 0 1 0 0 1 0 1 0 1 0 1 0 1 1 0 0 0 0 1 0 1 1 0 0 0 0 0 0 0 1 0 0 1 0 1 1 0 1 0 0 0 0 0 0 0 0 0 0 0 0 0 0 0 0 0 0 0 0 0 0 0 0 1 0 1 0 1 0 0 0 0 0 0 0 0 0 1 1 1 0 0 0 0
1 1 1 0 0 0 0 0 0 0 0 1 1 1 0 0 0 0 0 0 0 1 0 0 0 0 0 0 0 0 0 0 0 0 0 0 0 0 0 1 0 0 1 0 0 0 0 0 1 0 0 1 1 0 0 0 0 0 0 0 0 0 0 0 0 0 1 0 1 0 0 1 0 0 1 0 0 0 0 0 1 0 0 1 1 1 0 0 0 0 0 1 0 0 0 0 0 0 0 1 0 0 0 0 1 0 0 0 0 0 0 1
1 1 1 1 0 10 1 0 0 0 0 0 1 1 10 10 10 1 1 10 0 0 0 1 1 1 1 1 1 0 10 1 0 1 10 1 1 1 1 1 1 1 1 1 0 0 0 1 0 10 1 1 1 1 1 0 1 1 1 0 0 10 0 100 10 0 1 10 0 0 0 1 0 1 1 1 1 1 0 1 0 0 1 0 0 0 0 1 0 1 0 10 0 10 10 10 1 0 1 1 0 1 0 0 1 1 10 10 1 1 0 0
0 0 0 0 1 0 0 0 0 0 1 0 1 0 1 0 0 1 0 1 1 10 0 0 0 0 0 0 0 0 1 1 1 1 0 0 1 0 0 0 0 1 0 0 0 10 1 0 1 0 1 0 0 1 1 0 1 1 1 0 1 1 1 0 0 0 0 0 0 0 0 0 0 1 0 1 1 1 0 0 0 0 1 0 0 1 1 1 0 0 1 0 0 0 0 1 0 0 1 1 1 0 0 1 0 1 0 0 1 0 1 0
1 0 1 0 0 1 0 0 0 1 0 1 1 1 0 1 1 0 0 0 10 1 0 1 0 1 1 1 1 0 0 10 10 0 0 0 0 1 0 1 1 0 1 0 1 1 0 0 0 0 1 1 0 1 10 0 10 10 1 0 1 0 1 0 1 1 0 1 1 10 1 0 0 0 0 1 10 10 0 0 1 1 1 0 1 1 1 0 1 1 0 0 0 1 1 1 1 1 1 0 10 10 1 10 0 1 0 0 0 0 10 10
1 1 10 0 0 1 0 1 0 0 1 0 1 10 0 1 1 0 0 0 0 1 0 0 0 0 1 0 0 0 0 1 0 0 0 0 0 0 0 10 1 0 1 0 0 0 0 0 1 0 0 10 1 0 1 0 0 0 0 0 1 0 0 0 0 0 1 1 10 1 1 1 0 0 1 0 0 1 0 0 1 1 0 1 1 10 1 0 1 1 0 1 0 0 0 0 1 1 1 1 0 1 0 1 1 0 0 0 0 0 1 10
10 1 10 0 0 1 1 1 1 1 1 1 0 10 0 1 1 1 1 0 1 10 0 1 0 1 1 1 0 0 1 1 1 1 0 1 0 1 0 10 0 1 10 0 0 1 0 1 1 1 1 1 1 1 1 0 1 1 10 0 0 1 0 1 1 0 10 0 1 0 0 1 0 0 1 1 1 1 0 0 1 0 1 1 1 1 0 0 0 0 0 10 0 1 0 10 0 0 0 1 1 0 0 0 1 1 1 1 0 0 0 1
10 1 100 0 0 10 1 1 1 0 1 10 10 0 0 10 10 1 1 0 0 1 0 1 0 1 10 1 0 0 1 1 0 1 0 1 0 1 0 100 1 1 10 0 0 0 0 1 1 1 1 10 1 0 1 0 0 0 1 0 1 1 0 1 1 0 10 1 10 1 1 1 0 0 1 0 0 1 0 0 1 1 0 1 1 10 1 0 1 1 0 10 0 1 0 1 1 1 1 1 0 1 0 1 1 1 1 1 0 0 1 10
0 1 0 1 1 1 0 0 10 1 0 0 0 0 0 1 1 1 0 100 0 1 0 0 1 0 0 0 1 0 10 1 0 1 10 0 10 0 1 0 1 1 0 1 0 1 1 0 1 1 1 1 1 1 1 0 1 1 0 0 1 10 1 10 1 0 0 10 0 0 0 1 0 10 1 1 1 1 0 1 0 0 1 0 0 1 1 10 0 1 1 1 0 1 10 1 1 0 10 10 0 1 0 1 1 1 1 1 10 1 1 0
1 0 10 0 0 10 1 0 10 0 1 1 1 10 1 0 10 1 1 1 0 0 0 1 0 1 10 1 0 0 1 1 0 1 1 1 1 1 0 10 1 1 1 0 0 0 0 1 0 1 1 1 1 1 1 0 0 0 1 0 1 1 0 10 10 0 1 10 1 1 1 1 0 0 0 0 0 10 0 1 0 1 1 0 0 1 1 1 1 10 0 10 0 1 1 1 10 1 10 1 0 1 0 1 1 1 1 10 1 1 1 1
1 1 10 1 0 100 1 0 10 0 1 1 1 10 1 10 0 1 1 1 0 0 0 1 1 1 10 1 1 0 10 10 0 1 1 1 0 1 1 10 10 1 1 1 0 0 0 1 0 10 1 10 0 0 10 0 1 1 1 0 1 10 0 10 1 0 1 10 1 1 1 0 0 1 1 1 1 1 0 0 0 1 0 0 0 1 1 0 1 1 0 1 0 10 1 10 1 1 1 0 0 10 0 1 0 1 10 1 0 0 1 1
1 0 1 0 1 1 1 0 1 1 0 0 1 1 1 1 1 0 10 1 0 1 1 1 0 10 1 1 1 1 10 0 0 10 0 1 10 10 1 1 0 100 1 1 0 10 10 1 1 10 10 0 0 0 0 0 0 0 10 1 1 10 10 1 1 0 1 0 1 0 1 0 0 10 0 0 0 0 0 0 0 0 0 0 0 1 1 10 1 0 1 1 1 1 0 1 0 0 1 1 1 0 0 1 0 10 1 1 10 1 1 0
1 0 1 0 0 1 1 0 1 0 0 0 1 1 0 1 1 10 0 0 0 0 1 1 0 10 1 1 1 1 1 0 0 1 0 1 1 10 1 1 0 10 1 1 0 1 1 1 0 10 1 0 0 0 0 0 0 0 10 1 0 1 1 1 1 0 1 0 1 0 1 0 0 1 0 0 0 0 0 0 0 0 0 0 0 0 0 1 1 0 0 1 1 1 0 1 0 0 0 0 1 0 0 0 0 1 1 1 1 1 0 0
0 1 0 1 1 1 0 0 10 1 0 0 0 0 100 1 1 1 0 0 0 1 0 0 1 0 0 0 1 0 10 1 0 1 10 0 10 0 1 0 1 1 0 1 0 1 1 0 1 1 1 1 1 1 1 0 1 1 0 0 1 10 1 10 1 0 0 10 0 0 0 1 0 10 1 1 1 1 0 1 0 0 1 0 0 1 1 10 0 1 1 1 0 1 10 1 1 0 10 10 0 1 0 1 1 1 1 1 10 1 1 0
1 0 0 0 0 0 0 0 0 1 10 0 1 0 0 0 0 0 0 0 0 1 0 1 0 1 0 1 1 0 0 1 10 0 0 0 0 1 0 0 0 0 1 0 1 1 0 0 0 0 1 0 0 1 1 0 10 10 1 0 0 0 1 0 1 1 0 0 0 1 0 0 0 0 0 1 10 1 0 0 1 0 1 0 1 0 0 0 0 0 0 0 0 1 1 1 0 0 0 0 10 1 1 1 0 1 0 0 0 0 1 1
1 1 1 0 1 0 0 1 0 10 1 1 10 1 1 0 0 1 0 1 1 0 0 0 0 0 0 0 0 0 1 1 1 1 0 0 1 0 0 1 0 1 1 0 0 10 1 0 10 0 1 1 1 1 1 0 1 1 1 0 1 1 1 0 0 0 1 0 1 0 0 1 0 1 1 1 1 1 0 0 1 0 1 1 1 10 1 1 0 0 1 1 0 0 0 1 0 0 1 10 1 0 0 1 1 1 0 0 1 0 1 1
0 0 0 0 0 0 0 0 0 0 0 0 0 0 0 0 0 1 1 0 0 0 0 0 0 1 0 0 1 1 0 0 0 0 0 0 1 1 1 0 0 1 0 1 0 1 1 0 0 1 0 0 0 0 0 0 0 0 1 1 0 0 1 0 0 0 0 0 1 0 1 0 0 1 0 0 0 0 0 0 0 0 0 0 0 0 0 1 1 0 0 0 1 0 0 0 0 0 0 0 1 0 0 0 0 0 0 0 1 1 0 0
10 0 1 0 1 1 1 0 1 0 1 0 1 1 0 1 1 1 1 0 1 0 0 0 1 10 10 100 1 1 1 0 10 1 0 10 0 10 0 1 0 1 10 1 1 0 0 1 0 1 10 0 0 1 0 1 1 1 1 1 1 1 1 1 10 10 1 0 0 10 0 1 1 0 0 1 1 0 1 0 10 1 0 0 1 0 0 0 1 1 0 1 0 10 1 1 1 1 0 0 1 1 1 1 0 10 1 10 0 0 1 1
0 1 0 1 1 1 0 0 1 0 0 0 0 0 1 0 1 0 0 1 0 0 0 1 0 0 1 1 1 1 1 1 1 0 1 1 0 0 1 0 1 0 0 10 0 0 0 0 0 1 0 1 0 1 1 1 1 1 0 1 1 1 0 1 0 1 0 1 0 1 0 1 1 1 1 10 1 0 1 0 1 1 0 0 0 0 0 0 1 1 0 0 0 1 1 1 1 1 0 0 0 1 0 0 0 0 1 1 0 0 0 0
10 0 1 0 0 1 1 0 1 0 1 0 1 1 0 1 1 10 10 0 1 0 1 10 0 0 1 10 10 1 1 0 1 1 0 1 1 100 1 1 0 10 10 1 1 1 1 1 0 10 10 0 0 0 0 0 1 1 10 1 0 1 10 1 10 1 1 0 1 1 1 0 0 1 0 0 1 0 0 0 1 0 0 0 1 0 0 1 1 0 0 1 1 10 1 1 0 0 0 0 10 1 1 1 0 10 1 1 1 1 1 1
1 0 10 0 1 10 1 0 1 0 1 1 1 10 0 10 10 1 1 0 0 0 0 10 1 1 0 10 0 1 1 1 1 1 0 10 0 1 0 10 1 1 1 1 0 0 0 1 0 1 1 1 0 1 1 1 0 0 1 1 10 1 0 1 1 1 1 1 1 10 1 1 1 0 0 1 0 1 1 0 1 10 0 0 0 1 1 0 10 10 0 1 0 1 0 1 10 10 1 0 0 1 0 1 0 1 1 10 0 0 1 1
10 0 1 0 1 1 1 0 1 0 1 0 1 1 0 1 1 1 1 0 1 0 0 100 1 10 10 0 1 1 1 0 10 1 0 10 0 10 0 1 0 1 10 1 1 0 0 1 0 1 10 0 0 1 0 1 1 1 1 1 1 1 1 1 10 10 1 0 0 10 0 1 1 0 0 1 1 0 1 0 10 1 0 0 1 0 0 0 1 1 0 1 0 10 1 1 1 1 0 0 1 1 1 1 0 10 1 10 0 0 1 1
1 1 0 1 0 1 0 0 1 0 1 0 0 0 1 0 1 1 1 1 1 0 1 1 1 10 0 1 0 1 1 1 1 0 1 0 1 10 10 0 1 1 1 10 1 1 1 0 0 10 1 1 0 0 1 0 10 10 1 1 0 1 10 1 1 1 0 1 1 1 1 0 0 10 1 1 10 0 0 0 1 0 0 0 1 0 0 1 1 0 0 0 1 10 10 1 0 0 0 0 10 10 1 1 0 1 1 0 1 1 1 1
0 0 0 0 1 0 0 0 0 0 0 0 0 0 0 0 0 1 1 0 0 0 1 1 1 1 1 1 1 0 0 0 1 0 0 1 1 1 1 0 0 1 0 10 0 1 1 0 0 1 0 0 0 1 0 1 0 0 1 10 1 0 1 0 0 1 0 0 1 1 1 1 1 1 0 1 0 0 1 0 1 1 0 0 0 0 0 1 10 1 0 0 1 0 0 0 1 1 0 0 1 0 0 0 0 0 0 1 1 1 0 0
1 1 1 1 1 10 1 0 10 1 0 0 1 1 10 1 10 10 1 10 0 1 0 1 1 1 1 1 1 0 0 1 0 10 1 1 1 1 1 1 1 10 1 1 0 1 1 1 1 10 10 1 0 0 1 0 1 1 1 0 1 100 1 10 1 0 1 1 0 0 0 0 0 10 1 1 1 0 0 0 0 0 0 0 0 1 1 1 0 0 1 1 0 10 1 10 0 0 1 1 0 1 0 1 0 10 10 1 1 0 1 0
0 1 1 1 0 10 0 0 1 1 10 1 1 1 1 1 10 0 0 1 1 1 0 0 1 0 1 0 1 0 1 0 1 0 1 0 0 0 1 1 10 0 0 1 0 1 0 0 0 1 0 10 0 1 100 0 10 10 1 0 1 1 0 1 0 0 0 10 1 1 1 0 0 1 1 10 10 10 0 0 0 1 1 0 0 1 1 0 1 1 0 0 0 1 1 10 1 1 1 0 1 10 0 1 0 0 1 0 0 0 1 1
1 0 0 0 1 0 0 0 0 1 10 0 1 0 0 0 0 0 0 0 10 1 0 10 1 1 1 10 1 1 0 1 0 0 0 1 0 1 0 0 0 0 1 1 1 1 0 0 0 0 1 0 0 10 1 1 10 10 1 1 1 0 1 0 1 10 0 0 0 10 0 1 1 0 0 10 10 1 1 0 10 1 1 0 1 0 0 0 1 1 0 0 0 1 1 1 1 1 0 0 10 1 1 1 0 1 0 1 0 0 1 1
1 0 1 0 1 1 1 0 1 1 0 0 1 1 1 1 1 10 1 1 0 1 0 1 0 1 1 1 0 0 10 0 0 0 0 1 1 1 0 1 0 10 1 0 0 1 1 1 1 1 10 0 0 0 0 0 0 0 1 0 1 10 1 1 1 0 1 0 0 0 0 0 0 1 0 0 0 0 0 0 0 0 0 0 0 1 1 1 0 0 1 1 0 1 0 1 0 0 1 1 0 0 0 1 0 10 1 1 1 0 1 0
0 1 0 1 0 1 0 0 10 0 0 0 0 0 10 1 1 0 0 10 0 0 0 0 1 0 0 0 1 0 1 1 0 0 0 0 1 0 1 0 1 0 0 1 0 0 0 0 0 1 0 1 1 1 1 0 1 1 0 0 0 1 0 10 1 0 0 10 0 0 0 1 0 1 1 1 1 1 0 1 0 0 1 0 0 0 0 1 0 1 0 1 0 1 10 1 1 0 1 1 0 1 0 0 1 0 1 1 1 1 0 0
1 0 1 0 1 1 1 0 1 0 0 0 1 1 0 1 1 1 1 0 0 0 0 10 1 1 10 10 0 1 1 0 1 1 0 0 0 1 0 1 0 1 1 1 0 0 0 1 0 1 1 0 0 1 0 1 0 0 1 1 1 1 0 1 1 1 1 0 0 1 0 1 1 0 0 1 0 0 1 0 1 1 0 0 0 0 0 0 1 1 0 1 0 1 0 1 1 1 0 0 0 0 0 0 0 1 1 10 0 0 0 0
0 0 0 0 1 0 0 0 1 1 0 0 0 0 10 1 0 10 1 10 0 1 1 0 0 1 0 0 1 1 1 0 0 1 1 0 0 1 1 0 0 10 0 1 0 10 10 0 1 1 1 0 1 1 0 0 0 0 1 1 1 1 10 1 1 0 0 1 1 0 1 1 0 10 0 0 0 1 0 1 0 0 1 0 0 1 1 100 1 1 1 1 1 0 1 0 1 0 10 10 1 0 0 1 1 1 0 1 100 10 1 0
10 0 1 0 0 1 1 0 1 0 1 0 1 1 0 1 1 10 10 0 1 0 1 10 0 100 1 10 10 1 1 0 1 1 0 1 1 0 1 1 0 10 10 1 1 1 1 1 0 10 10 0 0 0 0 0 1 1 10 1 0 1 10 1 10 1 1 0 1 1 1 0 0 1 0 0 1 0 0 0 1 0 0 0 1 0 0 1 1 0 0 1 1 10 1 1 0 0 0 0 10 1 1 1 0 10 1 1 1 1 1 1
0 1 0 1 0 1 0 0 1 0 0 0 0 0 1 0 1 1 1 1 0 0 1 0 1 1 0 0 10 1 1 1 0 0 1 0 1 1 0 0 1 1 0 10 0 1 1 0 0 10 0 1 0 0 1 0 1 1 1 1 0 1 1 1 0 0 0 1 1 0 1 0 0 10 1 1 1 0 0 0 0 0 0 0 0 0 0 1 1 0 0 0 1 1 1 1 0 0 0 0 1 1 0 0 0 0 1 0 1 1 0 0
10 1 100 0 0 10 1 1 1 0 1 10 10 100 0 10 10 1 1 0 0 1 0 1 0 1 10 1 0 0 1 1 0 1 0 1 0 1 0 0 1 1 10 0 0 0 0 1 1 1 1 10 1 0 1 0 0 0 1 0 1 1 0 1 1 0 10 1 10 1 1 1 0 0 1 0 0 1 0 0 1 1 0 1 1 10 1 0 1 1 0 10 0 1 0 1 1 1 1 1 0 1 0 1 1 1 1 1 0 0 1 10
0 1 1 1 0 10 0 0 1 0 1 1 0 1 1 1 10 0 0 1 0 0 0 0 1 0 1 0 1 0 1 10 0 0 1 0 0 0 1 1 0 0 0 1 0 0 0 0 0 1 0 10 0 0 10 0 1 1 0 0 1 1 0 1 0 0 0 10 1 1 1 0 0 1 1 1 1 1 0 0 0 1 0 0 0 1 1 0 1 1 0 0 0 1 1 1 1 1 1 0 0 10 0 1 0 0 1 0 0 0 1 1
1 0 1 0 1 1 1 0 1 1 0 0 1 1 1 1 1 100 10 1 0 1 1 1 0 10 1 1 1 1 10 0 0 10 0 1 10 10 1 1 0 0 1 1 0 10 10 1 1 10 10 0 0 0 0 0 0 0 10 1 1 10 10 1 1 0 1 0 1 0 1 0 0 10 0 0 0 0 0 0 0 0 0 0 0 1 1 10 1 0 1 1 1 1 0 1 0 0 1 1 1 0 0 1 0 10 1 1 10 1 1 0
100 1 10 0 0 1 1 1 1 0 1 1 10 10 0 1 1 1 1 0 1 1 0 10 0 10 1 10 1 0 1 0 1 1 0 1 0 10 0 10 0 1 0 0 1 0 0 1 1 1 10 1 1 0 0 0 1 1 1 0 0 1 1 1 10 1 10 0 1 1 0 1 0 0 1 0 1 0 0 0 10 0 0 1 10 1 0 0 0 0 0 10 0 10 1 1 0 0 0 1 1 1 1 1 1 10 1 1 0 0 1 10
0 1 0 1 1 1 0 0 1 0 0 0 0 0 1 0 1 1 1 1 0 0 1 1 10 1 1 1 10 10 1 1 1 0 1 1 1 1 10 0 1 1 0 0 0 1 1 0 0 10 0 1 0 1 1 1 1 1 1 10 1 1 1 1 0 1 0 1 1 1 1 1 1 10 1 10 1 0 1 0 1 1 0 0 0 0 0 1 10 1 0 0 1 1 1 1 1 1 0 0 1 1 0 0 0 0 1 1 1 1 0 0
1 0 0 0 0 0 0 0 0 0 1 0 0 0 0 0 0 0 0 0 1 0 0 1 0 1 0 1 1 0 0 0 1 0 0 0 0 1 0 0 0 0 1 0 0 0 0 0 0 0 1 0 0 0 0 0 1 1 0 0 0 0 1 0 1 1 0 0 0 1 0 0 0 0 0 0 1 0 0 0 1 0 0 0 1 0 0 0 0 0 0 0 0 1 1 0 0 0 0 0 1 1 1 1 0 1 0 0 0 0 1 1
0 0 0 0 1 0 0 0 0 10 1 0 1 0 1 0 0 10 1 1 1 10 1 0 0 1 0 0 1 1 1 1 1 1 0 0 10 1 1 0 0 10 0 1 0 0 10 0 1 1 1 0 0 1 1 0 1 1 10 1 1 1 10 0 0 0 0 0 1 0 1 0 0 10 0 1 1 1 0 0 0 0 1 0 0 1 1 10 1 0 1 0 1 0 0 1 0 0 1 1 10 0 0 1 0 1 0 0 10 1 1 0
0 0 0 0 1 0 0 0 0 1 0 0 0 0 1 0 0 10 1 1 0 1 1 0 0 1 0 0 1 1 1 0 0 1 0 0 10 1 1 0 0 10 0 1 0 10 0 0 1 1 1 0 0 0 0 0 0 0 1 1 1 1 10 0 0 0 0 0 1 0 1 0 0 10 0 0 0 0 0 0 0 0 0 0 0 1 1 10 1 0 1 0 1 0 0 0 0 0 1 1 1 0 0 1 0 1 0 0 10 1 1 0
1 0 1 0 0 1 1 0 1 0 0 0 1 1 0 1 1 1 1 0 0 0 0 1 0 1 1 1 0 0 1 0 0 1 0 1 0 1 0 1 0 1 1 0 0 0 0 0 0 1 1 0 0 0 0 0 0 0 1 0 0 1 0 1 1 0 1 0 0 0 0 0 0 0 0 0 0 0 0 0 0 0 0 0 0 0 0 0 0 0 0 1 0 1 0 1 0 0 0 0 0 0 0 0 0 1 1 1 0 0 0 0
1 1 1 0 1 0 0 1 0 1 0 1 1 1 1 0 0 1 0 1 0 10 0 0 0 0 0 0 0 0 1 0 0 1 0 0 1 0 0 1 0 1 1 0 0 1 1 0 0 0 1 1 1 0 0 0 0 0 0 0 1 1 1 0 0 0 1 0 1 0 0 1 0 1 1 0 0 0 0 0 1 0 0 1 1 10 1 1 0 0 1 1 0 0 0 0 0 0 1 10 0 0 0 1 1 1 0 0 1 0 1 1
1 1 1 1 0 10 1 0 10 0 0 0 1 1 1 1 10 10 10 1 0 0 1 1 1 10 1 1 10 1 10 1 0 1 1 1 1 10 10 1 1 10 1 10 0 1 1 1 0 0 1 1 0 0 1 0 1 1 10 1 0 10 1 10 1 0 1 1 1 0 1 0 0 10 1 1 1 0 0 0 0 0 0 0 0 0 0 1 1 0 0 1 1 10 1 10 0 0 0 0 1 1 0 0 0 1 10 1 1 1 0 0
10 0 1 0 1 1 1 0 1 1 1 0 1 1 1 1 1 10 1 1 1 1 0 10 0 10 1 10 1 0 10 0 1 10 0 1 1 10 0 1 0 10 10 0 1 1 1 1 1 1 0 0 0 0 0 0 1 1 1 0 1 10 10 1 10 1 1 0 0 1 0 0 0 1 0 0 1 0 0 0 1 0 0 0 1 1 1 1 0 0 1 1 0 10 1 1 0 0 1 1 1 1 1 10 0 100 1 1 1 0 10 1
1 10 10 1 0 10 0 1 1 0 1 10 1 10 1 1 10 0 0 1 0 1 0 0 1 0 1 0 1 0 1 10 0 0 1 0 0 0 1 10 10 0 1 1 0 0 0 0 1 1 0 0 1 0 10 0 1 1 0 0 1 1 0 1 0 0 1 10 10 1 1 1 0 1 10 1 1 1 0 0 1 1 0 1 1 10 1 0 1 1 0 1 0 1 1 1 1 1 1 1 0 10 0 1 1 0 1 0 0 0 1 10
1 1 1 0 0 0 0 1 1 0 0 1 1 1 1 1 0 0 0 1 0 1 0 0 0 0 0 0 0 0 0 0 0 0 1 0 1 0 0 1 0 0 1 0 0 0 0 0 1 0 0 1 0 1 0 0 0 0 0 0 0 0 0 1 1 0 1 1 1 0 0 10 0 0 1 0 0 1 0 1 1 0 1 1 1 1 0 1 0 1 0 10 0 0 1 0 1 0 1 10 0 0 0 0 10 0 0 1 1 1 0 1
0 0 0 0 1 0 0 0 1 1 1 0 1 0 1 1 0 0 0 1 1 1 0 1 1 0 1 1 0 1 0 1 10 0 1 1 1 0 0 0 0 0 0 1 0 1 0 0 0 0 0 0 1 0 1 1 1 1 1 1 1 0 0 1 1 1 0 1 0 1 0 10 1 0 0 10 1 10 1 1 1 1 10 0 0 0 0 1 1 10 0 1 0 0 1 1 10 1 1 1 1 0 0 0 1 0 0 10 1 1 0 0
0 1 1 1 0 10 0 0 1 1 10 1 1 1 1 1 10 0 0 1 1 1 0 0 1 0 1 0 1 0 1 100 1 0 1 0 0 0 1 1 10 0 0 1 0 1 0 0 0 1 0 10 0 1 0 0 10 10 1 0 1 1 0 1 0 0 0 10 1 1 1 0 0 1 1 10 10 10 0 0 0 1 1 0 0 1 1 0 1 1 0 0 0 1 1 10 1 1 1 0 1 10 0 1 0 0 1 0 0 0 1 1
0 0 0 0 1 0 0 0 0 0 0 0 0 0 0 0 0 0 0 0 0 0 0 1 1 0 1 1 0 1 0 0 1 0 0 1 0 0 0 0 0 0 0 1 0 0 0 0 0 0 0 0 0 1 0 0 0 0 0 1 1 0 0 0 0 1 0 0 0 1 0 1 1 0 0 1 0 0 1 0 1 1 0 0 0 0 0 0 1 1 0 0 0 0 0 0 1 1 0 0 0 0 0 0 0 0 0 1 0 0 0 0
1 1 0 1 0 1 0 0 1 1 10 0 1 0 1 0 1 0 0 1 10 1 0 1 1 1 0 1 10 0 1 10 10 0 1 0 0 1 1 0 1 0 1 1 1 1 0 0 0 1 1 1 0 1 10 0 0 100 1 0 0 1 1 1 1 1 0 1 0 1 0 0 0 1 1 10 100 1 0 0 1 0 1 0 1 0 0 0 0 0 0 0 0 10 10 10 0 0 0 0 10 10 1 1 0 1 1 0 0 0 1 1
1 1 0 1 0 1 0 0 1 1 10 0 1 0 1 0 1 0 0 1 10 1 0 1 1 1 0 1 10 0 1 10 10 0 1 0 0 1 1 0 1 0 1 1 1 1 0 0 0 1 1 1 0 1 10 0 100 0 1 0 0 1 1 1 1 1 0 1 0 1 0 0 0 1 1 10 100 1 0 0 1 0 1 0 1 0 0 0 0 0 0 0 0 10 10 10 0 0 0 0 10 10 1 1 0 1 1 0 0 0 1 1
1 0 1 0 0 1 1 0 1 1 1 0 10 1 0 1 1 10 10 0 1 1 1 1 0 10 1 1 1 1 1 1 1 1 0 1 1 10 1 1 0 10 1 1 0 10 1 1 0 10 1 0 0 1 1 0 1 1 0 1 0 1 1 1 1 0 1 0 1 0 1 0 0 1 0 1 1 1 0 0 0 0 1 0 0 0 0 1 1 0 0 1 1 1 0 10 0 0 0 0 10 0 0 0 0 1 1 1 1 1 0 0
0 0 0 0 1 0 0 0 0 0 0 0 0 0 0 0 0 1 1 0 0 0 1 1 1 1 1 1 1 10 0 0 1 0 0 1 1 1 1 0 0 1 0 10 0 1 1 0 0 1 0 0 0 1 0 1 0 0 1 0 1 0 1 0 0 1 0 0 1 1 1 1 1 1 0 1 0 0 1 0 1 1 0 0 0 0 0 1 10 1 0 0 1 0 0 0 1 1 0 0 1 0 0 0 0 0 0 1 1 1 0 0
0 0 1 0 10 1 0 0 0 1 1 1 0 1 1 1 1 1 0 1 0 1 0 1 1 0 10 1 0 1 1 1 1 1 0 1 1 0 0 1 1 1 0 1 0 1 1 0 1 0 1 1 0 1 1 1 0 0 0 1 0 1 1 0 0 1 0 1 1 10 1 1 1 1 0 1 0 1 1 0 1 10 0 0 0 10 10 1 10 10 1 0 0 0 0 0 10 10 10 1 0 1 0 10 0 1 0 1 1 0 10 1
1 1 1 1 1 10 1 0 10 1 0 0 1 1 10 1 10 10 1 10 0 1 0 1 1 1 1 1 1 0 100 1 0 10 1 1 1 1 1 1 1 10 1 1 0 1 1 1 1 10 10 1 0 0 1 0 1 1 1 0 1 0 1 10 1 0 1 1 0 0 0 0 0 10 1 1 1 0 0 0 0 0 0 0 0 1 1 1 0 0 1 1 0 10 1 10 0 0 1 1 0 1 0 1 0 10 10 1 1 0 1 0
1 0 0 0 1 0 0 0 0 1 1 0 0 0 1 0 0 10 1 1 1 1 1 1 0 10 0 1 10 1 1 0 1 1 0 0 10 10 1 0 0 10 1 1 1 10 10 0 1 1 10 0 0 0 0 0 1 1 1 1 1 1 0 0 1 1 0 0 1 1 1 0 0 10 0 0 1 0 0 0 1 0 0 0 1 1 1 10 1 0 1 0 1 1 1 0 0 0 1 1 10 1 1 10 0 10 0 0 10 1 10 1
1 1 1 1 0 10 1 0 100 0 0 0 1 1 10 10 10 1 1 10 0 0 0 1 1 1 1 1 1 0 10 1 0 1 10 1 1 1 1 1 1 1 1 1 0 0 0 1 0 10 1 1 1 1 1 0 1 1 1 0 0 10 0 0 10 0 1 10 0 0 0 1 0 1 1 1 1 1 0 1 0 0 1 0 0 0 0 1 0 1 0 10 0 10 10 10 1 0 1 1 0 1 0 0 1 1 10 10 1 1 0 0
10 0 1 0 0 1 1 0 10 0 1 0 1 1 1 10 1 1 1 1 1 0 0 10 0 10 1 10 1 0 1 0 1 1 1 1 1 10 0 1 0 1 10 0 1 0 0 1 0 1 10 0 1 1 0 0 1 1 1 0 0 1 1 10 0 1 1 1 0 1 0 1 0 0 0 0 1 1 0 1 1 0 1 0 1 0 0 1 0 1 0 10 0 10 10 1 1 0 1 1 1 1 1 1 1 10 1 10 1 1 1 1
1 0 0 0 1 0 0 0 0 0 1 0 0 0 0 0 0 0 0 0 1 0 0 10 1 1 1 10 1 1 0 0 10 0 0 1 0 1 0 0 0 0 1 1 1 0 0 0 0 0 1 0 0 1 0 1 1 1 0 1 1 0 1 0 1 0 0 0 0 10 0 1 1 0 0 1 1 0 1 0 10 1 0 0 1 0 0 0 1 1 0 0 0 1 1 0 1 1 0 0 1 1 1 1 0 1 0 1 0 0 1 1
10 1 10 0 0 1 1 1 1 0 0 1 10 10 0 1 1 1 1 0 0 1 0 1 0 1 1 1 0 0 1 0 0 1 0 1 0 1 0 10 0 1 10 0 0 0 0 1 1 1 1 1 1 0 0 0 0 0 1 0 0 1 0 1 1 0 0 0 1 0 0 1 0 0 1 0 0 0 0 0 1 0 0 1 1 1 0 0 0 0 0 10 0 1 0 1 0 0 0 1 0 0 0 0 1 1 1 1 0 0 0 1
0 1 1 1 0 10 0 0 10 0 1 1 0 1 10 10 10 0 0 10 0 0 0 0 1 0 1 0 1 0 1 10 0 0 10 0 1 0 1 1 10 0 0 1 0 0 0 0 0 1 0 10 1 1 10 0 1 1 0 0 1 1 0 10 1 0 0 0 1 1 1 1 0 1 1 1 1 10 0 1 0 1 1 0 0 1 1 1 1 10 0 1 0 1 10 1 10 1 10 1 0 10 0 1 1 0 1 1 1 1 1 1
1 1 10 0 0 1 0 1 0 0 1 10 1 10 0 1 1 1 1 0 0 1 1 0 0 1 1 0 1 1 0 1 0 0 0 0 1 1 1 10 1 1 1 1 0 1 1 0 1 1 0 10 1 0 1 0 0 0 1 1 1 0 1 0 0 0 1 1 0 1 10 1 0 1 1 0 0 1 0 0 1 1 0 1 1 10 1 1 10 1 0 1 1 0 0 0 1 1 1 1 1 1 0 1 1 0 0 0 1 1 1 10
1 0 1 0 1 1 0 0 0 0 10 1 0 1 0 1 1 0 0 0 1 0 0 10 1 1 10 10 1 1 0 1 10 0 0 1 0 1 0 1 1 0 1 1 1 0 0 0 0 0 1 1 0 1 1 1 1 1 0 1 10 0 1 0 1 10 0 1 1 0 1 1 1 0 0 1 1 1 1 0 10 10 0 0 1 1 1 0 10 10 0 0 0 1 1 0 10 10 1 0 1 10 1 10 0 1 0 1 0 0 10 10
0 0 1 0 0 1 0 0 0 0 1 1 0 1 0 1 1 1 1 0 0 0 1 0 0 1 1 0 1 1 0 1 0 0 0 0 1 1 1 1 1 1 0 1 0 1 1 0 0 1 0 1 0 0 1 0 0 0 1 1 1 0 1 0 0 0 0 1 10 1 0 0 0 1 0 0 0 1 0 0 0 1 0 0 0 1 1 1 10 1 0 0 1 0 0 0 1 1 1 0 1 1 0 1 0 0 0 0 1 1 1 1
1 1 1 0 1 0 0 1 1 0 0 1 1 1 1 1 0 0 0 1 0 1 0 1 1 0 1 1 0 1 0 0 1 0 1 1 1 0 0 1 0 0 1 1 0 0 0 0 1 0 0 1 10 10 0 1 0 0 0 1 1 0 0 1 1 1 1 1 1 1 0 0 1 0 1 1 0 1 1 1 10 1 1 1 1 1 0 1 1 10 0 10 0 0 1 0 10 1 1 10 0 0 0 0 10 0 0 10 1 1 0 1
0 0 0 0 1 0 0 0 0 0 0 0 0 0 0 0 0 0 0 0 0 0 0 1 1 0 1 1 0 1 0 0 1 0 0 1 0 0 0 0 0 0 0 1 0 0 0 0 0 0 0 0 0 1 0 1 0 0 0 1 1 0 0 0 0 1 0 0 0 1 0 1 0 0 0 1 0 0 1 0 1 1 0 0 0 0 0 0 1 1 0 0 0 0 0 0 1 1 0 0 0 0 0 0 0 0 0 1 0 0 0 0
0 1 0 1 1 1 0 0 1 1 0 0 0 0 10 0 1 10 1 10 0 1 1 0 1 1 0 0 10 1 10 1 0 1 1 0 10 1 10 0 1 10 0 10 0 10 10 0 1 10 1 1 0 0 1 0 1 1 1 1 1 10 10 1 0 0 0 1 1 0 1 0 0 0 1 1 1 0 0 0 0 0 0 0 0 1 1 10 1 0 1 0 1 1 1 1 0 0 1 1 1 1 0 1 0 1 1 0 10 1 1 0
1 10 1 1 0 1 0 1 1 0 0 1 1 1 1 0 1 0 0 1 0 1 0 0 1 0 0 0 1 0 1 1 0 0 1 0 0 0 1 1 1 0 1 1 0 0 0 0 1 1 0 10 1 0 1 0 1 1 0 0 0 1 0 1 0 0 1 1 1 0 0 1 0 1 0 1 1 0 0 0 1 0 0 1 1 1 0 0 0 0 0 1 0 1 1 1 0 0 0 1 0 1 0 0 1 0 1 0 0 0 0 1
0 1 0 1 1 1 0 0 1 1 1 0 1 0 1 0 1 0 0 1 1 1 0 1 10 0 1 1 1 1 1 10 10 0 1 1 0 0 1 0 1 0 0 10 0 1 0 0 0 1 0 1 0 10 10 1 10 10 1 1 1 1 0 1 0 1 0 1 0 1 0 1 1 1 1 0 10 1 1 0 1 1 1 0 0 0 0 0 1 1 0 0 0 1 1 10 1 1 0 0 1 1 0 0 0 0 1 1 0 0 0 0
1 1 0 1 0 1 0 0 1 1 10 0 1 0 1 0 1 0 0 1 10 1 0 1 1 1 0 1 10 0 1 10 10 0 1 0 0 1 1 0 1 0 1 1 1 1 0 0 0 1 1 1 0 1 10 0 100 100 1 0 0 1 1 1 1 1 0 1 0 1 0 0 0 1 1 10 0 1 0 0 1 0 1 0 1 0 0 0 0 0 0 0 0 10 10 10 0 0 0 0 10 10 1 1 0 1 1 0 0 0 1 1
0 0 1 0 0 1 0 0 1 1 10 1 1 1 1 10 1 0 0 1 1 1 0 0 0 0 1 0 0 0 0 10 1 0 1 0 1 0 0 1 1 0 0 0 0 1 0 0 0 0 0 1 1 10 10 0 1 1 1 0 1 0 0 1 1 0 0 10 1 1 1 1 0 0 0 1 1 0 0 1 0 1 10 0 0 1 1 1 1 10 0 1 0 0 1 1 10 1 10 1 1 1 0 1 1 0 0 1 1 1 1 1
0 0 0 0 1 0 0 0 0 0 0 0 0 0 0 0 0 0 0 0 0 0 0 1 1 0 1 1 0 1 0 0 1 0 0 1 0 0 0 0 0 0 0 1 0 0 0 0 0 0 0 0 0 1 0 1 0 0 0 1 1 0 0 0 0 1 0 0 0 1 0 1 1 0 0 1 0 0 0 0 1 1 0 0 0 0 0 0 1 1 0 0 0 0 0 0 1 1 0 0 0 0 0 0 0 0 0 1 0 0 0 0
0 0 0 0 0 0 0 0 1 0 0 0 0 0 1 1 0 0 0 1 0 0 0 0 0 0 0 0 0 0 0 0 0 0 1 0 1 0 0 0 0 0 0 0 0 0 0 0 0 0 0 0 1 1 0 0 0 0 0 0 0 0 0 1 1 0 0 1 0 0 0 1 0 0 0 0 0 1 0 0 0 0 1 0 0 0 0 1 0 1 0 1 0 0 1 0 1 0 1 1 0 0 0 0 1 0 0 1 1 1 0 0
10 1 1 0 1 0 0 1 0 0 1 1 1 1 0 0 0 0 0 0 1 1 0 10 1 1 1 10 1 1 0 0 10 0 0 1 0 1 0 1 0 0 10 1 1 0 0 0 1 0 1 1 1 1 0 1 1 1 0 1 1 0 1 0 1 10 1 0 1 10 0 10 1 0 1 1 1 0 1 0 0 1 0 1 10 1 0 0 1 1 0 1 0 1 1 0 1 1 0 1 1 1 1 1 1 1 0 1 0 0 1 10
0 0 1 0 1 1 0 0 0 0 1 1 0 1 0 1 1 0 0 0 0 0 0 1 1 0 10 1 0 1 0 1 1 0 0 1 0 0 0 1 1 0 0 1 0 0 0 0 0 0 0 1 0 1 1 1 0 0 0 1 10 0 0 0 0 1 0 1 1 10 1 1 1 0 0 1 0 1 1 0 1 0 0 0 0 1 1 0 10 10 0 0 0 0 0 0 10 10 1 0 0 1 0 1 0 0 0 1 0 0 1 1
0 0 0 0 0 0 0 0 1 1 1 0 1 0 1 1 0 0 0 1 1 1 0 0 0 0 0 0 0 0 0 1 1 0 1 0 1 0 0 0 0 0 0 0 0 1 0 0 0 0 0 0 1 10 1 0 1 1 1 0 0 0 0 1 1 0 0 1 0 0 0 1 0 0 0 1 1 10 0 1 0 0 0 0 0 0 0 1 0 1 0 1 0 0 1 1 1 0 1 1 1 0 0 0 1 0 0 1 1 1 0 0
1 1 1 0 0 0 0 1 0 0 0 1 1 1 0 0 0 0 0 0 0 1 0 0 0 0 0 0 0 0 0 0 0 0 0 0 0 0 0 1 0 0 1 0 0 0 0 0 1 0 0 1 1 0 0 0 0 0 0 0 0 0 0 0 0 0 1 0 1 0 0 1 0 0 1 0 0 0 0 0 1 0 0 0 1 1 0 0 0 0 0 1 0 0 0 0 0 0 0 1 0 0 0 0 1 0 0 0 0 0 0 1
10 1 1 0 0 0 0 1 0 0 1 1 1 1 0 0 0 0 0 0 1 1 0 1 0 1 0 1 1 0 0 0 1 0 0 0 0 1 0 1 0 0 10 0 1 0 0 0 1 0 1 1 1 0 0 0 1 1 0 0 0 0 1 0 1 1 1 0 1 1 0 1 0 0 1 0 1 0 0 0 10 0 0 1 0 1 0 0 0 0 0 1 0 1 1 0 0 0 0 1 1 1 1 1 1 1 0 0 0 0 1 10
1 1 10 0 1 1 0 1 0 1 1 10 1 10 1 1 1 1 0 1 0 10 0 0 0 0 1 0 0 0 1 1 0 1 0 0 1 0 0 10 1 1 1 0 0 1 1 0 10 0 1 10 1 0 1 0 0 0 0 0 10 1 1 0 0 0 1 1 10 1 1 1 0 1 1 0 0 1 0 0 1 1 0 1 1 0 10 1 1 1 1 1 0 0 0 0 1 1 10 10 0 1 0 10 1 1 0 0 1 0 10 10
0 0 1 0 1 1 0 0 0 1 1 1 0 1 1 1 1 1 0 1 0 1 0 0 0 0 1 0 0 0 1 1 0 1 0 0 1 0 0 1 1 1 0 0 0 1 1 0 1 0 1 1 0 0 1 0 0 0 0 0 10 1 1 0 0 0 0 1 1 1 1 0 0 1 0 0 0 1 0 0 0 1 0 0 0 10 0 1 1 1 1 0 0 0 0 0 1 1 10 1 0 1 0 10 0 1 0 0 1 0 10 1
0 0 0 0 1 0 0 0 1 1 0 0 0 0 10 1 0 10 1 10 0 1 1 0 0 1 0 0 1 1 1 0 0 1 1 0 100 1 1 0 0 10 0 1 0 10 10 0 1 1 1 0 1 1 0 0 0 0 1 1 1 1 10 1 1 0 0 1 1 0 1 1 0 10 0 0 0 1 0 1 0 0 1 0 0 1 1 0 1 1 1 1 1 0 1 0 1 0 10 10 1 0 0 1 1 1 0 1 100 10 1 0
0 0 1 0 1 1 0 0 0 0 1 1 0 1 0 1 1 1 1 0 0 0 1 1 1 1 10 1 1 10 0 1 1 0 0 1 1 1 1 1 1 1 0 10 0 1 1 0 0 1 0 1 0 1 1 1 0 0 1 10 10 0 1 0 0 1 0 1 10 10 10 1 1 1 0 1 0 1 1 0 1 10 0 0 0 1 1 1 0 10 0 0 1 0 0 0 10 10 1 0 1 1 0 1 0 0 0 1 1 1 1 1
0 0 1 0 1 1 0 0 1 0 1 1 0 1 1 10 1 0 0 1 0 0 0 1 1 0 10 1 0 1 0 1 1 0 1 1 1 0 0 1 1 0 0 1 0 0 0 0 0 0 0 1 1 10 1 1 0 0 0 1 10 0 0 1 1 1 0 10 1 10 1 10 1 0 0 1 0 10 1 1 1 10 1 0 0 1 1 1 10 0 0 1 0 0 1 0 100 10 10 1 0 1 0 1 1 0 0 10 1 1 1 1
0 0 0 0 1 0 0 0 0 1 0 0 0 0 1 0 0 1 0 1 0 1 0 0 0 0 0 0 0 0 1 0 0 1 0 0 1 0 0 0 0 1 0 0 0 1 1 0 1 0 1 0 0 0 0 0 0 0 0 0 1 1 1 0 0 0 0 0 0 0 0 0 0 1 0 0 0 0 0 0 0 0 0 0 0 1 1 1 0 0 0 0 0 0 0 0 0 0 1 1 0 0 0 1 0 1 0 0 1 0 1 0
10 1 10 0 0 1 1 1 10 0 0 1 10 10 1 10 1 1 1 1 0 1 0 1 0 1 1 1 0 0 1 0 0 1 1 1 1 1 0 10 0 1 10 0 0 0 0 1 1 1 1 1 10 1 0 0 0 0 1 0 0 1 0 10 10 0 10 1 1 0 0 10 0 0 1 0 0 1 0 1 1 0 1 1 1 1 0 1 0 1 0 0 0 1 1 1 1 0 1 10 0 0 0 0 10 1 1 10 1 1 0 1
0 0 0 0 0 0 0 0 0 0 0 0 0 0 0 0 0 1 1 0 0 0 1 0 0 1 0 0 1 1 0 0 0 0 0 0 1 1 1 0 0 1 0 1 0 1 1 0 0 1 0 0 0 0 0 0 0 0 1 1 0 0 1 0 0 0 0 0 1 0 1 0 0 1 0 0 0 0 0 0 0 0 0 0 0 0 0 1 1 0 0 0 0 0 0 0 0 0 0 0 1 0 0 0 0 0 0 0 1 1 0 0
10 1 1 1 0 10 1 0 10 0 1 0 1 1 1 1 10 1 1 1 1 0 0 10 1 10 1 10 10 0 10 1 1 1 1 1 0 10 1 1 1 1 10 1 1 0 0 1 0 10 10 1 0 0 1 0 10 10 1 0 0 10 1 10 10 1 1 1 0 1 0 0 0 1 1 1 10 0 0 0 1 0 0 0 1 0 0 0 0 0 0 1 0 0 10 10 0 0 0 0 1 10 1 1 0 10 10 1 0 0 1 1
1 1 0 1 0 1 0 0 10 0 1 0 0 0 10 1 1 0 0 10 1 0 0 1 1 1 0 1 10 0 1 1 1 0 10 0 1 1 1 0 1 0 1 1 1 0 0 0 0 1 1 1 1 1 1 0 10 10 0 0 0 1 1 10 10 1 0 10 0 1 0 1 0 1 1 1 10 1 0 1 1 0 1 0 1 0 0 1 0 1 0 1 0 10 0 1 1 0 1 1 1 10 1 1 1 1 1 1 1 1 1 1
1 1 1 1 0 10 1 0 10 1 1 0 10 1 1 1 10 1 1 1 1 1 0 1 1 1 1 1 1 0 10 10 1 1 1 1 0 1 1 1 1 1 1 1 0 1 0 1 0 10 1 1 0 1 10 0 10 10 10 0 0 10 0 10 1 0 1 1 0 0 0 0 0 1 1 10 10 1 0 0 0 0 1 0 0 0 0 0 0 0 0 1 0 10 1 0 0 0 0 0 1 1 0 0 0 1 10 1 0 0 0 0
0 0 1 0 1 1 0 0 1 0 1 1 0 1 1 10 1 0 0 1 0 0 0 1 1 0 10 1 0 1 0 1 1 0 1 1 1 0 0 1 1 0 0 1 0 0 0 0 0 0 0 1 1 10 1 1 0 0 0 1 10 0 0 1 1 1 0 10 1 10 1 10 1 0 0 1 0 10 1 1 1 10 1 0 0 1 1 1 10 100 0 1 0 0 1 0 0 10 10 1 0 1 0 1 1 0 0 10 1 1 1 1
0 0 1 0 1 1 0 0 0 0 1 1 0 1 0 1 1 0 0 0 0 0 0 1 1 0 10 1 0 1 0 1 1 0 0 1 0 0 0 1 1 0 0 1 0 0 0 0 0 0 0 1 0 1 1 1 0 0 0 1 10 0 0 0 0 1 0 1 1 10 1 1 1 0 0 1 0 1 1 0 1 10 0 0 0 1 1 0 10 10 0 0 0 0 0 0 10 0 1 0 0 1 0 1 0 0 0 1 0 0 1 1
0 0 1 0 1 1 0 0 1 1 1 1 0 1 10 10 1 1 0 10 0 1 0 0 0 0 1 0 0 0 1 1 0 1 1 0 10 0 0 1 1 1 0 0 0 1 1 0 1 0 1 1 1 1 1 0 0 0 0 0 10 1 1 1 1 0 0 10 1 1 1 1 0 1 0 0 0 10 0 1 0 1 1 0 0 10 10 10 1 10 1 1 0 0 1 0 10 1 0 10 0 1 0 10 1 1 0 1 10 1 10 1
1 1 1 0 1 0 0 1 1 1 0 1 1 1 10 1 0 1 0 10 0 10 0 0 0 0 0 0 0 0 1 0 0 1 1 0 10 0 0 1 0 1 1 0 0 1 1 0 10 0 1 1 10 1 0 0 0 0 0 0 1 1 1 1 1 0 1 1 1 0 0 10 0 1 1 0 0 1 0 1 1 0 1 1 1 10 1 10 0 1 1 10 0 0 1 0 1 0 10 0 0 0 0 1 10 1 0 1 10 1 1 1
1 0 0 0 0 0 0 0 0 1 10 0 1 0 0 0 0 1 1 0 10 1 1 1 0 10 0 1 10 1 0 1 10 0 0 0 1 10 1 0 0 1 1 1 1 10 1 0 0 1 1 0 0 1 1 0 10 10 10 1 0 0 10 0 1 1 0 0 1 1 1 0 0 1 0 1 10 1 0 0 1 0 1 0 1 0 0 1 1 0 0 0 1 1 1 1 0 0 0 0 0 1 1 1 0 1 0 0 1 1 1 1
1 1 1 1 0 10 0 0 1 0 10 1 0 1 1 1 10 0 0 1 1 0 0 1 1 1 1 1 10 0 1 10 1 0 1 0 0 1 1 1 10 0 1 1 1 0 0 0 0 1 1 10 0 0 10 0 10 10 0 0 1 1 1 1 1 1 0 10 1 10 1 0 0 1 1 1 10 1 0 0 1 1 0 0 1 1 1 0 1 1 0 0 0 10 10 1 1 1 1 0 1 0 1 10 0 1 1 0 0 0 10 10
1 0 0 0 0 0 0 0 0 0 1 0 0 0 0 0 0 0 0 0 1 0 0 1 0 1 0 1 1 0 0 0 1 0 0 0 0 1 0 0 0 0 1 0 1 0 0 0 0 0 1 0 0 0 0 0 1 1 0 0 0 0 1 0 1 1 0 0 0 1 0 0 0 0 0 0 1 0 0 0 1 0 0 0 1 0 0 0 0 0 0 0 0 1 1 0 0 0 0 0 1 1 0 1 0 1 0 0 0 0 1 1
1 0 1 0 1 1 0 0 0 1 10 1 0 1 1 1 1 1 0 1 1 1 0 1 0 1 1 1 1 0 1 1 1 1 0 0 1 1 0 1 1 1 1 0 1 1 1 0 1 0 10 1 0 0 1 0 1 1 0 0 10 1 10 0 1 1 0 1 1 10 1 0 0 1 0 0 1 1 0 0 1 1 0 0 1 10 10 1 1 1 1 0 0 1 1 0 1 1 10 1 1 10 1 0 0 10 0 0 1 0 100 10
1 1 1 0 0 0 0 1 1 0 0 1 1 1 1 1 0 0 0 1 0 1 0 0 0 0 0 0 0 0 0 0 0 0 1 0 1 0 0 1 0 0 1 0 0 0 0 0 1 0 0 1 10 1 0 0 0 0 0 0 0 0 0 1 1 0 1 1 1 0 0 10 0 0 1 0 0 1 0 1 1 0 1 1 1 1 0 1 0 1 0 10 0 0 1 0 1 0 1 10 0 0 0 0 0 0 0 1 1 1 0 1
10 0 1 0 1 1 1 0 1 1 1 0 1 1 1 1 1 10 1 1 1 1 0 10 0 10 1 10 1 0 10 0 1 10 0 1 1 10 0 1 0 10 10 0 1 1 1 1 1 1 100 0 0 0 0 0 1 1 1 0 1 10 10 1 10 1 1 0 0 1 0 0 0 1 0 0 1 0 0 0 1 0 0 0 1 1 1 1 0 0 1 1 0 10 1 1 0 0 1 1 1 1 1 10 0 0 1 1 1 0 10 1
1 1 1 1 0 10 1 0 10 0 0 0 1 1 1 1 10 1 1 1 0 0 0 1 1 1 1 1 1 0 10 1 0 1 1 1 0 1 1 1 1 1 1 1 0 0 0 1 0 10 1 1 0 0 1 0 1 1 1 0 0 10 0 10 1 0 1 1 0 0 0 0 0 1 1 1 1 0 0 0 0 0 0 0 0 0 0 0 0 0 0 1 0 10 1 10 0 0 0 0 0 1 0 0 0 1 0 1 0 0 0 0
1 0 1 0 1 1 1 0 10 0 0 0 1 1 1 10 1 1 1 1 0 0 0 10 1 1 10 10 0 1 1 0 1 1 1 10 1 1 0 1 0 1 1 1 0 0 0 1 0 1 1 0 1 10 0 1 0 0 1 1 1 1 0 10 10 1 1 1 0 1 0 10 1 0 0 1 0 1 1 1 1 1 1 0 0 0 0 1 1 10 0 10 0 1 1 1 10 1 1 1 0 0 0 0 1 1 1 0 1 1 0 0
0 0 0 0 1 0 0 0 1 1 0 0 0 0 10 1 0 10 1 10 0 1 1 0 0 1 0 0 1 1 1 0 0 1 1 0 100 1 1 0 0 10 0 1 0 10 10 0 1 1 1 0 1 1 0 0 0 0 1 1 1 1 10 1 1 0 0 1 1 0 1 1 0 10 0 0 0 1 0 1 0 0 1 0 0 1 1 100 1 1 1 1 1 0 1 0 1 0 10 10 1 0 0 1 1 1 0 1 0 10 1 0
0 0 0 0 0 0 0 0 1 0 0 0 0 0 1 1 0 1 1 1 0 0 1 0 0 1 0 0 1 1 0 0 0 0 1 0 10 1 1 0 0 1 0 1 0 1 1 0 0 1 0 0 1 1 0 0 0 0 1 1 0 0 1 1 1 0 0 1 1 0 1 1 0 1 0 0 0 1 0 1 0 0 1 0 0 0 0 10 1 1 0 1 1 0 1 0 1 0 1 1 1 0 0 0 1 0 0 1 10 0 0 0
1 0 1 0 1 1 0 0 0 1 10 1 0 1 1 1 1 1 0 1 1 1 0 1 0 1 1 1 1 0 1 1 1 1 0 0 1 1 0 1 1 1 1 0 1 1 1 0 1 0 10 1 0 0 1 0 1 1 0 0 10 1 10 0 1 1 0 1 1 10 1 0 0 1 0 0 1 1 0 0 1 1 0 0 1 10 10 1 1 1 1 0 0 1 1 0 1 1 10 1 1 10 1 100 0 10 0 0 1 0 0 10
10 1 10 0 0 1 0 1 0 0 10 10 1 10 0 1 1 0 0 0 1 1 0 1 0 1 1 1 1 0 0 1 1 0 0 0 0 1 0 10 1 0 10 0 1 0 0 0 1 0 1 10 1 0 1 0 1 1 0 0 1 0 1 0 1 1 1 1 10 10 1 1 0 0 1 0 1 1 0 0 10 1 0 1 10 10 1 0 1 1 0 1 0 1 1 0 1 1 1 1 1 10 1 10 1 1 0 0 0 0 10 0
2
4 16 3
6 8 3
5
4 4 
1 4
2 4
3 6
4 4
2 4 
1 4
1 4
2 6
2 6
3 7 
1 4
1 4
2 6
2 6
2 6
3 4
3 4
2 3 
1 4
1 4
2 6
1 6 
1 4
1 4
1 6
1 4
1 4
1 4
112 10
3 1 2 3
2 3 5
3 1 3 4
1 5
2 0 6
3 1 4 5
1 1
1 3
3 1 5 8
2 0 7
3 2 4 7
2 3 4
3 1 3 7
3 1 3 4
3 0 5 8
3 1 4 8
3 1 4 5
3 0 1 9
2 1 9
3 0 5 8
2 2 7
3 0 3 7
1 9
3 1 2 6
2 5 6
3 1 2 9
3 1 4 6
3 1 2 6
3 2 5 9
2 6 9
3 0 1 5
3 4 5 7
3 2 6 7
2 0 1
2 5 8
2 1 6
3 0 8 9
3 1 2 9
2 5 9
3 1 3 4
2 4 5
3 0 1 9
3 1 2 3
3 5 6 9
1 2
3 0 7 9
2 0 9
1 1
2 0 3
3 1 5 9
3 0 1 2
3 3 4 5
2 3 8
3 6 7 8
3 4 5 7
1 6
3 2 5 7
3 2 5 7
3 1 7 9
2 6 9
3 0 4 6
3 0 1 5
3 0 2 9
3 1 5 8
3 1 2 8
2 2 6
2 1 3
3 4 5 8
3 3 4 9
3 2 4 6
2 4 9
3 3 6 8
1 6
3 0 5 9
2 3 5
3 5 6 7
3 2 5 7
3 4 7 8
1 6
1 8
3 2 3 6
2 4 6
2 7 8
1 3
2 2 3
3 0 3 4
2 0 4
3 0 8 9
3 4 6 9
3 4 6 8
1 0
3 1 3 8
1 9
3 1 2 5
3 2 5 8
3 1 5 7
3 4 6 8
2 4 6
3 0 4 8
3 0 3 8
3 2 7 9
3 2 4 5
1 2
3 0 2 4
2 3 8
3 0 1 2
2 1 5
3 1 6 8
3 0 8 9
2 8 9
3 0 2 4
3 2 3 4
112 333
5 218 240 30 50 91
4 150 257 279 291
1 163
7 196 20 217 227 232 256 281
4 190 246 269 271
5 113 114 17 296 71
4 107 275 4 92
2 123 127
4 288 294 299 47
4 137 244 263 5
7 116 12 178 194 222 245 275
3 159 293 99
4 125 205 250 293
2 248 296
4 170 264 268 272
5 103 220 230 270 298
2 235 41
7 117 156 280 282 283 62 93
7 101 11 23 238 242 284 39
4 144 282 295 60
4 105 158 225 234
3 124 247 294
2 291 81
4 161 273 279 290
5 255 63 64 77 89
4 189 258 287 293
4 210 256 285 54
3 10 102 138
5 234 264 298 299 300
5 236 255 292 294 83
5 202 243 248 59 78
1 84
4 109 176 276 286
5 108 154 266 300 43
8 139 24 250 287 69 72 75 98
5 149 253 278 290 57
7 151 223 292 295 300 53 56
4 145 298 300 6
6 100 241 290 299 42 79
4 191 233 33 55
3 277 61 96
4 1 251 31 88
1 279
5 146 187 199 301 37
3 128 157 288
5 104 16 201 45 76
3 21 259 87
4 273 285 291 301
5 171 269 289 296 73
8 13 130 180 185 268 297 44 82
4 246 272 283 286
5 174 177 216 28 295
4 172 274 80 9
4 0 142 183 301
4 195 211 259 3
3 160 207 272
6 122 162 212 239 267 287
5 173 175 235 276 282
3 155 2 233
4 209 228 274 283
3 22 267 301
4 106 244 25 300
5 14 143 204 224 280
4 115 221 297 94
4 184 231 276 301
4 120 261 291 49
5 15 258 285 74 97
2 131 270
2 197 299
4 164 208 260 271
2 271 278
4 237 249 254 27
4 237 241 292 86
3 293 46 7
1 280
2 232 296
4 126 148 236 249
3 135 147 168
3 243 265 273
5 167 200 269 281 294
3 254 284 289
4 166 192 214 32
6 112 136 19 206 275 90
4 129 165 263 289
3 193 277 70
4 252 297 301 8
8 153 179 18 231 240 247 257 292
4 181 242 52 68
4 118 132 295 85
4 140 188 274 36
2 26 38
6 110 111 253 265 281 29
4 152 226 288 51
4 213 270 277 34
4 229 245 268 284
3 121 262 66
2 260 286
4 134 219 297 67
7 203 251 252 262 290 298 65
2 239 266
6 182 186 278 35 48 58
6 133 169 198 238 261 95
4 119 141 215 40
4 299 301 302 303
4 304 305 306 307
4 308 309 310 311
4 312 313 314 315
4 316 317 318 319
2 320 321
6 322 323 324 325 326 327
4 328 329 330 331
1 332
