129
0 1 1 0 0 1 0 0 0 0 0 1 0 0 1 0 0 0 1 0 0 0 0 1 1 1 0 0 1 1 10 10 0 1 1 1 0 1 0 0 0 1 0 1 1 0 0 1 0 1 0 0 0 1 1 1 0 1 10 0 0 1 1 1 0 0 0 1 0 1 0 1 1 0 1 0 0 0 1 0 0 0 0 1 0 1 0 0 0 1 0 0 1 1 10 1 1 1 1 1 1 0 0 0 1 0 0 0 0 0 0 1 0 0 0 0 0 1 0 1 1 0 1 0 0 1 0 1 1
1 0 1 1 0 1 1 0 1 0 0 1 1 1 10 0 0 0 10 0 0 0 0 0 1 0 10 0 1 1 1 1 1 10 0 10 1 1 10 0 1 0 0 1 1 1 0 1 0 0 1 1 1 1 1 0 0 0 10 0 1 1 1 1 1 0 1 0 0 1 0 1 1 1 1 0 1 1 0 0 0 0 1 1 1 1 0 0 1 0 1 1 1 0 1 0 1 10 0 10 1 1 0 0 1 0 0 1 0 0 0 1 0 1 0 1 10 1 1 1 0 0 1 1 0 1 1 1 0
1 1 0 1 0 10 10 0 0 10 1 0 0 0 1 1 0 0 10 0 1 10 0 0 10 0 1 0 10 1 1 1 0 1 0 1 1 1 0 1 1 0 0 1 1 0 1 1 0 0 0 1 0 0 1 1 1 0 1 1 0 0 1 1 0 1 1 0 1 0 0 1 1 0 1 1 1 0 0 0 1 1 1 1 0 1 1 1 0 1 0 1 1 0 1 0 1 1 0 1 1 1 1 1 10 0 1 1 1 1 1 0 0 0 0 0 0 10 1 1 1 0 1 0 1 10 1 10 0
0 1 1 0 0 10 10 0 1 1 10 0 1 0 0 0 1 0 1 0 1 1 0 0 10 0 10 0 0 0 0 0 1 1 0 0 1 0 1 1 1 0 1 0 0 1 0 10 1 1 0 1 0 1 0 0 10 0 0 0 10 1 1 0 10 0 1 0 1 1 0 0 0 10 0 1 1 0 0 1 1 0 0 0 0 0 1 0 10 0 1 10 0 1 0 1 0 1 0 0 0 10 0 0 0 0 1 0 1 1 0 1 0 1 0 1 1 1 1 1 1 0 1 1 1 1 10 1 0
0 0 0 0 0 0 0 0 0 0 1 0 0 0 0 1 1 1 0 1 0 1 0 0 0 0 0 0 0 0 0 0 0 0 0 0 0 0 1 0 0 0 0 0 0 0 0 0 0 1 0 0 1 1 1 0 0 1 0 0 0 0 0 1 0 0 0 0 0 0 1 0 0 0 0 0 0 0 0 0 1 1 0 0 1 0 0 0 0 1 0 0 0 0 0 0 0 0 0 0 0 0 0 0 0 1 0 0 1 0 1 0 1 1 0 0 0 0 0 0 0 1 0 0 0 0 0 0 1
1 1 10 10 0 0 1 0 0 1 10 0 0 0 1 0 1 0 10 0 1 1 0 0 100 0 1 0 1 1 1 1 0 10 0 1 0 1 0 1 0 0 1 1 1 0 0 1 1 1 0 1 0 0 1 0 10 0 1 0 1 0 10 1 1 0 1 0 1 0 0 1 1 1 0 1 0 0 0 1 1 0 0 1 0 1 1 0 1 0 1 10 1 1 1 1 1 1 0 1 1 1 0 0 1 0 1 0 1 1 0 0 0 1 0 1 0 10 0 10 1 0 10 1 1 10 1 10 0
0 1 10 10 0 1 0 0 1 10 1 0 1 0 0 1 0 0 1 0 1 10 0 0 1 0 10 0 1 0 0 0 1 0 0 0 10 0 1 1 10 0 0 0 0 1 1 10 0 0 0 1 0 1 0 1 1 0 0 1 1 1 0 0 1 1 1 0 1 1 0 0 0 1 1 1 10 0 0 0 1 1 1 0 0 0 1 1 1 1 0 1 0 0 0 0 0 1 0 0 0 10 1 1 1 0 1 1 1 1 1 1 0 0 0 0 1 1 10 0 1 0 0 0 1 1 10 1 0
0 0 0 0 0 0 0 0 0 0 0 0 0 0 0 0 0 0 0 0 1 0 0 0 0 0 0 1 0 0 0 0 0 0 1 1 1 0 0 0 1 1 1 0 0 0 1 0 0 0 0 1 0 0 0 0 0 0 0 0 1 0 0 0 0 0 0 0 0 0 0 0 0 1 0 0 0 0 0 0 0 0 0 0 0 0 0 0 1 0 0 0 0 0 1 0 0 0 0 0 0 0 0 0 1 0 0 0 0 0 0 0 0 0 1 1 0 0 0 1 0 0 0 0 1 0 0 0 0
0 1 0 1 0 0 1 0 0 0 0 0 1 1 1 1 0 0 0 1 0 0 0 1 0 1 1 0 0 0 0 0 1 0 0 0 1 0 1 0 1 1 0 1 0 1 0 1 0 0 1 0 0 1 1 0 0 0 0 1 1 1 0 0 1 0 0 1 0 10 1 0 0 1 0 1 1 1 1 0 0 0 0 0 0 1 0 1 1 0 0 0 1 0 0 1 0 1 0 0 0 1 0 0 0 0 0 0 1 0 1 1 0 0 1 0 1 0 10 0 1 0 0 0 1 0 10 0 0
0 0 10 1 0 1 10 0 0 0 1 0 0 0 0 1 1 0 1 0 1 10 0 0 1 0 1 0 1 1 1 0 0 0 1 0 1 0 0 1 1 0 0 0 0 0 1 1 1 0 1 1 0 0 0 10 1 0 0 1 0 0 0 0 0 10 1 0 1 0 1 0 0 0 1 1 10 1 1 1 1 1 1 0 0 0 10 1 0 1 1 1 0 1 0 0 0 0 0 1 0 1 1 1 1 0 1 10 1 1 1 0 0 0 0 0 0 1 1 0 1 0 0 0 1 1 1 1 0
0 0 1 10 1 10 1 0 0 1 0 0 0 0 0 1 10 1 1 1 1 10 0 0 10 0 1 0 0 0 0 0 0 1 0 0 0 0 1 1 0 0 1 0 0 0 0 1 1 10 0 1 1 1 1 0 10 1 0 0 1 0 1 1 1 0 1 0 1 0 1 0 0 1 0 1 0 0 0 1 10 1 0 0 1 0 1 0 1 1 1 10 0 1 0 1 0 0 0 0 0 1 0 0 0 1 1 0 10 1 1 0 1 10 0 1 0 1 0 1 1 1 1 1 1 1 1 1 1
1 1 0 0 0 0 0 0 0 0 0 0 1 1 1 0 0 0 1 1 0 0 1 1 0 10 1 0 1 0 1 10 1 1 1 1 0 1 1 0 0 1 1 0 0 1 1 1 0 1 1 1 1 1 0 1 1 1 10 1 0 10 1 0 0 1 1 10 1 1 0 1 1 0 10 0 0 1 1 1 0 0 1 0 10 0 1 1 0 1 1 1 0 1 1 1 0 0 1 1 1 1 0 0 0 0 0 1 0 0 0 10 0 1 1 1 10 0 0 0 1 0 1 10 0 0 0 0 10
0 1 0 1 0 0 1 0 1 0 0 1 0 0 0 0 0 0 0 1 0 0 1 0 0 1 1 0 1 0 0 1 10 0 0 0 1 1 1 0 1 0 1 0 0 10 1 1 0 0 0 0 0 1 0 0 1 0 0 1 1 10 1 0 1 1 0 1 1 1 0 1 1 1 0 0 1 0 0 1 0 0 0 0 1 0 1 1 1 0 0 0 0 0 0 0 0 1 0 0 1 10 0 0 0 0 0 0 0 0 0 10 0 0 1 0 10 0 1 0 0 0 1 1 0 0 1 0 1
0 1 0 0 0 0 0 0 1 0 0 1 0 0 10 1 0 0 1 1 0 0 0 1 0 1 1 0 0 0 0 0 0 1 0 1 0 0 1 0 0 1 0 1 0 0 0 0 0 0 10 1 1 0 1 0 0 0 1 1 0 0 0 0 0 0 1 1 0 1 1 0 0 0 1 1 0 10 1 0 0 0 1 0 1 1 0 1 0 0 1 1 1 0 0 1 0 0 0 1 0 0 0 0 0 0 0 1 1 0 1 0 0 1 1 1 1 0 1 0 1 0 0 1 1 0 1 0 0
1 10 1 0 0 1 0 0 1 0 0 1 0 10 0 1 0 0 10 1 0 0 0 1 1 1 1 0 1 1 1 1 0 10 0 10 0 1 1 0 0 1 0 10 1 0 0 0 0 0 10 1 1 0 10 0 0 0 10 1 0 0 1 1 0 0 1 1 0 1 1 1 1 0 1 1 0 10 1 0 0 0 1 1 1 10 0 1 0 0 1 1 10 0 1 1 1 1 0 10 1 0 0 0 1 0 0 1 1 0 1 0 0 1 1 1 1 1 1 1 1 0 1 1 1 1 1 1 0
0 0 1 0 1 0 1 0 1 1 1 0 0 1 1 0 1 1 0 10 0 10 0 1 0 1 0 0 1 0 0 0 0 0 0 0 1 0 1 0 1 1 0 1 0 0 1 0 0 1 1 0 1 1 10 1 0 1 0 10 0 0 0 1 0 1 1 1 1 1 10 0 0 0 1 1 1 1 1 0 1 10 1 0 1 1 0 10 0 10 0 0 1 0 0 1 0 0 0 0 0 0 1 1 1 1 0 1 10 1 100 0 1 1 1 0 0 1 10 0 1 1 0 0 1 1 1 1 1
0 0 0 1 1 1 0 0 0 1 10 0 0 0 0 1 0 1 0 1 0 1 0 0 1 0 0 0 0 1 1 0 0 1 1 0 0 0 1 0 0 0 1 0 0 0 0 0 10 10 1 0 1 1 1 1 1 1 0 0 1 0 1 1 1 1 1 0 1 0 10 0 0 1 0 0 1 1 1 10 1 1 0 0 1 0 1 0 1 1 10 1 0 10 0 1 0 0 0 1 0 0 0 0 0 1 0 1 1 1 1 0 1 10 0 1 0 1 0 1 0 1 1 1 0 1 0 1 1
0 0 0 0 1 0 0 0 0 0 1 0 0 0 0 1 1 0 0 1 0 1 0 0 0 0 0 0 0 0 0 0 0 0 0 0 0 0 1 0 0 0 0 0 0 0 0 0 0 1 0 0 1 1 1 0 0 1 0 0 0 0 0 1 0 0 0 0 0 0 1 0 0 0 0 0 0 0 0 0 1 1 0 0 1 0 0 0 0 1 0 0 0 0 0 0 0 0 0 0 0 0 0 0 0 1 0 0 1 0 1 0 1 1 0 0 0 0 0 0 0 1 0 0 0 0 0 0 1
1 10 10 1 0 10 1 0 0 1 1 1 0 1 10 0 0 0 0 0 1 1 0 0 10 0 10 0 1 1 1 1 0 10 0 10 0 1 1 1 0 0 0 1 1 0 0 1 0 0 1 10 1 0 1 0 1 0 10 0 0 0 1 1 0 0 1 0 0 0 0 1 1 0 1 1 0 1 0 0 1 0 1 1 1 1 1 0 0 0 1 10 1 0 1 0 1 1 0 10 1 1 0 0 1 0 1 1 1 0 0 0 0 1 0 1 1 1 0 1 1 0 1 1 1 1 1 1 0
0 0 0 0 1 0 0 0 1 0 1 1 1 1 1 10 1 1 0 0 0 1 1 1 0 10 0 0 1 0 0 1 1 0 0 0 0 1 1 0 0 1 1 1 0 1 1 0 0 1 1 0 1 1 10 0 1 1 0 10 0 1 1 1 0 1 0 10 1 1 10 1 1 0 0 1 0 1 1 1 1 1 0 0 10 1 1 10 0 1 0 0 1 0 0 1 0 0 0 0 1 1 0 0 0 1 0 0 10 0 10 1 1 1 10 0 1 0 1 0 1 1 1 1 1 0 1 0 10
0 0 1 1 0 1 1 1 0 1 1 0 0 0 0 0 0 0 1 0 0 1 0 0 1 0 1 1 0 0 0 0 0 0 1 1 1 0 0 1 1 1 1 0 0 0 1 1 0 0 0 10 0 0 0 0 1 0 0 0 1 0 0 0 0 0 0 0 0 0 0 0 0 1 0 1 0 0 0 0 1 0 0 0 0 0 1 0 1 0 0 1 0 0 1 0 0 0 0 0 0 1 0 0 1 0 1 0 1 0 0 0 0 0 1 1 0 0 0 1 1 0 0 0 10 0 1 0 0
0 0 10 1 1 1 10 0 0 10 10 0 0 0 0 10 1 1 1 1 1 0 0 0 1 0 1 0 1 0 0 0 0 0 0 0 1 0 1 1 1 0 0 0 0 0 1 1 0 1 0 1 1 1 1 1 1 1 0 1 0 0 0 1 0 1 1 0 1 0 1 0 0 0 1 1 1 0 0 0 10 10 1 0 1 0 1 1 0 10 0 1 0 0 0 0 0 0 0 0 0 1 1 1 1 1 1 1 10 1 10 0 1 1 0 0 0 1 1 0 1 1 0 0 1 1 1 1 1
0 0 0 0 0 0 0 0 0 0 0 1 1 0 0 0 0 0 0 1 0 0 0 0 0 1 0 0 1 0 0 1 1 0 0 0 0 1 0 0 0 0 1 0 0 1 1 0 0 0 0 0 0 0 0 0 1 0 0 1 0 1 1 0 0 1 0 1 1 0 0 1 1 0 0 0 0 0 0 1 0 0 0 0 1 0 1 1 0 0 0 0 0 0 0 0 0 0 0 0 1 1 0 0 0 0 0 0 0 0 0 1 0 0 1 0 1 0 0 0 0 0 1 1 0 0 0 0 1
1 0 0 0 0 0 0 0 1 0 0 1 0 1 1 1 0 0 0 1 0 0 0 0 0 10 0 0 0 0 1 1 0 0 1 0 0 0 0 0 0 10 0 1 0 0 0 1 0 1 1 0 0 1 1 1 0 1 1 1 0 1 0 0 0 0 0 10 0 10 1 0 0 0 1 1 0 1 10 0 0 0 0 0 0 1 0 1 0 1 0 0 1 1 1 10 0 0 1 0 0 0 0 0 0 0 0 0 1 0 1 1 0 0 1 0 0 0 1 0 10 0 0 0 1 0 1 0 1
1 1 10 10 0 100 1 0 0 1 10 0 0 0 1 0 1 0 10 0 1 1 0 0 0 0 1 0 1 1 1 1 0 10 0 1 0 1 0 1 0 0 1 1 1 0 0 1 1 1 0 1 0 0 1 0 10 0 1 0 1 0 10 1 1 0 1 0 1 0 0 1 1 1 0 1 0 0 0 1 1 0 0 1 0 1 1 0 1 0 1 10 1 1 1 1 1 1 0 1 1 1 0 0 1 0 1 0 1 1 0 0 0 1 0 1 0 10 0 10 1 0 10 1 1 10 1 10 0
1 0 0 0 0 0 0 0 1 0 0 10 1 1 1 1 0 0 0 10 0 0 1 10 0 0 0 0 1 0 1 10 1 0 1 0 0 1 0 0 0 10 1 1 0 1 1 1 0 1 1 0 0 1 1 1 1 1 1 10 0 10 1 0 0 1 0 100 1 10 1 1 1 0 1 1 0 1 10 1 0 0 0 0 1 1 1 10 0 1 0 0 1 1 1 10 0 0 1 0 1 1 0 0 0 0 0 0 1 0 1 10 0 0 10 0 1 0 1 0 10 0 1 1 1 0 1 0 10
0 10 1 10 0 1 10 0 1 1 1 1 1 1 1 0 0 0 10 0 1 1 0 0 1 0 0 0 0 0 0 0 1 1 0 1 1 0 10 1 1 0 0 0 0 1 0 10 0 0 1 10 1 1 0 0 1 0 1 0 1 1 0 0 1 0 1 0 0 1 0 0 0 1 1 1 1 1 0 0 1 0 1 0 1 0 1 0 1 0 1 10 0 0 0 0 0 1 0 1 0 10 0 0 0 0 1 1 1 0 0 1 0 1 0 1 10 0 1 0 1 0 0 1 1 0 10 0 0
0 0 0 0 0 0 0 1 0 0 0 0 0 0 0 0 0 0 0 0 1 0 0 0 0 0 0 0 0 0 0 0 0 0 1 1 1 0 0 0 1 1 1 0 0 0 1 0 0 0 0 1 0 0 0 0 0 0 0 0 1 0 0 0 0 0 0 0 0 0 0 0 0 1 0 0 0 0 0 0 0 0 0 0 0 0 0 0 1 0 0 0 0 0 1 0 0 0 0 0 0 0 0 0 1 0 0 0 0 0 0 0 0 0 1 1 0 0 0 1 0 0 0 0 1 0 0 0 0
1 1 10 0 0 1 1 0 0 1 0 1 1 0 1 1 0 0 1 1 0 1 1 0 1 1 0 0 0 1 1 10 1 1 0 1 1 10 0 0 1 0 1 1 1 1 10 0 0 0 0 0 0 0 1 1 1 0 1 10 0 1 10 1 0 10 1 1 10 0 0 10 10 0 1 0 1 0 0 1 0 1 1 1 1 1 1 10 0 1 0 0 1 0 1 0 1 1 0 1 10 1 1 1 10 0 0 1 0 1 1 1 0 0 1 0 1 10 1 1 0 0 10 1 0 10 0 10 1
1 1 1 0 0 1 0 0 0 1 0 0 0 0 1 0 1 0 1 0 0 0 0 0 1 0 0 0 1 0 10 1 0 1 1 1 0 1 0 0 0 0 0 1 1 0 0 0 1 0 1 0 0 0 1 1 0 0 1 0 0 0 1 1 0 1 0 0 0 0 1 1 1 0 0 0 1 1 1 1 0 0 0 1 0 1 1 0 0 0 1 0 1 1 1 0 1 1 0 10 1 0 0 0 1 0 0 1 0 0 0 0 0 0 0 0 0 1 0 1 0 0 1 0 0 1 0 1 0
10 1 1 0 0 1 0 0 0 1 0 1 0 0 1 0 1 0 1 0 0 0 0 1 1 1 0 0 1 10 0 10 0 1 10 1 0 1 0 0 0 1 0 1 1 0 0 1 1 1 1 0 0 1 1 10 0 1 10 0 0 1 1 1 0 1 0 1 0 1 1 1 1 0 1 0 1 1 10 1 0 0 0 1 0 1 1 0 0 1 1 0 1 10 10 1 1 1 1 10 1 0 0 0 1 0 0 1 0 0 0 1 0 0 0 0 0 1 0 1 1 0 1 0 0 1 0 1 1
10 1 1 0 0 1 0 0 0 0 0 10 1 0 1 0 0 0 1 1 0 0 1 1 1 10 0 0 10 1 10 0 1 1 1 1 0 10 0 0 0 1 1 1 1 1 1 1 0 1 0 0 0 1 1 1 1 1 10 1 0 10 10 1 0 1 0 10 1 1 0 10 10 0 1 0 0 0 1 1 0 0 0 1 1 1 1 1 0 1 0 0 1 1 10 1 1 1 1 1 10 1 0 0 1 0 0 0 0 0 0 10 0 0 1 0 1 1 0 1 1 0 10 1 0 1 0 1 10
0 1 0 1 0 0 1 0 1 0 0 1 10 0 0 0 0 0 0 1 0 0 1 0 0 1 1 0 1 0 0 1 0 0 0 0 1 1 1 0 1 0 1 0 0 10 1 1 0 0 0 0 0 1 0 0 1 0 0 1 1 10 1 0 1 1 0 1 1 1 0 1 1 1 0 0 1 0 0 1 0 0 0 0 1 0 1 1 1 0 0 0 0 0 0 0 0 1 0 0 1 10 0 0 0 0 0 0 0 0 0 10 0 0 1 0 10 0 1 0 0 0 1 1 0 0 1 0 1
1 10 1 1 0 10 0 0 0 0 1 1 0 1 10 0 1 0 10 0 0 0 0 0 10 0 1 0 1 1 1 1 0 0 0 10 0 1 1 0 0 0 1 1 1 0 0 0 1 1 1 1 1 0 1 0 1 0 10 0 1 0 10 1 1 0 10 0 1 0 0 1 1 1 1 0 0 1 0 1 0 0 1 1 1 1 0 0 1 0 10 10 1 1 1 1 1 1 0 10 1 0 0 0 1 0 0 1 0 1 0 0 0 10 0 10 1 10 0 10 0 0 10 10 0 10 0 10 0
1 0 0 0 0 0 0 1 0 1 0 1 0 0 0 0 1 0 0 0 1 0 0 1 0 1 0 1 0 1 10 1 0 0 0 1 1 0 0 0 1 10 1 0 0 0 1 1 1 1 1 1 0 1 0 10 0 1 1 0 1 1 0 0 0 1 0 1 0 1 1 0 0 1 1 0 1 1 10 1 0 0 0 0 0 0 1 0 1 1 1 0 0 10 10 1 0 0 1 1 0 0 0 0 1 0 0 1 0 0 0 1 0 0 1 1 0 0 0 1 1 0 0 0 1 0 0 0 1
1 10 1 0 0 1 0 1 0 0 0 1 0 1 10 0 0 0 10 0 1 0 0 0 1 0 1 1 1 1 1 1 0 10 1 0 1 1 1 0 1 1 1 1 1 0 1 0 0 0 1 10 1 0 1 0 0 0 10 0 1 0 1 1 0 0 1 0 0 0 0 1 1 1 1 0 0 1 0 0 0 0 1 1 1 1 0 0 1 0 1 1 1 0 10 0 1 1 0 10 1 0 0 0 10 0 0 1 0 0 0 0 0 1 1 10 1 1 0 10 0 0 1 1 1 1 0 1 0
0 1 1 1 0 0 10 1 1 1 0 0 1 0 0 1 0 0 0 0 1 1 0 0 0 0 1 1 1 0 0 0 1 0 1 1 0 0 1 0 100 1 1 0 0 1 10 1 0 0 0 1 0 1 0 1 0 0 0 1 10 1 0 0 1 1 1 0 1 1 0 0 0 10 1 0 10 0 0 0 0 1 1 0 0 0 0 1 10 1 0 0 0 0 1 0 0 1 0 0 0 1 1 1 10 0 0 1 0 1 1 1 0 0 1 1 1 1 10 1 0 0 0 0 1 1 1 1 0
1 1 1 0 0 1 0 0 0 0 0 1 1 0 1 0 0 0 1 1 0 0 1 0 1 1 0 0 10 1 1 10 1 1 0 1 0 0 0 0 0 0 1 1 1 1 1 0 0 0 0 0 0 0 1 0 1 0 1 1 0 1 10 1 0 1 0 1 1 0 0 10 10 0 0 0 0 0 0 1 0 0 0 1 1 1 1 1 0 0 0 0 1 0 1 0 1 1 0 1 10 1 0 0 1 0 0 0 0 0 0 1 0 0 1 0 1 1 0 1 0 0 10 1 0 1 0 1 1
0 10 0 1 1 0 1 0 1 0 1 1 1 1 1 1 1 1 1 1 0 1 0 0 0 0 10 0 0 0 0 0 1 1 0 1 1 0 0 0 1 0 0 0 0 1 0 1 0 1 1 1 10 10 1 0 0 1 1 0 1 1 0 1 1 0 1 0 0 1 1 0 0 1 1 0 1 1 0 0 1 1 1 0 10 0 0 0 1 1 1 1 0 0 0 0 0 1 0 1 0 1 0 0 0 1 0 1 1 0 1 1 1 10 0 1 10 0 1 0 0 1 0 1 0 0 1 0 1
0 0 1 1 0 1 1 0 0 1 1 0 0 0 0 0 0 0 1 0 1 1 0 0 1 0 1 0 0 0 0 0 0 0 0 0 0 0 0 0 0 0 0 0 0 0 0 1 0 0 0 1 0 0 0 0 1 0 0 0 0 0 0 0 0 0 0 0 0 0 0 0 0 0 0 1 0 0 0 0 1 0 0 0 0 0 1 0 0 0 0 1 0 0 0 0 0 0 0 0 0 1 0 0 0 0 1 0 1 0 0 0 0 0 0 0 0 0 0 0 1 0 0 0 1 0 1 0 0
0 1 1 1 0 0 10 1 1 1 0 0 1 0 0 1 0 0 0 0 1 1 0 0 0 0 1 1 1 0 0 0 1 0 1 1 100 0 1 0 0 1 1 0 0 1 10 1 0 0 0 1 0 1 0 1 0 0 0 1 10 1 0 0 1 1 1 0 1 1 0 0 0 10 1 0 10 0 0 0 0 1 1 0 0 0 0 1 10 1 0 0 0 0 1 0 0 1 0 0 0 1 1 1 10 0 0 1 0 1 1 1 0 0 1 1 1 1 10 1 0 0 0 0 1 1 1 1 0
1 0 0 0 0 0 0 1 1 0 0 1 0 1 1 1 0 0 0 1 1 0 0 10 0 10 0 1 0 0 1 1 0 0 10 1 1 0 0 0 1 0 1 1 0 0 1 1 0 1 1 1 0 1 1 1 0 1 1 1 1 1 0 0 0 0 0 10 0 10 1 0 0 1 1 1 0 1 10 0 0 0 0 0 0 1 0 1 1 1 0 0 1 1 10 10 0 0 1 0 0 0 0 0 1 0 0 0 1 0 1 1 0 0 10 1 0 0 1 1 10 0 0 0 10 0 1 0 1
0 0 0 1 0 1 0 1 0 0 1 1 1 0 0 0 1 0 0 1 1 0 1 0 1 1 0 1 1 0 0 1 1 1 1 1 1 1 0 0 1 1 0 0 0 1 10 0 1 1 0 1 0 0 0 0 10 0 0 1 10 1 10 0 1 1 1 1 10 0 0 1 1 10 0 0 0 0 0 10 0 0 0 0 1 0 1 1 10 0 1 1 0 1 1 1 0 0 0 0 1 1 0 0 1 0 0 0 0 1 0 1 0 1 10 10 1 1 0 10 0 0 10 10 1 1 0 1 1
1 1 1 0 0 1 0 0 1 0 0 0 0 1 10 1 0 0 1 1 0 0 0 1 1 1 0 0 1 1 1 1 0 1 0 1 0 1 0 0 0 1 0 0 1 0 0 0 0 0 1 0 0 0 10 0 0 0 1 1 0 0 1 1 0 0 0 1 0 1 1 1 1 0 0 1 0 1 1 0 0 0 0 1 0 10 0 1 0 0 0 0 10 0 1 1 1 1 0 1 1 0 0 0 1 0 0 0 1 0 1 0 0 0 1 0 0 1 1 1 1 0 1 0 1 1 1 1 0
1 1 1 0 0 1 0 0 0 0 0 0 0 0 1 0 0 0 1 0 0 0 0 0 1 0 0 0 1 1 1 1 0 1 0 1 0 1 0 0 0 0 0 1 0 0 0 0 0 0 0 0 0 0 1 0 0 0 1 0 0 0 1 1 0 0 0 0 0 0 0 1 1 0 0 0 0 0 0 0 0 0 0 1 0 1 0 0 0 0 0 0 1 0 1 0 1 1 0 1 1 0 0 0 1 0 0 0 0 0 0 0 0 0 0 0 0 1 0 1 0 0 1 0 0 1 0 1 0
0 1 0 1 0 0 1 0 1 0 0 1 10 0 0 0 0 0 0 1 0 0 1 0 0 1 1 0 1 0 0 1 10 0 0 0 1 1 1 0 1 0 1 0 0 0 1 1 0 0 0 0 0 1 0 0 1 0 0 1 1 10 1 0 1 1 0 1 1 1 0 1 1 1 0 0 1 0 0 1 0 0 0 0 1 0 1 1 1 0 0 0 0 0 0 0 0 1 0 0 1 10 0 0 0 0 0 0 0 0 0 10 0 0 1 0 10 0 1 0 0 0 1 1 0 0 1 0 1
0 0 1 0 0 0 1 1 0 1 0 1 1 0 0 1 0 0 0 1 1 1 1 0 0 1 0 1 10 0 0 1 1 0 1 1 10 1 0 0 10 1 10 0 0 1 0 0 0 0 0 1 0 0 0 1 1 0 0 10 1 1 1 0 0 10 1 1 10 0 0 1 1 1 1 0 1 0 0 1 0 1 1 0 1 0 1 10 1 1 0 0 0 0 1 0 0 0 0 0 1 1 1 1 10 0 0 1 0 1 1 1 0 0 10 1 1 1 1 1 0 0 1 1 1 1 0 1 1
1 1 1 10 0 1 10 0 1 1 1 1 1 0 0 0 0 0 1 0 1 1 0 1 1 1 10 0 0 0 1 1 1 0 1 0 1 0 1 1 1 1 0 0 0 1 0 0 0 1 0 1 0 10 0 1 1 1 1 0 1 10 0 0 1 0 0 1 0 10 0 0 0 1 1 1 1 0 1 0 1 0 0 0 0 0 1 0 1 1 0 1 0 1 1 1 0 1 1 0 0 10 0 0 0 0 1 0 1 0 0 10 0 0 0 0 1 0 1 0 10 0 0 0 1 0 10 0 1
0 0 0 1 0 1 0 0 0 1 1 0 0 0 0 0 10 0 0 0 0 0 0 0 1 0 0 0 0 1 1 0 0 1 1 0 0 0 0 0 0 0 1 0 0 0 0 0 0 1 1 0 0 0 0 1 1 0 0 0 1 0 1 0 1 1 1 0 1 0 1 0 0 1 0 0 1 1 1 10 0 0 0 0 0 0 1 0 1 0 10 1 0 10 0 1 0 0 0 1 0 0 0 0 0 0 0 1 0 1 0 0 0 1 0 1 0 1 0 1 0 0 1 1 0 1 0 1 0
1 0 0 1 1 1 0 0 0 0 10 1 0 0 0 1 10 1 0 1 0 1 0 1 1 1 0 0 0 0 1 1 0 1 1 0 0 0 1 0 0 1 1 0 0 0 0 1 1 0 0 0 1 10 1 1 1 10 1 0 1 1 1 1 1 0 1 1 1 1 1 0 0 1 1 0 0 0 1 1 1 1 0 0 1 0 0 0 1 10 1 1 0 10 1 10 0 0 1 0 0 0 0 0 0 1 0 0 1 1 1 1 1 10 0 1 0 1 0 1 1 1 1 1 0 1 0 1 10
0 1 0 0 0 0 0 0 1 1 0 1 0 10 10 1 1 0 1 1 0 0 0 1 0 1 1 0 0 1 1 0 0 1 1 1 0 0 1 0 0 1 0 1 0 0 0 0 1 0 0 1 1 0 1 1 0 0 1 1 0 0 0 0 0 1 1 1 0 1 10 0 0 0 1 1 1 100 10 1 0 0 1 0 1 1 1 1 0 0 10 1 1 1 0 1 0 0 0 10 0 0 0 0 0 0 0 10 1 0 1 0 0 1 1 1 1 0 1 0 1 0 0 1 1 0 1 0 0
0 1 1 1 0 1 1 1 0 1 1 1 0 1 1 0 0 0 10 0 10 1 0 0 1 0 10 1 0 0 0 0 0 1 1 10 1 0 1 1 1 1 1 0 0 0 1 1 0 0 1 0 1 0 0 0 1 0 1 0 1 0 0 0 0 0 1 0 0 0 0 0 0 1 1 1 0 1 0 0 1 0 1 0 1 0 1 0 1 0 1 10 0 0 1 0 0 0 0 1 0 1 0 0 1 0 1 1 1 0 0 0 0 1 1 10 1 0 0 1 1 0 0 1 10 0 1 0 0
0 1 0 0 1 0 0 0 0 0 1 1 0 1 1 1 1 1 1 1 0 1 0 0 0 0 1 0 0 0 0 0 0 1 0 1 0 0 10 0 0 0 0 0 0 0 0 0 0 1 1 1 0 1 1 0 0 1 1 0 0 0 0 1 0 0 1 0 0 0 1 0 0 0 1 0 0 1 0 0 1 1 1 0 10 0 0 0 0 1 1 1 0 0 0 0 0 0 0 1 0 0 0 0 0 1 0 1 1 0 1 0 1 10 0 1 1 0 0 0 0 1 0 1 0 0 0 0 1
1 1 0 1 1 0 1 0 1 0 1 1 1 0 0 1 1 1 0 1 0 1 0 1 0 1 1 0 0 0 1 1 1 0 1 0 1 0 10 0 1 1 0 0 0 1 0 10 0 10 0 0 1 0 1 1 0 10 1 0 1 10 0 1 1 0 0 1 0 10 1 0 0 1 1 0 1 0 1 0 1 1 0 0 1 0 0 0 1 10 0 0 0 1 1 1 0 1 1 0 0 1 0 0 0 1 0 0 1 0 1 10 1 1 0 0 1 0 1 0 1 1 0 0 0 0 1 0 10
1 1 1 0 1 1 0 0 1 0 1 0 0 1 10 10 1 1 1 10 0 1 0 1 1 1 0 0 1 1 1 1 0 1 0 1 0 1 1 0 0 1 0 10 1 0 0 0 0 1 1 0 1 1 0 0 0 1 1 1 0 0 1 10 0 0 0 1 0 1 10 1 1 0 0 1 0 1 1 0 1 1 0 1 1 10 0 1 0 1 0 0 10 0 1 1 1 1 0 1 1 0 0 0 1 1 0 0 10 0 10 0 1 1 1 0 0 1 1 1 1 1 1 0 1 1 1 1 1
1 0 1 0 0 0 1 0 0 10 0 1 0 0 0 1 1 0 0 0 0 1 0 1 0 1 0 0 1 1 10 1 0 0 10 0 1 0 0 0 1 1 0 0 0 0 1 1 1 1 1 0 0 1 0 0 0 1 1 1 0 1 0 0 0 10 1 1 1 1 1 0 0 0 10 0 10 1 10 1 0 1 1 0 0 0 1 1 0 10 1 0 0 10 1 1 0 0 1 1 0 0 1 1 1 0 0 10 0 1 1 1 0 0 0 0 0 1 1 0 1 0 0 0 0 1 0 1 1
0 0 1 10 0 10 1 0 0 1 10 1 1 0 0 0 1 0 1 1 1 1 1 0 10 1 1 0 1 0 0 1 1 1 0 0 0 1 0 1 0 0 10 0 0 1 1 1 1 1 0 1 0 0 0 0 0 0 0 1 1 1 10 0 1 1 1 1 10 0 0 1 1 1 0 1 0 0 0 10 1 0 0 0 1 0 10 1 1 0 1 10 0 1 0 1 0 0 0 0 1 10 0 0 0 0 1 0 1 1 0 1 0 1 1 1 1 1 0 1 1 0 10 10 1 1 1 1 1
1 0 0 0 1 0 0 0 0 0 1 1 0 0 0 1 1 1 0 1 0 1 0 1 0 1 0 0 0 0 1 1 0 0 1 0 0 0 1 0 0 1 0 0 0 0 0 1 0 10 0 0 1 10 1 1 0 0 1 0 0 1 0 1 0 0 0 1 0 1 1 0 0 0 1 0 0 0 1 0 1 1 0 0 1 0 0 0 0 10 0 0 0 1 1 1 0 0 1 0 0 0 0 0 0 1 0 0 1 0 1 1 1 1 0 0 0 0 0 0 1 1 0 0 0 0 0 0 10
10 10 1 0 0 1 0 0 0 0 0 10 0 1 10 0 0 0 10 0 0 0 0 1 1 1 1 0 1 1 10 10 0 10 1 10 0 1 1 0 0 1 0 1 1 0 0 1 0 1 1 1 1 1 1 1 0 1 0 0 0 1 1 1 0 0 1 1 0 1 0 1 1 0 10 0 0 1 1 0 0 0 1 1 1 1 0 0 0 1 1 1 1 1 10 1 1 1 1 10 1 0 0 0 1 0 0 1 0 0 0 1 0 1 0 1 1 1 0 1 1 0 1 1 0 1 0 1 1
0 0 1 0 0 0 1 0 1 1 0 1 1 1 1 10 0 0 0 10 0 1 1 1 0 10 0 0 10 0 0 1 1 0 0 0 1 1 0 0 1 1 1 1 0 1 10 0 0 0 1 0 0 0 1 1 1 0 0 0 0 1 1 0 0 10 1 10 10 1 1 1 1 0 1 1 1 1 1 1 0 1 1 0 1 1 1 100 0 1 0 0 1 0 0 1 0 0 0 0 1 1 1 1 1 0 0 1 1 1 10 1 0 0 10 0 1 1 10 0 1 0 1 1 1 1 1 1 1
0 1 0 10 0 1 1 1 1 0 1 0 1 0 0 0 1 0 0 0 1 0 0 0 1 0 1 1 0 0 0 0 1 1 1 1 10 0 1 0 10 1 10 0 0 1 1 1 1 1 0 1 0 1 0 0 1 0 0 0 0 1 1 0 10 0 1 0 1 1 0 0 0 100 0 0 1 0 0 1 0 0 0 0 0 0 0 0 100 0 1 1 0 1 1 1 0 1 0 0 0 1 0 0 1 0 0 0 0 1 0 1 0 1 1 10 1 1 1 10 0 0 1 1 1 1 1 1 0
1 1 0 1 0 0 1 0 1 0 0 10 10 0 0 0 0 0 0 1 0 0 1 1 0 10 1 0 1 0 1 10 10 0 1 0 1 1 1 0 1 1 1 0 0 10 1 10 0 1 0 0 0 10 0 1 1 1 1 1 1 0 1 0 1 1 0 10 1 10 0 1 1 1 1 0 1 0 1 1 0 0 0 0 1 0 1 1 1 1 0 0 0 1 1 1 0 1 1 0 1 10 0 0 0 0 0 0 0 0 0 100 0 0 1 0 10 0 1 0 1 0 1 1 0 0 1 0 10
1 1 1 1 0 10 0 0 0 0 1 1 1 0 1 0 1 0 1 1 0 0 1 0 10 1 0 0 10 1 1 10 1 10 0 1 0 10 0 0 0 0 10 1 1 1 1 0 1 1 0 0 0 0 1 0 10 0 1 1 1 1 0 1 1 1 1 1 10 0 0 10 10 1 0 0 0 0 0 10 0 0 0 1 1 1 1 1 1 0 1 1 1 1 1 1 1 1 0 1 10 1 0 0 1 0 0 0 0 1 0 1 0 1 1 1 1 10 0 10 0 0 100 10 0 10 0 10 1
1 1 1 0 1 1 0 0 0 0 1 0 0 0 1 1 1 1 1 1 0 1 0 0 1 0 0 0 1 1 1 1 0 1 0 1 0 1 1 0 0 0 0 1 1 0 0 0 0 1 0 0 1 1 10 0 0 1 1 0 0 0 1 0 0 0 0 0 0 0 1 1 1 0 0 0 0 0 0 0 1 1 0 1 1 1 0 0 0 1 0 0 1 0 1 0 1 1 0 1 1 0 0 0 1 1 0 0 1 0 1 0 1 1 0 0 0 1 0 1 0 1 1 0 0 1 0 1 1
0 1 0 10 0 1 1 0 1 0 1 0 1 0 0 0 1 0 0 0 0 0 0 0 1 0 1 0 0 0 0 0 1 1 0 0 1 0 1 0 1 0 1 0 0 1 0 1 1 1 0 0 0 1 0 0 1 0 0 0 10 1 1 0 0 0 1 0 1 1 0 0 0 10 0 0 1 0 0 1 0 0 0 0 0 0 0 0 10 0 1 1 0 1 0 1 0 1 0 0 0 1 0 0 0 0 0 0 0 1 0 1 0 1 0 1 1 1 1 1 0 0 1 1 0 1 1 1 0
0 0 1 0 0 0 1 0 0 10 0 1 1 0 0 1 1 0 0 1 0 1 1 0 0 1 0 0 10 1 1 1 1 0 1 0 1 1 0 0 1 0 1 0 0 1 10 0 1 0 1 0 0 0 0 10 1 0 0 10 0 1 1 0 0 0 1 1 10 0 1 1 1 0 1 0 10 1 1 10 0 1 1 0 1 0 10 10 0 1 1 0 0 1 0 0 0 0 0 1 1 1 1 1 1 0 0 10 0 1 1 1 0 0 1 0 1 1 1 0 0 0 1 1 0 1 0 1 1
0 1 1 1 0 1 1 0 0 1 1 1 0 1 1 1 1 0 1 0 0 1 0 0 1 0 1 0 1 0 0 0 0 10 0 1 1 0 1 0 1 0 1 0 0 0 1 0 1 1 1 1 1 0 0 1 1 0 1 1 1 0 1 0 1 1 0 0 10 0 0 0 0 1 10 0 1 1 0 1 0 1 10 0 1 0 0 1 1 1 10 10 0 1 0 1 0 0 0 1 0 0 1 1 1 0 0 10 0 10 1 0 0 10 0 10 1 10 1 1 0 0 1 10 0 10 0 10 0
1 0 0 0 0 0 0 0 1 0 0 10 1 1 1 1 0 0 0 10 0 0 1 10 0 100 0 0 1 0 1 10 1 0 1 0 0 1 0 0 0 10 1 1 0 1 1 1 0 1 1 0 0 1 1 1 1 1 1 10 0 10 1 0 0 1 0 0 1 10 1 1 1 0 1 1 0 1 10 1 0 0 0 0 1 1 1 10 0 1 0 0 1 1 1 10 0 0 1 0 1 1 0 0 0 0 0 0 1 0 1 10 0 0 10 0 1 0 1 0 10 0 1 1 1 0 1 0 10
0 0 1 1 0 1 1 0 0 1 1 1 1 0 0 1 1 0 0 1 0 1 1 0 1 1 0 0 10 0 0 1 1 1 0 0 1 1 0 0 1 0 10 0 0 1 10 0 1 1 0 0 0 0 0 1 10 0 0 10 1 1 10 0 1 10 10 1 0 0 0 1 1 1 1 0 1 0 0 10 0 1 1 0 1 0 1 10 1 1 1 1 0 1 0 1 0 0 0 0 1 1 1 1 1 0 0 1 0 10 1 1 0 1 1 1 1 10 1 1 0 0 10 10 0 10 0 10 1
1 1 0 1 0 0 1 0 10 0 0 1 1 1 1 1 0 0 0 1 0 0 0 10 0 10 1 0 0 0 1 1 1 0 1 0 1 0 1 0 1 10 0 1 0 1 0 10 0 1 1 0 0 10 1 1 0 1 1 1 1 10 0 0 1 0 0 10 0 0 1 0 0 1 1 1 1 1 10 0 0 0 0 0 0 1 0 1 1 1 0 0 1 1 1 10 0 1 1 0 0 1 0 0 0 0 0 0 1 0 1 10 0 0 1 0 1 0 10 0 10 0 0 0 1 0 10 0 1
0 0 0 0 1 0 0 0 1 1 1 0 0 1 1 10 10 1 0 10 0 1 0 1 0 1 0 0 0 1 1 0 0 0 1 0 0 0 1 0 0 1 0 1 0 0 0 0 1 1 10 0 1 1 10 1 0 1 0 1 0 0 0 1 0 1 0 1 0 1 0 0 0 0 0 1 1 10 10 1 1 1 0 0 1 1 1 1 0 1 1 0 1 1 0 1 0 0 0 1 0 0 0 0 0 1 0 1 10 0 10 0 1 1 1 0 0 0 1 0 1 1 0 0 1 0 1 0 1
1 1 1 0 0 1 0 0 0 0 0 1 1 0 1 0 0 0 1 1 0 0 1 0 1 1 0 0 10 1 1 10 1 1 0 1 0 10 0 0 0 0 1 1 1 1 1 0 0 0 0 0 0 0 1 0 1 0 1 1 0 1 10 1 0 1 0 1 1 0 0 0 10 0 0 0 0 0 0 1 0 0 0 1 1 1 1 1 0 0 0 0 1 0 1 0 1 1 0 1 10 1 0 0 1 0 0 0 0 0 0 1 0 0 1 0 1 1 0 1 0 0 10 1 0 1 0 1 1
1 1 1 0 0 1 0 0 0 0 0 1 1 0 1 0 0 0 1 1 0 0 1 0 1 1 0 0 10 1 1 10 1 1 0 1 0 10 0 0 0 0 1 1 1 1 1 0 0 0 0 0 0 0 1 0 1 0 1 1 0 1 10 1 0 1 0 1 1 0 0 10 0 0 0 0 0 0 0 1 0 0 0 1 1 1 1 1 0 0 0 0 1 0 1 0 1 1 0 1 10 1 0 0 1 0 0 0 0 0 0 1 0 0 1 0 1 1 0 1 0 0 10 1 0 1 0 1 1
0 1 0 10 0 1 1 1 1 0 1 0 1 0 0 0 1 0 0 0 1 0 0 0 1 0 1 1 0 0 0 0 1 1 1 1 10 0 1 0 10 1 10 0 0 1 1 1 1 1 0 1 0 1 0 0 1 0 0 0 100 1 1 0 10 0 1 0 1 1 0 0 0 0 0 0 1 0 0 1 0 0 0 0 0 0 0 0 100 0 1 1 0 1 1 1 0 1 0 0 0 1 0 0 1 0 0 0 0 1 0 1 0 1 1 10 1 1 1 10 0 0 1 1 1 1 1 1 0
1 1 1 0 0 0 1 0 0 1 0 10 0 1 1 1 0 0 1 0 0 1 0 1 0 1 1 0 1 0 1 1 0 1 1 1 1 0 1 0 1 1 0 0 0 0 1 1 0 1 1 1 1 1 0 10 0 1 10 1 0 1 0 0 0 1 10 1 1 1 0 0 0 0 0 0 1 1 1 0 0 1 10 0 1 0 0 1 0 10 1 1 0 1 1 1 0 0 1 1 0 0 1 1 1 0 0 10 0 1 1 1 0 1 0 1 1 1 1 0 1 0 0 1 0 1 0 1 1
0 0 1 1 0 1 1 0 1 1 1 0 0 1 1 1 0 0 1 1 1 1 0 1 1 1 1 0 0 0 0 0 0 0 0 0 0 0 0 1 0 1 0 1 0 0 0 1 0 0 1 1 0 0 1 0 1 0 0 1 0 0 0 0 0 0 0 1 0 1 1 0 0 0 0 0 0 1 1 0 1 0 0 0 0 1 1 1 0 0 0 1 1 0 0 1 0 0 0 0 0 1 0 0 0 0 1 0 10 0 1 0 0 0 1 0 0 0 1 0 10 0 0 0 10 0 10 0 0
0 1 1 1 0 0 10 0 1 10 0 0 1 0 0 1 1 0 0 0 0 1 0 0 0 0 1 0 1 1 1 0 1 0 1 0 10 0 1 0 10 0 0 0 0 1 1 1 1 0 1 0 0 1 0 10 0 0 0 1 1 1 0 0 1 10 1 0 1 1 1 0 0 1 1 0 0 1 1 1 0 1 1 0 0 0 1 1 1 1 1 0 0 1 0 0 0 1 0 1 0 1 1 1 1 0 0 10 0 1 1 1 0 0 0 0 1 1 10 0 0 0 0 0 0 1 1 1 0
0 1 0 0 0 0 0 0 1 1 0 1 0 10 10 1 1 0 1 1 0 0 0 1 0 1 1 0 0 1 1 0 0 1 1 1 0 0 1 0 0 1 0 1 0 0 0 0 1 0 100 1 1 0 1 1 0 0 1 1 0 0 0 0 0 1 1 1 0 1 10 0 0 0 1 1 1 0 10 1 0 0 1 0 1 1 1 1 0 0 10 1 1 1 0 1 0 0 0 10 0 0 0 0 0 0 0 10 1 0 1 0 0 1 1 1 1 0 1 0 1 0 0 1 1 0 1 0 0
1 0 0 0 0 0 0 0 1 1 0 1 0 1 1 1 1 0 0 1 0 0 0 10 0 10 0 0 0 1 10 1 0 0 10 0 0 0 0 0 0 10 0 1 0 0 0 1 1 1 10 0 0 1 1 10 0 1 1 1 0 1 0 0 0 1 0 10 0 10 10 0 0 0 1 1 1 10 0 1 0 0 0 0 0 1 1 1 0 1 1 0 1 10 1 10 0 0 1 1 0 0 0 0 0 0 0 1 1 0 1 1 0 0 1 0 0 0 1 0 10 0 0 0 1 0 1 0 1
0 0 0 1 0 1 0 0 0 1 1 1 1 0 0 0 10 0 0 1 0 0 1 0 1 1 0 0 1 1 1 1 1 1 1 0 0 1 0 0 0 0 10 0 0 1 1 0 10 1 1 0 0 0 0 1 10 0 0 1 1 1 10 0 1 10 1 1 10 0 1 1 1 1 0 0 1 1 1 0 0 0 0 0 1 0 10 1 1 0 10 1 0 10 0 1 0 0 0 1 1 1 0 0 0 0 0 1 0 1 0 1 0 1 1 1 1 1 0 1 0 0 10 10 0 1 0 1 1
0 0 1 1 1 1 1 0 0 1 10 0 0 0 0 1 1 1 1 1 1 10 0 0 1 0 1 0 0 0 0 0 0 0 0 0 0 0 1 1 0 0 0 0 0 0 0 1 0 1 0 1 1 1 1 0 1 1 0 0 0 0 0 1 0 0 0 0 0 0 1 0 0 0 0 1 0 0 0 0 0 1 0 0 1 0 1 0 0 1 0 1 0 0 0 0 0 0 0 0 0 1 0 0 0 1 1 0 10 0 1 0 1 1 0 0 0 0 0 0 1 1 0 0 1 0 1 0 1
0 0 1 0 1 0 1 0 0 1 1 0 0 0 0 10 1 1 0 1 0 10 0 0 0 0 0 0 1 0 0 0 0 0 0 0 1 0 1 0 1 0 0 0 0 0 1 0 0 1 0 0 1 1 1 1 0 1 0 1 0 0 0 1 0 1 1 0 1 0 1 0 0 0 1 0 1 0 0 0 1 0 1 0 1 0 0 1 0 10 0 0 0 0 0 0 0 0 0 0 0 0 1 1 1 1 0 1 1 1 10 0 1 1 0 0 0 1 1 0 0 1 0 0 0 1 0 1 1
0 1 1 0 0 0 1 0 0 1 0 1 0 1 1 1 0 0 1 0 0 1 0 0 0 0 1 0 1 0 0 0 0 1 0 1 1 0 1 0 1 0 0 0 0 0 1 0 0 0 1 1 1 0 0 1 0 0 1 1 0 0 0 0 0 1 10 0 1 0 0 0 0 0 10 0 1 1 0 0 0 1 0 0 1 0 0 1 0 1 1 1 0 0 0 0 0 0 0 1 0 0 1 1 1 0 0 10 0 1 1 0 0 1 0 1 1 1 1 0 0 0 0 1 0 1 0 1 0
1 1 1 0 0 1 0 0 0 0 0 0 0 0 1 0 0 0 1 0 0 0 0 0 1 0 0 0 1 1 1 1 0 1 0 1 0 1 0 0 0 0 0 1 1 0 0 0 0 0 0 0 0 0 1 0 0 0 1 0 0 0 1 1 0 0 0 0 0 0 0 1 1 0 0 0 0 0 0 0 0 0 0 0 0 1 0 0 0 0 0 0 1 0 1 0 1 1 0 1 1 0 0 0 1 0 0 0 0 0 0 0 0 0 0 0 0 1 0 1 0 0 1 0 0 1 0 1 0
0 1 0 0 1 0 0 0 0 0 1 10 1 1 1 1 1 1 1 10 0 1 1 0 0 1 1 0 1 0 0 1 1 1 0 1 0 1 10 0 0 0 1 0 0 1 1 0 0 1 1 1 10 1 1 0 1 1 1 1 0 1 1 1 0 1 1 1 1 0 1 1 1 0 1 0 0 1 0 1 1 1 1 0 0 0 1 1 0 1 1 1 0 0 0 0 0 0 0 1 1 1 0 0 0 1 0 1 1 0 1 1 1 10 1 1 10 0 0 0 0 1 1 10 0 0 0 0 10
1 1 1 0 0 1 0 0 1 0 0 0 0 1 10 1 0 0 1 1 0 0 0 1 1 1 0 0 1 1 1 1 0 1 0 1 0 1 0 0 0 1 0 10 1 0 0 0 0 0 1 0 0 0 10 0 0 0 1 1 0 0 1 1 0 0 0 1 0 1 1 1 1 0 0 1 0 1 1 0 0 0 0 1 0 0 0 1 0 0 0 0 10 0 1 1 1 1 0 1 1 0 0 0 1 0 0 0 1 0 1 0 0 0 1 0 0 1 1 1 1 0 1 0 1 1 1 1 0
0 0 1 1 0 1 1 0 0 10 1 1 1 0 0 0 1 0 1 1 1 1 1 0 1 1 1 0 1 1 1 1 1 0 1 0 0 1 0 1 0 0 1 0 0 1 1 1 1 0 1 1 0 0 0 1 10 0 0 1 0 1 1 0 0 10 0 1 1 0 1 1 1 0 0 1 1 1 1 10 1 0 0 0 1 0 0 1 0 0 1 1 0 1 0 0 0 0 0 1 1 10 0 0 0 0 1 1 1 0 0 1 0 0 1 0 1 0 0 0 1 0 1 1 1 0 1 0 1
0 0 1 0 0 0 1 0 1 1 0 1 1 1 1 10 0 0 0 10 0 1 1 1 0 10 0 0 10 0 0 1 1 0 0 0 1 1 0 0 1 1 1 1 0 1 10 0 0 0 1 0 0 0 1 1 1 0 0 100 0 1 1 0 0 10 1 10 10 1 1 1 1 0 1 1 1 1 1 1 0 1 1 0 1 1 1 0 0 1 0 0 1 0 0 1 0 0 0 0 1 1 1 1 1 0 0 1 1 1 10 1 0 0 10 0 1 1 10 0 1 0 1 1 1 1 1 1 1
0 1 0 10 0 1 1 1 1 0 1 0 1 0 0 0 1 0 0 0 1 0 0 0 1 0 1 1 0 0 0 0 1 1 1 1 10 0 1 0 10 1 10 0 0 1 1 1 1 1 0 1 0 1 0 0 1 0 0 0 100 1 1 0 10 0 1 0 1 1 0 0 0 100 0 0 1 0 0 1 0 0 0 0 0 0 0 0 0 0 1 1 0 1 1 1 0 1 0 0 0 1 0 0 1 0 0 0 0 1 0 1 0 1 1 10 1 1 1 10 0 0 1 1 1 1 1 1 0
1 0 1 0 1 0 1 0 0 1 1 1 0 0 0 10 1 1 0 1 0 10 0 1 0 1 0 0 1 0 1 1 0 0 1 0 1 0 1 0 1 1 0 0 0 0 1 1 0 10 0 0 1 10 1 10 0 10 1 1 0 1 0 1 0 1 1 1 1 1 1 0 0 0 10 0 1 0 1 0 1 10 1 0 1 0 0 1 0 0 0 0 0 1 1 1 0 0 1 0 0 0 1 1 1 1 0 1 1 1 10 1 1 1 0 0 0 1 1 0 1 1 0 0 0 1 0 1 10
0 1 0 1 0 1 0 0 0 1 1 1 0 1 1 0 10 0 1 0 0 0 0 0 1 0 1 0 0 1 1 0 0 10 1 1 0 0 1 0 0 0 1 0 0 0 0 0 10 1 10 1 1 0 0 1 1 0 1 0 1 0 1 0 1 1 10 0 1 0 1 0 0 1 1 0 1 10 1 10 0 0 1 0 1 0 1 0 1 0 0 10 0 10 0 1 0 0 0 10 0 0 0 0 0 0 0 10 0 1 0 0 0 10 0 10 1 1 0 1 0 0 1 10 0 1 0 1 0
0 1 1 10 0 10 1 0 0 1 10 1 0 1 1 0 1 0 10 0 1 1 0 0 10 0 10 0 0 0 0 0 0 10 0 1 0 0 1 1 0 0 1 0 0 0 0 1 1 1 1 10 1 0 0 0 10 0 1 0 1 0 1 0 1 0 10 0 1 0 0 0 0 1 1 1 0 1 0 1 1 0 1 0 1 0 1 0 1 0 10 0 0 1 0 1 0 0 0 1 0 1 0 0 0 0 1 1 1 1 0 0 0 10 0 10 1 1 0 1 1 0 1 10 1 1 1 1 0
1 1 1 0 0 1 0 0 1 0 0 0 0 1 10 1 0 0 1 1 0 0 0 1 1 1 0 0 1 1 1 1 0 1 0 1 0 1 0 0 0 1 0 10 1 0 0 0 0 0 1 0 0 0 10 0 0 0 1 1 0 0 1 1 0 0 0 1 0 1 1 1 1 0 0 1 0 1 1 0 0 0 0 1 0 10 0 1 0 0 0 0 0 0 1 1 1 1 0 1 1 0 0 0 1 0 0 0 1 0 1 0 0 0 1 0 0 1 1 1 1 0 1 0 1 1 1 1 0
1 0 0 1 0 1 0 0 0 1 1 1 0 0 0 0 10 0 0 0 0 0 0 1 1 1 0 0 0 1 10 1 0 1 10 0 0 0 0 0 0 1 1 0 0 0 0 1 10 10 1 0 0 1 0 10 1 1 1 0 1 1 1 0 1 1 1 1 1 1 1 0 0 1 1 0 1 1 10 10 0 0 0 0 0 0 1 0 1 1 10 1 0 0 1 10 0 0 1 1 0 0 0 0 0 0 0 1 0 1 0 1 0 1 0 1 0 1 0 1 1 0 1 1 0 1 0 1 1
10 1 1 0 0 1 0 1 0 0 0 1 0 0 1 0 0 0 1 0 1 0 0 1 1 1 0 1 1 1 10 10 0 1 10 10 1 1 0 0 1 10 1 1 1 0 1 1 0 1 0 1 0 1 1 1 0 1 10 0 1 1 1 1 0 0 0 1 0 1 0 1 1 1 1 0 0 0 1 0 0 0 0 1 0 1 0 0 1 1 0 0 1 1 0 1 1 1 1 1 1 0 0 0 10 0 0 0 0 0 0 1 0 0 1 1 0 1 0 10 1 0 1 0 1 1 0 1 1
1 0 0 1 0 1 0 0 1 0 1 1 0 1 1 1 1 0 0 1 0 0 0 10 1 10 0 0 0 0 1 1 0 1 1 0 0 0 0 0 0 10 1 1 0 0 0 1 1 10 1 0 0 1 1 1 1 1 1 1 1 1 1 0 1 0 1 10 1 10 1 0 0 1 1 1 0 1 10 1 0 0 0 0 0 1 0 1 1 1 1 1 1 10 1 0 0 0 1 0 0 0 0 0 0 0 0 0 1 1 1 1 0 1 1 1 0 1 1 1 10 0 1 1 1 1 1 1 1
1 1 1 0 0 1 0 0 0 0 0 0 0 0 1 0 0 0 1 0 0 0 0 0 1 0 0 0 1 1 1 1 0 1 0 1 0 1 0 0 0 0 0 1 1 0 0 0 0 0 0 0 0 0 1 0 0 0 1 0 0 0 1 1 0 0 0 0 0 0 0 1 1 0 0 0 0 0 0 0 0 0 0 1 0 1 0 0 0 0 0 0 1 0 1 0 0 1 0 1 1 0 0 0 1 0 0 0 0 0 0 0 0 0 0 0 0 1 0 1 0 0 1 0 0 1 0 1 0
1 10 1 1 0 1 1 0 1 0 0 0 1 0 1 0 0 0 1 0 0 0 0 0 1 0 1 0 1 1 1 1 1 1 0 1 1 1 1 0 1 0 0 1 1 1 0 1 0 0 0 0 0 1 1 0 0 0 1 0 1 1 1 1 1 0 0 0 0 1 0 1 1 1 0 0 1 0 0 0 0 0 0 1 0 1 0 0 1 0 0 0 1 0 1 0 1 0 0 1 1 1 0 0 1 0 0 0 0 0 0 1 0 0 0 0 1 1 1 1 0 0 1 0 0 1 1 1 0
1 0 0 0 0 0 0 0 0 0 0 1 0 0 0 0 0 0 0 0 0 0 0 1 0 1 0 0 0 0 1 1 0 0 1 0 0 0 0 0 0 1 0 0 0 0 0 1 0 1 0 0 0 1 0 1 0 1 1 0 0 1 0 0 0 0 0 1 0 1 0 0 0 0 1 0 0 0 1 0 0 0 0 0 0 0 0 0 0 1 0 0 0 1 1 1 0 0 0 0 0 0 0 0 0 0 0 0 0 0 0 1 0 0 0 0 0 0 0 0 1 0 0 0 0 0 0 0 1
1 10 1 0 0 1 0 0 0 1 0 1 0 1 10 0 1 0 10 0 0 0 0 0 1 0 1 0 1 10 10 1 0 10 1 10 0 1 1 0 0 0 0 1 1 0 0 0 1 0 10 1 1 0 1 1 0 0 10 0 0 0 1 1 0 1 1 0 0 0 1 1 1 0 1 0 1 10 1 1 0 0 1 1 1 1 1 0 0 0 10 1 1 1 1 0 1 1 0 0 1 0 0 0 1 0 0 10 0 0 0 0 0 1 0 1 1 1 0 1 0 0 1 1 0 1 0 1 0
1 1 1 0 0 1 0 0 0 0 0 1 1 0 1 0 0 0 1 1 0 0 1 0 1 1 0 0 10 1 1 10 1 1 0 1 0 10 0 0 0 0 1 1 1 1 1 0 0 0 0 0 0 0 1 0 1 0 1 1 0 1 10 1 0 1 0 1 1 0 0 10 10 0 0 0 0 0 0 1 0 0 0 1 1 1 1 1 0 0 0 0 1 0 1 0 1 1 0 1 0 1 0 0 1 0 0 0 0 0 0 1 0 0 1 0 1 1 0 1 0 0 10 1 0 1 0 1 1
0 1 1 10 0 1 10 0 1 1 1 1 10 0 0 0 0 0 1 1 1 1 1 0 1 1 10 0 1 0 0 1 10 0 0 0 1 1 1 1 1 0 1 0 0 10 1 10 0 0 0 1 0 1 0 0 10 0 0 1 1 10 1 0 1 1 0 1 1 1 0 1 1 1 0 1 1 0 0 1 1 0 0 0 1 0 10 1 1 0 0 1 0 0 0 0 0 1 0 0 1 0 0 0 0 0 1 0 1 0 0 10 0 0 1 0 10 0 1 0 1 0 1 1 1 0 10 0 1
0 0 1 0 0 0 1 0 0 1 0 0 0 0 0 1 0 0 0 0 0 1 0 0 0 0 0 0 1 0 0 0 0 0 0 0 1 0 0 0 1 0 0 0 0 0 1 0 0 0 0 0 0 0 0 1 0 0 0 1 0 0 0 0 0 1 1 0 1 0 0 0 0 0 1 0 1 0 0 0 0 1 1 0 0 0 0 1 0 1 0 0 0 0 0 0 0 0 0 0 0 0 0 1 1 0 0 1 0 1 1 0 0 0 0 0 0 1 1 0 0 0 0 0 0 1 0 1 0
0 0 1 0 0 0 1 0 0 1 0 0 0 0 0 1 0 0 0 0 0 1 0 0 0 0 0 0 1 0 0 0 0 0 0 0 1 0 0 0 1 0 0 0 0 0 1 0 0 0 0 0 0 0 0 1 0 0 0 1 0 0 0 0 0 1 1 0 1 0 0 0 0 0 1 0 1 0 0 0 0 1 1 0 0 0 0 1 0 1 0 0 0 0 0 0 0 0 0 0 0 0 1 0 1 0 0 1 0 1 1 0 0 0 0 0 0 1 1 0 0 0 0 0 0 1 0 1 0
1 1 10 0 0 1 1 1 0 1 0 0 0 0 1 1 0 0 1 0 1 1 0 0 1 0 0 1 10 1 1 1 0 1 1 10 10 1 0 0 10 1 1 1 1 0 10 0 0 0 0 1 0 0 1 1 0 0 1 1 1 0 1 1 0 1 1 0 1 0 0 1 1 1 1 0 1 0 0 0 0 1 1 1 0 1 0 1 1 1 0 0 1 0 10 0 1 1 0 1 1 0 1 1 0 0 0 1 0 1 1 0 0 0 1 1 0 10 1 10 0 0 1 0 1 10 0 10 0
0 0 0 0 1 0 0 0 0 0 1 0 0 0 0 1 1 1 0 1 0 1 0 0 0 0 0 0 0 0 0 0 0 0 0 0 0 0 1 0 0 0 0 0 0 0 0 0 0 1 0 0 1 1 1 0 0 1 0 0 0 0 0 1 0 0 0 0 0 0 1 0 0 0 0 0 0 0 0 0 1 1 0 0 1 0 0 0 0 1 0 0 0 0 0 0 0 0 0 0 0 0 0 0 0 0 0 0 1 0 1 0 1 1 0 0 0 0 0 0 0 1 0 0 0 0 0 0 1
0 0 1 1 0 1 1 0 0 1 1 0 0 0 0 0 0 0 1 0 1 1 0 0 1 0 1 0 0 0 0 0 0 0 0 0 0 0 0 1 0 0 0 0 0 0 0 1 0 0 0 1 0 0 0 0 1 0 0 0 0 0 0 0 0 0 0 0 0 0 0 0 0 0 0 1 0 0 0 0 1 0 0 0 0 0 1 0 0 0 0 1 0 0 0 0 0 0 0 0 0 1 0 0 0 0 0 0 1 0 0 0 0 0 0 0 0 0 0 0 1 0 0 0 1 0 1 0 0
0 1 1 0 0 0 1 0 0 10 0 1 0 1 1 1 1 0 1 0 0 1 0 0 0 0 1 0 1 1 1 0 0 1 1 1 1 0 1 0 1 0 0 0 0 0 1 0 1 0 10 1 1 0 0 10 0 0 1 1 0 0 0 0 0 10 10 0 1 0 1 0 0 0 10 0 10 10 1 1 0 1 10 0 1 0 1 1 0 1 10 1 0 1 0 0 0 0 0 10 0 0 1 1 1 0 0 0 0 1 1 0 0 1 0 1 1 1 1 0 0 0 0 1 0 1 0 1 0
0 0 1 1 1 1 1 0 1 1 10 0 0 1 1 10 1 1 1 10 1 10 0 1 1 1 1 0 0 0 0 0 0 0 0 0 0 0 1 1 0 1 0 1 0 0 0 1 0 1 1 1 1 1 10 0 1 1 0 1 0 0 0 1 0 0 0 1 0 1 10 0 0 0 0 10 0 1 1 0 10 1 0 0 1 1 1 1 0 1 0 1 1 0 0 1 0 0 0 0 0 1 0 0 0 1 1 0 0 0 10 0 1 1 1 0 0 0 1 0 10 1 0 0 10 0 10 0 1
0 0 1 1 0 1 1 0 0 1 1 0 0 0 0 1 1 0 0 0 0 1 0 0 1 0 0 0 1 0 0 0 0 1 0 0 1 0 0 0 1 0 1 0 0 0 1 0 1 1 0 0 0 0 0 1 1 0 0 1 1 0 1 0 1 1 10 0 10 0 0 0 0 1 1 0 1 0 0 1 0 1 1 0 0 0 0 1 1 1 1 1 0 1 0 1 0 0 0 0 0 0 1 1 1 0 0 1 0 0 1 0 0 1 0 1 0 10 1 1 0 0 1 1 0 10 0 10 0
0 0 1 0 1 0 1 0 1 1 1 0 0 1 1 100 1 1 0 10 0 10 0 1 0 1 0 0 1 0 0 0 0 0 0 0 1 0 1 0 1 1 0 1 0 0 1 0 0 1 1 0 1 1 10 1 0 1 0 10 0 0 0 1 0 1 1 1 1 1 10 0 0 0 1 1 1 1 1 0 1 10 1 0 1 1 0 10 0 10 0 0 1 0 0 1 0 0 0 0 0 0 1 1 1 1 0 1 10 1 0 0 1 1 1 0 0 1 10 0 1 1 0 0 1 1 1 1 1
1 1 0 1 0 0 1 0 1 0 0 10 10 0 0 0 0 0 0 1 0 0 1 1 0 10 1 0 1 0 1 10 10 0 1 0 1 1 1 0 1 1 1 0 0 10 1 10 0 1 0 0 0 10 0 1 1 1 1 1 1 100 1 0 1 1 0 10 1 10 0 1 1 1 1 0 1 0 1 1 0 0 0 0 1 0 1 1 1 1 0 0 0 1 1 1 0 1 1 0 1 10 0 0 0 0 0 0 0 0 0 0 0 0 1 0 10 0 1 0 1 0 1 1 0 0 1 0 10
0 0 0 0 1 0 0 0 0 0 1 0 0 0 0 1 1 1 0 1 0 1 0 0 0 0 0 0 0 0 0 0 0 0 0 0 0 0 1 0 0 0 0 0 0 0 0 0 0 1 0 0 1 1 1 0 0 1 0 0 0 0 0 1 0 0 0 0 0 0 1 0 0 0 0 0 0 0 0 0 1 1 0 0 1 0 0 0 0 1 0 0 0 0 0 0 0 0 0 0 0 0 0 0 0 1 0 0 1 0 1 0 0 1 0 0 0 0 0 0 0 1 0 0 0 0 0 0 1
0 1 0 1 1 1 0 0 0 0 10 1 0 1 1 1 10 1 1 1 0 1 0 0 1 0 1 0 0 0 0 0 0 10 0 1 0 0 10 0 0 0 1 0 0 0 0 0 1 10 1 1 10 1 1 0 1 1 1 0 1 0 1 1 1 0 10 0 1 0 1 0 0 1 1 0 0 1 0 1 1 1 1 0 10 0 0 0 1 1 10 10 0 1 0 1 0 0 0 1 0 0 0 0 0 1 0 1 1 1 1 0 1 0 0 10 1 1 0 1 0 1 1 10 0 1 0 1 1
0 0 0 0 0 0 0 1 1 0 0 1 1 1 1 1 0 0 0 10 1 0 1 1 0 10 0 1 1 0 0 1 1 0 1 1 1 1 0 0 1 10 10 1 0 1 10 0 0 0 1 1 0 0 1 0 1 0 0 10 1 1 1 0 0 1 0 10 1 1 1 1 1 1 0 1 0 1 1 1 0 0 0 0 1 1 1 10 1 0 0 0 1 0 1 1 0 0 0 0 1 1 0 0 1 0 0 0 1 0 1 1 0 0 0 1 1 0 1 1 1 0 1 1 10 0 1 0 1
0 1 0 1 0 1 0 1 0 0 1 1 0 1 1 0 1 0 1 0 1 0 0 0 1 0 1 1 0 0 0 0 0 10 1 10 1 0 1 0 1 1 10 0 0 0 1 0 1 1 1 10 1 0 0 0 1 0 1 0 10 0 1 0 1 0 10 0 1 0 0 0 0 10 1 0 0 1 0 1 0 0 1 0 1 0 0 0 10 0 10 10 0 1 1 1 0 0 0 1 0 0 0 0 1 0 0 1 0 1 0 0 0 10 1 0 1 1 0 10 0 0 1 10 1 1 0 1 0
0 10 0 1 0 0 1 0 1 0 0 10 10 1 1 0 0 0 1 1 0 0 1 0 0 1 10 0 1 0 0 1 10 1 0 1 1 1 10 0 1 0 1 0 0 10 1 1 0 0 1 1 1 1 0 0 1 0 1 1 1 10 1 0 1 1 1 1 1 1 0 1 1 1 1 0 1 1 0 1 0 0 1 0 10 0 1 1 1 0 1 1 0 0 0 0 0 1 0 1 1 10 0 0 0 0 0 1 0 0 0 10 0 1 1 1 0 0 1 0 0 0 1 10 0 0 1 0 1
1 1 10 1 0 10 1 0 0 1 1 0 0 0 1 1 1 0 1 0 0 1 0 0 10 0 0 0 10 1 1 1 0 10 0 1 1 1 0 0 1 0 1 1 1 0 1 0 1 1 0 0 0 0 1 1 1 0 1 1 1 0 10 1 1 1 10 0 10 0 0 1 1 1 1 0 1 0 0 1 0 1 1 1 0 1 0 1 1 1 1 1 1 1 1 1 1 1 0 1 1 0 1 1 10 0 0 1 0 10 1 0 0 1 0 1 0 0 1 10 0 0 10 1 0 100 0 100 0
0 1 1 1 0 0 10 0 10 1 0 0 1 1 1 10 0 0 0 1 0 1 0 1 0 1 1 0 1 0 0 0 1 0 0 0 10 0 1 0 10 1 0 1 0 1 1 1 0 0 1 0 0 1 1 1 0 0 0 10 1 1 0 0 1 1 1 1 1 10 1 0 0 1 1 1 10 1 1 0 0 1 1 0 0 1 0 10 1 1 0 0 1 0 0 1 0 1 0 0 0 1 1 1 1 0 0 1 1 1 10 1 0 0 1 0 1 1 0 0 1 0 0 0 1 1 10 1 0
1 1 1 1 0 10 0 1 0 0 1 0 0 0 1 0 1 0 1 0 1 0 0 0 10 0 0 1 1 1 1 1 0 10 1 10 1 1 0 0 1 1 10 1 1 0 1 0 1 1 0 1 0 0 1 0 1 0 1 0 10 0 10 1 1 0 1 0 1 0 0 1 1 10 0 0 0 0 0 1 0 0 0 1 0 1 0 0 10 0 1 1 1 1 10 1 1 1 0 1 1 0 0 0 10 0 0 0 0 1 0 0 0 1 1 10 0 10 0 0 0 0 10 1 1 10 0 10 0
1 0 1 1 0 1 1 0 1 1 1 1 0 1 1 1 0 0 1 1 1 1 0 10 1 10 1 0 0 0 1 1 0 0 1 0 0 0 0 1 0 10 0 1 0 0 0 10 0 1 1 1 0 1 1 1 1 1 1 1 0 1 0 0 0 0 0 10 0 10 1 0 0 0 1 10 0 1 10 0 1 0 0 0 0 1 1 1 0 1 0 1 1 1 1 10 0 0 1 0 0 1 0 0 0 0 1 0 10 0 1 1 0 0 1 0 0 0 1 0 0 0 0 0 10 0 10 0 1
0 0 0 0 1 0 0 0 0 0 1 0 0 0 0 1 1 1 0 1 0 1 0 0 0 0 0 0 0 0 0 0 0 0 0 0 0 0 1 0 0 0 0 0 0 0 0 0 0 1 0 0 1 1 1 0 0 1 0 0 0 0 0 1 0 0 0 0 0 0 1 0 0 0 0 0 0 0 0 0 1 1 0 0 1 0 0 0 0 1 0 0 0 0 0 0 0 0 0 0 0 0 0 0 0 1 0 0 1 0 1 0 1 1 0 0 0 0 0 0 0 0 0 0 0 0 0 0 1
1 1 1 1 0 10 0 0 0 0 1 1 1 0 1 0 1 0 1 1 0 0 1 0 10 1 0 0 10 1 1 10 1 10 0 1 0 10 0 0 0 0 10 1 1 1 1 0 1 1 0 0 0 0 1 0 10 0 1 1 1 1 100 1 1 1 1 1 10 0 0 10 10 1 0 0 0 0 0 10 0 0 0 1 1 1 1 1 1 0 1 1 1 1 1 1 1 1 0 1 10 1 0 0 1 0 0 0 0 1 0 1 0 1 1 1 1 10 0 10 0 0 0 10 0 10 0 10 1
0 1 0 1 0 1 0 0 0 0 1 10 1 1 1 0 1 0 1 1 0 0 1 0 1 1 1 0 1 0 0 1 1 10 0 1 0 1 1 0 0 0 10 0 0 1 1 0 1 1 1 1 1 0 0 0 10 0 1 1 1 1 10 0 1 1 10 1 10 0 0 1 1 1 1 0 0 1 0 10 0 0 1 0 10 0 1 1 1 0 10 10 0 1 0 1 0 0 0 1 1 1 0 0 0 0 0 1 0 1 0 1 0 10 1 10 10 1 0 1 0 0 10 0 0 1 0 1 1
0 0 1 1 0 1 1 1 1 1 1 0 0 1 1 1 0 0 1 1 10 1 0 1 1 1 1 1 0 0 0 0 0 0 1 1 1 0 0 1 1 10 1 1 0 0 1 1 0 0 1 10 0 0 1 0 1 0 0 1 1 0 0 0 0 0 0 1 0 1 1 0 0 1 0 10 0 1 1 0 1 0 0 0 0 1 1 1 1 0 0 1 1 0 1 1 0 0 0 0 0 1 0 0 1 0 1 0 10 0 1 0 0 0 10 1 0 0 1 1 10 0 0 0 0 0 10 0 0
1 1 10 1 0 10 1 0 0 1 1 0 0 0 1 1 1 0 1 0 0 1 0 0 10 0 0 0 10 1 1 1 0 10 0 1 1 1 0 0 1 0 1 1 1 0 1 0 1 1 0 0 0 0 1 1 1 0 1 1 1 0 10 1 1 1 10 0 10 0 0 1 1 1 1 0 1 0 0 1 0 1 1 1 0 1 0 1 1 1 1 1 1 1 1 1 1 1 0 1 1 0 1 1 10 0 0 1 0 10 1 0 0 1 0 1 0 100 1 10 0 0 10 1 0 0 0 100 0
0 1 1 10 0 1 10 0 10 1 1 0 1 1 1 1 0 0 1 1 1 1 0 1 1 1 10 0 0 0 0 0 1 0 0 0 1 0 1 1 1 1 0 1 0 1 0 10 0 0 1 1 0 1 1 0 1 0 0 1 1 1 0 0 1 0 0 1 0 10 1 0 0 1 0 10 1 1 1 0 1 0 0 0 0 1 1 1 1 0 0 1 1 0 0 1 0 1 0 0 0 10 0 0 0 0 1 0 10 0 1 1 0 0 1 0 1 0 10 0 10 0 0 0 10 0 0 0 0
1 1 10 1 0 10 1 0 0 1 1 0 0 0 1 1 1 0 1 0 0 1 0 0 10 0 0 0 10 1 1 1 0 10 0 1 1 1 0 0 1 0 1 1 1 0 1 0 1 1 0 0 0 0 1 1 1 0 1 1 1 0 10 1 1 1 10 0 10 0 0 1 1 1 1 0 1 0 0 1 0 1 1 1 0 1 0 1 1 1 1 1 1 1 1 1 1 1 0 1 1 0 1 1 10 0 0 1 0 10 1 0 0 1 0 1 0 100 1 10 0 0 10 1 0 100 0 0 0
1 0 0 0 1 0 0 0 0 0 1 10 1 0 0 1 1 1 0 10 0 1 1 1 0 10 0 0 1 0 1 10 1 0 1 0 0 1 1 0 0 1 1 0 0 1 1 1 0 10 0 0 1 10 1 1 1 10 1 1 0 10 1 1 0 1 0 10 1 1 1 1 1 0 1 0 0 0 1 1 1 1 0 0 10 0 1 1 0 10 0 0 0 1 1 1 0 0 1 0 1 1 0 0 0 1 0 0 1 0 1 10 1 1 1 0 1 0 0 0 1 1 1 1 0 0 0 0 0
4
3 2 3
4 16 3
5 1 3
6 9 3
5
4 4 
1 3
2 3
3 5
4 4
2 4 
1 4
1 4
2 6
2 6
3 7 
1 4
1 4
2 6
2 6
2 6
3 4
3 4
2 3 
1 4
1 4
2 6
1 10 
1 4
1 4
1 6
1 4
1 4
1 4
1 6
1 6
1 4
1 4
129 12
2 11 8
3 11 4 7
3 0 11 9
3 0 4 6
1 3
3 0 11 6
3 0 4 9
1 10
2 4 5
3 0 2 9
3 0 3 6
3 1 7 8
2 1 4
2 5 7
3 11 5 7
3 3 5 9
3 2 3 6
1 3
3 0 11 7
3 1 3 5
2 0 10
3 0 3 9
1 1
2 5 8
3 0 11 6
3 1 5 8
3 0 4 7
1 10
3 1 11 9
2 11 2
3 11 2 8
3 1 11 8
2 1 4
3 11 6 7
3 10 2 8
3 10 11 7
3 10 4 9
2 1 11
3 3 4 7
1 0
3 10 4 9
3 10 5 8
3 1 10 6
2 11 5
1 11
2 1 4
3 1 10 9
3 0 4 8
2 2 6
3 3 6 8
3 2 5 7
3 0 10 7
2 3 7
3 3 4 8
3 11 3 5
3 2 8 9
3 0 1 6
2 3 8
3 11 7 8
3 1 5 9
3 10 4 6
3 1 4 8
3 1 11 6
2 11 3
2 4 6
3 1 2 9
3 6 7 9
3 1 5 8
3 1 6 9
3 4 5 8
3 2 3 5
2 1 11
2 1 11
3 10 4 6
3 7 8 9
2 0 5
3 2 4 9
3 2 5 7
3 2 5 8
3 1 2 6
2 0 3
2 3 9
2 7 9
1 11
3 1 3 7
2 11 5
3 0 1 2
3 1 5 9
3 10 4 6
3 3 8 9
3 2 6 7
3 0 6 7
2 11 5
3 2 6 8
3 10 11 8
3 5 6 8
1 11
2 11 4
1 8
3 11 2 7
2 1 11
3 0 1 4
1 9
1 9
3 10 11 9
1 3
1 0
3 2 7 9
3 0 3 5
2 6 9
3 3 5 9
3 1 4 8
1 3
3 3 6 7
3 1 10 5
3 10 6 7
3 1 4 7
3 11 6 9
3 4 5 9
3 10 11 6
3 0 5 8
1 3
3 1 11 6
3 1 6 7
3 0 10 5
3 11 6 9
3 0 4 5
3 11 6 9
3 1 3 8
129 357
3 294 344 46
2 243 321
2 143 336
3 204 348 68
5 211 323 340 345 85
3 116 316 346
4 159 178 254 272
5 135 162 342 4 97
2 318 334
6 210 246 250 252 291 7
1 27
3 103 271 285
1 238
2 168 343
8 156 297 298 305 312 314 323 76
3 104 33 332
3 134 248 37
2 100 192
4 216 22 279 36
3 115 269 341
4 202 23 276 32
5 173 24 290 335 348
3 110 322 328
2 335 96
4 122 310 326 348
7 207 209 241 308 319 346 99
5 220 280 313 56 70
6 101 132 157 175 215 303
4 130 205 25 321
2 239 87
5 234 260 264 280 332
6 1 147 219 337 342 347
7 126 129 166 222 263 343 53
3 306 311 336
2 109 81
4 176 235 294 317
6 111 271 319 326 329 331
4 131 296 333 339
6 155 171 302 315 328 40
3 224 307 345
3 164 206 268
3 15 314 333
4 191 256 272 273
4 190 199 277 340
4 106 197 336 75
3 185 227 337
4 144 289 324 347
4 304 312 327 43
4 328 339 342 5
3 114 259 330
2 117 288
4 170 303 309 334
5 13 249 306 313 337
5 165 193 2 287 327
4 335 346 45 77
5 236 319 341 345 90
4 19 279 314 91
4 305 317 61 65
4 291 293 343 95
5 278 310 348 71 78
3 253 283 311
6 124 125 183 233 320 331
5 136 169 17 307 335
4 270 29 292 57
6 167 290 295 327 62 8
5 297 326 344 347 84
5 189 262 296 325 38
3 198 255 313
4 181 277 281 31
4 14 179 212 242
2 21 347
3 282 310 318
8 184 270 274 292 302 312 330 55
5 120 153 208 276 283
6 20 231 268 288 82 9
2 284 332
8 128 149 177 186 214 286 316 348
4 221 338 340 80
5 123 182 223 274 51
3 160 324 344
1 311
4 161 299 308 346
4 138 345 74 98
3 11 142 346
4 145 174 336 67
4 121 345 58 63
6 269 275 282 286 322 329
3 226 229 42
3 213 325 348
3 237 278 347
3 152 289 295
5 12 266 343 83 92
3 300 301 89
4 105 201 203 334
7 196 273 284 317 321 50 66
3 293 316 79
5 118 137 247 265 304
2 172 300
3 257 344 72
7 244 315 331 342 49 54 88
4 148 151 225 86
2 261 323
1 146
2 217 240
3 218 320 73
5 258 320 325 52 59
1 94
3 322 329 333
3 0 230 93
5 112 187 200 267 287
4 30 318 339 6
4 107 245 281 309
4 133 139 338 48
4 154 194 338 340
5 102 140 299 301 60
2 16 41
2 127 341
5 188 26 338 348 44
4 163 195 251 47
5 10 119 150 267 330
3 113 35 69
1 39
4 232 3 337 339
2 180 275
3 141 315 64
2 228 341
5 108 158 28 285 34
6 18 298 324 349 350 351
5 352 353 354 355 356
