26
0 0 0 0 1 1 10 1 1 1 1 1 0 1 1 1 1 1 1 1 10 10 1 10 1 0
0 0 1 1 0 1 1 10 0 10 10 10 0 0 1 1 1 1 10 10 1 0 1 1 1 10
0 1 0 1 0 0 0 1 0 1 1 1 0 0 1 1 1 0 1 1 0 0 0 0 0 1
0 1 1 0 0 0 0 1 1 1 1 1 1 0 10 10 10 1 1 1 0 1 1 0 1 1
1 0 0 0 0 1 1 1 0 1 1 0 0 1 0 0 0 1 1 1 1 1 0 1 1 0
1 1 0 0 1 0 10 10 0 10 10 1 0 1 0 0 0 10 10 10 10 1 1 10 10 1
10 1 0 0 1 10 0 10 1 10 10 10 0 1 1 1 1 10 10 10 100 10 10 100 10 1
1 10 1 1 1 10 10 0 0 100 100 10 0 1 1 1 1 10 100 100 10 1 1 10 10 10
1 0 0 1 0 0 1 0 0 0 0 1 1 0 10 10 10 1 0 0 1 10 10 1 1 0
1 10 1 1 1 10 10 100 0 0 100 10 0 1 1 1 1 10 100 100 10 1 1 10 10 10
1 10 1 1 1 10 10 100 0 100 0 10 0 1 1 1 1 10 100 100 10 1 1 10 10 10
1 10 1 1 0 1 10 10 1 10 10 0 0 0 10 10 10 1 10 10 10 1 10 10 1 10
0 0 0 1 0 0 0 0 1 0 0 0 0 0 1 1 1 1 0 0 0 1 1 0 1 0
1 0 0 0 1 1 1 1 0 1 1 0 0 0 0 0 0 1 1 1 1 1 0 1 1 0
1 1 1 10 0 0 1 1 10 1 1 10 1 0 0 100 100 1 1 1 1 10 10 1 1 1
1 1 1 10 0 0 1 1 10 1 1 10 1 0 100 0 100 1 1 1 1 10 10 1 1 1
1 1 1 10 0 0 1 1 10 1 1 10 1 0 100 100 0 1 1 1 1 10 10 1 1 1
1 1 0 1 1 10 10 10 1 10 10 1 1 1 1 1 1 0 10 10 10 10 10 10 100 1
1 10 1 1 1 10 10 100 0 100 100 10 0 1 1 1 1 10 0 100 10 1 1 10 10 10
1 10 1 1 1 10 10 100 0 100 100 10 0 1 1 1 1 10 100 0 10 1 1 10 10 10
10 1 0 0 1 10 100 10 1 10 10 10 0 1 1 1 1 10 10 10 0 10 10 100 10 1
10 0 0 1 1 1 10 1 10 1 1 1 1 1 10 10 10 10 1 1 10 0 10 10 10 0
1 1 0 1 0 1 10 1 10 1 1 10 1 0 10 10 10 10 1 1 10 10 0 10 10 1
10 1 0 0 1 10 100 10 1 10 10 10 0 1 1 1 1 10 10 10 100 10 10 0 10 1
1 1 0 1 1 10 10 10 1 10 10 1 1 1 1 1 1 100 10 10 10 10 10 10 0 1
0 10 1 1 0 1 1 10 0 10 10 10 0 0 1 1 1 1 10 10 1 0 1 1 1 0
2
4 5 3
6 1 3
2
4 4 
1 4
2 4
3 6
4 4
1 2 
1 4
1 4
26 5
2 3 4
2 1 2
1 1
2 0 1
1 4
2 2 4
3 2 3 4
3 1 2 4
2 0 3
3 1 2 4
3 1 2 4
3 1 2 3
1 0
1 4
3 0 1 3
3 0 1 3
3 0 1 3
3 0 2 4
3 1 2 4
3 1 2 4
3 2 3 4
3 0 3 4
3 0 2 3
3 2 3 4
3 0 2 4
2 1 2
26 82
8 35 43 47 58 61 65 66 7
2 60 67
3 51 55 65
2 46 63
4 42 53 64 66
3 11 58 8
4 24 48 56 62
4 27 32 4 44
2 23 30
2 10 65
8 0 12 15 45 5 61 66 67
4 13 21 53 59
4 56 59 63 64
5 19 20 33 57 9
5 17 2 26 41 64
6 22 31 37 39 52 54
3 50 62 66
4 1 3 40 57
4 16 25 61 63
3 28 29 67
6 14 34 38 60 62 67
2 55 6
4 18 36 49 54
6 68 69 70 71 72 73
3 74 75 76
5 77 78 79 80 81
