26
0 1 1 1 1 10 10 10 100 10 1 10 10 100 1 1 10 10 10 1 1 1 1 10 10 1
1 0 1 1 0 1 1 1 1 1 1 1 10 1 1 1 1 0 10 1 10 1 0 1 1 0
1 1 0 100 1 10 10 1 1 10 100 10 1 1 10 10 10 10 10 0 1 100 0 0 10 10
1 1 100 0 1 10 10 1 1 10 100 10 1 1 10 10 10 10 10 0 1 100 0 0 10 10
1 0 1 1 0 1 1 10 1 1 1 1 1 1 10 10 1 10 0 0 0 1 1 1 1 1
10 1 10 10 1 0 100 1 10 1 10 1 10 10 10 10 100 10 10 0 1 10 1 1 100 1
10 1 10 10 1 100 0 1 10 1 10 1 10 10 10 10 100 10 10 0 1 10 1 1 100 1
10 1 1 1 10 1 1 0 10 10 1 10 10 10 10 10 1 10 1 1 1 1 1 10 1 1
100 1 1 1 1 10 10 10 0 10 1 10 10 100 1 1 10 10 10 1 1 1 1 10 10 1
10 1 10 10 1 1 1 10 10 0 10 100 1 10 1 1 1 10 10 1 1 10 0 1 1 10
1 1 100 100 1 10 10 1 1 10 0 10 1 1 10 10 10 10 10 0 1 100 0 0 10 10
10 1 10 10 1 1 1 10 10 100 10 0 1 10 1 1 1 10 10 1 1 10 0 1 1 10
10 10 1 1 1 10 10 10 10 1 1 1 0 10 10 10 10 1 10 1 10 1 1 10 10 0
100 1 1 1 1 10 10 10 100 10 1 10 10 0 1 1 10 10 10 1 1 1 1 10 10 1
1 1 10 10 10 10 10 10 1 1 10 1 10 1 0 100 10 10 1 0 1 10 1 1 10 1
1 1 10 10 10 10 10 10 1 1 10 1 10 1 100 0 10 10 1 0 1 10 1 1 10 1
10 1 10 10 1 100 100 1 10 1 10 1 10 10 10 10 0 10 10 0 1 10 1 1 100 1
10 0 10 10 10 10 10 10 10 10 10 10 1 10 10 10 10 0 1 0 0 10 1 1 10 10
10 10 10 10 0 10 10 1 10 10 10 10 10 10 1 1 10 1 0 1 10 10 0 1 10 1
1 1 0 0 0 0 0 1 1 1 0 1 1 1 0 0 0 0 1 0 1 0 0 1 0 0
1 10 1 1 0 1 1 1 1 1 1 1 10 1 1 1 1 0 10 1 0 1 0 1 1 0
1 1 100 100 1 10 10 1 1 10 100 10 1 1 10 10 10 10 10 0 1 0 0 0 10 10
1 0 0 0 1 1 1 1 1 0 0 0 1 1 1 1 1 1 0 0 0 0 0 1 1 0
10 1 0 0 1 1 1 10 10 1 0 1 10 10 1 1 1 1 1 1 1 0 1 0 1 0
10 1 10 10 1 100 100 1 10 1 10 1 10 10 10 10 100 10 10 0 1 10 1 1 0 1
1 0 10 10 1 1 1 1 1 10 10 10 0 1 1 1 1 10 1 0 0 10 0 0 1 0
2
4 5 3
6 1 3
2
4 4 
1 4
2 4
3 6
4 4
1 2 
1 4
1 4
26 5
3 0 1 4
2 0 2
3 2 3 4
3 2 3 4
2 1 3
3 1 2 4
3 1 2 4
3 0 1 3
3 0 1 4
3 0 3 4
3 2 3 4
3 0 3 4
3 0 1 2
3 0 1 4
3 1 2 3
3 1 2 3
3 1 2 4
3 1 3 4
3 0 2 4
1 0
2 0 2
3 2 3 4
1 1
2 0 1
3 1 2 4
2 3 4
26 88
4 14 22 57 62
8 19 3 40 52 53 54 64 65
4 25 38 45 59
2 6 67
4 20 24 50 64
5 36 46 61 62 65
8 13 2 29 37 42 57 66 67
3 58 66 67
5 12 17 43 55 56
2 23 54
3 11 27 61
5 31 5 64 67 7
2 15 49
4 18 48 60 63
2 32 47
4 35 41 62 9
6 0 44 53 56 61 63
6 1 4 55 58 65 66
5 26 28 30 63 8
3 16 39 51
3 10 21 60
6 33 34 59 66 68 69
2 70 71
4 72 73 74 75
8 76 77 78 79 80 81 82 83
4 84 85 86 87
