43
0 0 10 1 1 10 1 1 10 1 10 1 1 1 1 0 100 1 1 1 1 10 10 10 10 1 0 10 1 10 1 100 10 10 1 10 10 10 1 10 10 10 0
0 0 1 1 0 1 1 0 1 0 0 1 0 0 1 1 0 0 0 1 1 0 0 1 1 0 0 1 1 0 0 0 0 1 1 0 0 0 1 0 1 0 1
10 1 0 10 1 10 1 1 100 0 1 10 0 1 10 1 10 0 1 10 1 1 1 100 100 1 0 10 10 1 0 10 10 10 1 1 1 10 10 10 100 10 1
1 1 10 0 0 1 10 10 10 1 10 10 0 0 1 10 1 0 1 100 1 1 1 10 10 1 1 1 100 10 1 1 10 10 10 10 10 10 1 10 10 10 1
1 0 1 0 0 1 0 0 1 0 0 1 0 1 1 0 1 0 0 0 0 1 1 1 1 1 0 1 0 0 0 1 1 0 0 0 0 1 1 1 1 1 0
10 1 10 1 1 0 10 0 10 1 1 10 1 1 10 1 10 1 0 1 10 10 10 10 10 1 0 100 1 1 1 10 1 10 10 1 1 1 10 1 10 1 1
1 1 1 10 0 10 0 1 1 10 10 10 1 0 1 10 1 1 0 10 10 10 10 1 1 1 1 10 10 10 10 1 1 10 100 10 10 1 1 1 1 1 1
1 0 1 10 0 0 1 0 1 1 10 1 0 0 0 1 1 0 1 10 0 1 1 1 1 1 1 0 10 10 1 1 10 1 1 10 10 10 0 10 1 10 0
10 1 100 10 1 10 1 1 0 0 1 10 0 1 10 1 10 0 1 10 1 1 1 100 100 1 0 10 10 1 0 10 10 10 1 1 1 10 10 10 100 10 1
1 0 0 1 0 1 10 1 0 0 10 1 1 0 0 1 1 1 0 1 1 10 10 0 0 1 1 1 1 10 10 1 1 1 10 10 10 1 0 1 0 1 0
10 0 1 10 0 1 10 10 1 10 0 1 1 0 0 1 10 1 1 10 1 10 10 1 1 1 1 1 10 100 10 10 10 10 10 100 100 10 0 10 1 10 0
1 1 10 10 1 10 10 1 10 1 1 0 0 1 10 10 1 0 0 10 1 10 10 10 10 10 1 10 10 1 1 1 10 1 10 1 1 10 10 10 10 10 1
1 0 0 0 0 1 1 0 0 1 1 0 0 0 0 0 1 1 0 0 1 1 1 0 0 0 0 1 0 1 1 1 0 1 1 1 1 0 0 0 0 0 0
1 0 1 0 1 1 0 0 1 0 0 1 0 0 1 0 1 0 0 0 0 1 1 1 1 1 0 1 0 0 0 1 1 0 0 0 0 1 1 1 1 1 0
1 1 10 1 1 10 1 0 10 0 0 10 0 1 0 1 1 0 0 1 1 1 1 10 10 1 0 10 1 0 0 1 1 1 1 0 0 1 10 1 10 1 1
0 1 1 10 0 1 10 1 1 1 1 10 0 0 1 0 0 0 0 10 1 1 1 1 1 1 1 1 10 1 1 0 1 1 10 1 1 1 1 1 1 1 1
100 0 10 1 1 10 1 1 10 1 10 1 1 1 1 0 0 1 1 1 1 10 10 10 10 1 0 10 1 10 1 100 10 10 1 10 10 10 1 10 10 10 0
1 0 0 0 0 1 1 0 0 1 1 0 1 0 0 0 1 0 0 0 1 1 1 0 0 0 0 1 0 1 1 1 0 1 1 1 1 0 0 0 0 0 0
1 0 1 1 0 0 0 1 1 0 1 0 0 0 0 0 1 0 0 1 0 0 0 1 1 0 0 0 1 1 0 1 1 1 0 1 1 1 0 1 1 1 0
1 1 10 100 0 1 10 10 10 1 10 10 0 0 1 10 1 0 1 0 1 1 1 10 10 1 1 1 100 10 1 1 10 10 10 10 10 10 1 10 10 10 1
1 1 1 1 0 10 10 0 1 1 1 1 1 0 1 1 1 1 0 1 0 1 1 1 1 0 0 10 1 1 1 1 0 10 10 1 1 0 1 0 1 0 1
10 0 1 1 1 10 10 1 1 10 10 10 1 1 1 1 10 1 0 1 1 0 100 1 1 10 1 10 1 10 10 10 10 1 10 10 10 10 1 10 1 10 0
10 0 1 1 1 10 10 1 1 10 10 10 1 1 1 1 10 1 0 1 1 100 0 1 1 10 1 10 1 10 10 10 10 1 10 10 10 10 1 10 1 10 0
10 1 100 10 1 10 1 1 100 0 1 10 0 1 10 1 10 0 1 10 1 1 1 0 100 1 0 10 10 1 0 10 10 10 1 1 1 10 10 10 100 10 1
10 1 100 10 1 10 1 1 100 0 1 10 0 1 10 1 10 0 1 10 1 1 1 100 0 1 0 10 10 1 0 10 10 10 1 1 1 10 10 10 100 10 1
1 0 1 1 1 1 1 1 1 1 1 10 0 1 1 1 1 0 0 1 0 10 10 1 1 0 1 1 1 1 1 1 10 0 1 1 1 10 1 10 1 10 0
0 0 0 1 0 0 1 1 0 1 1 1 0 0 0 1 0 0 0 1 0 1 1 0 0 1 0 0 1 1 1 0 1 0 1 1 1 1 0 1 0 1 0
10 1 10 1 1 100 10 0 10 1 1 10 1 1 10 1 10 1 0 1 10 10 10 10 10 1 0 0 1 1 1 10 1 10 10 1 1 1 10 1 10 1 1
1 1 10 100 0 1 10 10 10 1 10 10 0 0 1 10 1 0 1 100 1 1 1 10 10 1 1 1 0 10 1 1 10 10 10 10 10 10 1 10 10 10 1
10 0 1 10 0 1 10 10 1 10 100 1 1 0 0 1 10 1 1 10 1 10 10 1 1 1 1 1 10 0 10 10 10 10 10 100 100 10 0 10 1 10 0
1 0 0 1 0 1 10 1 0 10 10 1 1 0 0 1 1 1 0 1 1 10 10 0 0 1 1 1 1 10 0 1 1 1 10 10 10 1 0 1 0 1 0
100 0 10 1 1 10 1 1 10 1 10 1 1 1 1 0 100 1 1 1 1 10 10 10 10 1 0 10 1 10 1 0 10 10 1 10 10 10 1 10 10 10 0
10 0 10 10 1 1 1 10 10 1 10 10 0 1 1 1 10 0 1 10 0 10 10 10 10 10 1 1 10 10 1 10 0 1 1 10 10 100 1 100 10 100 0
10 1 10 10 0 10 10 1 10 1 10 1 1 0 1 1 10 1 1 10 10 1 1 10 10 0 0 10 10 10 1 10 1 0 10 10 10 1 1 1 10 1 1
1 1 1 10 0 10 100 1 1 10 10 10 1 0 1 10 1 1 0 10 10 10 10 1 1 1 1 10 10 10 10 1 1 10 0 10 10 1 1 1 1 1 1
10 0 1 10 0 1 10 10 1 10 100 1 1 0 0 1 10 1 1 10 1 10 10 1 1 1 1 1 10 100 10 10 10 10 10 0 100 10 0 10 1 10 0
10 0 1 10 0 1 10 10 1 10 100 1 1 0 0 1 10 1 1 10 1 10 10 1 1 1 1 1 10 100 10 10 10 10 10 100 0 10 0 10 1 10 0
10 0 10 10 1 1 1 10 10 1 10 10 0 1 1 1 10 0 1 10 0 10 10 10 10 10 1 1 10 10 1 10 100 1 1 10 10 0 1 100 10 100 0
1 1 10 1 1 10 1 0 10 0 0 10 0 1 10 1 1 0 0 1 1 1 1 10 10 1 0 10 1 0 0 1 1 1 1 0 0 1 0 1 10 1 1
10 0 10 10 1 1 1 10 10 1 10 10 0 1 1 1 10 0 1 10 0 10 10 10 10 10 1 1 10 10 1 10 100 1 1 10 10 100 1 0 10 100 0
10 1 100 10 1 10 1 1 100 0 1 10 0 1 10 1 10 0 1 10 1 1 1 100 100 1 0 10 10 1 0 10 10 10 1 1 1 10 10 10 0 10 1
10 0 10 10 1 1 1 10 10 1 10 10 0 1 1 1 10 0 1 10 0 10 10 10 10 10 1 1 10 10 1 10 100 1 1 10 10 100 1 100 10 0 0
0 1 1 1 0 1 1 0 1 0 0 1 0 0 1 1 0 0 0 1 1 0 0 1 1 0 0 1 1 0 0 0 0 1 1 0 0 0 1 0 1 0 0
4
3 2 3
4 5 3
5 1 3
6 2 3
3
4 4 
1 3
2 3
3 5
4 4
2 4 
1 4
1 4
2 6
2 6
1 2 
1 4
1 4
43 5
3 1 2 4
1 3
3 2 3 4
3 0 2 3
1 4
3 1 3 4
3 0 1 3
2 0 2
3 2 3 4
2 0 1
3 0 1 2
3 0 3 4
1 1
1 4
2 3 4
2 0 3
3 1 2 4
1 1
1 2
3 0 2 3
2 1 3
3 0 1 4
3 0 1 4
3 2 3 4
3 2 3 4
2 0 4
1 0
3 1 3 4
3 0 2 3
3 0 1 2
2 0 1
3 1 2 4
3 0 2 4
3 1 2 3
3 0 1 3
3 0 1 2
3 0 1 2
3 0 2 4
2 3 4
3 0 2 4
3 2 3 4
3 0 2 4
1 3
43 125
3 10 86 91
2 113 55
3 101 93 95
4 109 29 39 70
4 33 61 62 78
7 106 11 110 111 47 89 98
2 37 60
8 102 106 113 13 46 5 77 98
4 35 40 44 67
4 1 114 4 87
2 45 48
5 3 51 58 74 94
4 112 113 56 95
5 111 31 50 54 7
8 103 105 108 114 12 24 63 89
4 107 18 75 97
3 0 102 109
4 103 110 111 6
6 107 53 65 81 83 92
4 112 114 64 71
6 105 19 30 72 90 96
2 104 42
5 112 114 14 49 96
6 101 16 25 85 88 99
3 109 110 114
8 100 113 15 20 69 84 9 97
3 22 79 91
4 104 107 111 27
5 2 28 36 38 57
4 23 76 8 82
3 43 68 90
2 34 99
3 106 32 94
4 108 17 52 59
2 26 80
2 100 73
4 103 105 41 66
3 104 108 92
4 112 115 21 93
3 116 117 118
4 119 120 121 122
1 123
1 124
