77
0 1 1 1 1 1 1 1 0 1 1 0 1 0 1 1 1 10 1 1 10 1 1 0 1 10 0 1 0 0 100 1 0 0 10 0 1 1 10 1 1 10 10 10 1 10 1 1 0 10 10 1 10 1 0 10 10 10 100 1 1 0 10 1 1 1 1 1 1 1 10 1 0 1 1 1 10
1 0 0 0 0 0 0 10 1 10 0 1 10 1 0 10 0 10 1 10 1 10 10 1 0 0 10 0 0 1 1 1 1 0 1 1 1 0 1 1 1 10 0 1 1 10 1 1 0 1 1 0 10 0 0 10 0 0 1 1 1 0 10 0 1 10 10 10 1 1 1 0 1 1 10 0 0
1 0 0 100 10 100 1 1 0 1 1 1 1 10 100 1 1 0 0 1 1 1 1 1 1 1 1 1 10 0 1 10 0 1 1 0 10 100 1 10 10 1 10 1 0 1 10 10 1 10 10 1 0 1 1 0 10 10 1 10 1 1 0 100 10 1 0 1 0 1 10 1 10 1 1 100 10
1 0 100 0 10 100 1 1 0 1 1 1 1 10 100 1 1 0 0 1 1 1 1 1 1 1 1 1 10 0 1 10 0 1 1 0 10 100 1 10 10 1 10 1 0 1 10 10 1 10 10 1 0 1 1 0 10 10 1 10 1 1 0 100 10 1 0 1 0 1 10 1 10 1 1 100 10
1 0 10 10 0 10 10 1 0 1 10 1 1 10 10 1 10 1 1 0 0 1 1 1 0 1 1 0 10 0 1 1 0 1 10 0 1 10 0 10 1 0 10 1 1 0 1 1 1 1 1 10 1 10 1 1 10 10 1 1 10 1 1 10 10 1 0 1 1 1 1 10 10 10 1 10 10
1 0 100 100 10 0 1 1 0 1 1 1 1 10 100 1 1 0 0 1 1 1 1 1 1 1 1 1 10 0 1 10 0 1 1 0 10 100 1 10 10 1 10 1 0 1 10 10 1 10 10 1 0 1 1 0 10 10 1 10 1 1 0 100 10 1 0 1 0 1 10 1 10 1 1 100 10
1 0 1 1 10 1 0 1 0 0 1 1 1 1 1 0 10 1 1 0 0 1 1 0 0 1 1 0 1 0 1 0 0 0 10 0 1 1 0 1 0 0 10 1 1 0 0 0 0 1 0 1 1 1 1 1 10 10 1 1 1 1 1 1 1 0 0 0 1 1 0 10 1 1 1 1 1
1 10 1 1 1 1 1 0 1 10 0 10 100 1 1 1 1 10 0 1 1 10 100 1 0 0 10 0 1 1 1 0 1 0 10 0 10 1 1 10 1 1 1 1 0 10 1 1 0 10 1 0 1 0 1 10 1 1 1 1 1 1 1 1 10 1 1 1 1 10 1 1 10 0 100 1 0
0 1 0 0 0 0 0 1 0 1 0 1 1 0 0 0 0 1 0 1 0 0 1 1 0 0 1 0 0 1 0 0 1 0 0 0 1 0 0 0 1 0 0 1 0 1 1 1 0 0 0 0 0 0 0 1 0 0 0 0 1 0 0 0 0 0 0 0 1 0 0 0 1 0 1 0 0
1 10 1 1 1 1 0 10 1 0 1 1 10 1 1 10 0 10 0 1 1 1 10 10 0 0 1 0 1 1 1 1 1 1 1 0 1 1 1 10 10 1 0 1 0 10 10 10 1 1 10 1 1 1 0 10 0 0 1 0 10 0 1 1 10 10 1 10 1 1 10 0 10 1 10 1 1
1 0 1 1 10 1 1 0 0 1 0 0 0 1 1 1 1 1 1 0 0 0 0 1 0 1 0 0 1 0 1 1 0 1 1 0 0 1 0 1 1 0 1 1 1 0 1 1 1 0 1 10 1 10 0 1 1 1 1 0 10 0 1 1 1 1 0 1 1 0 1 1 1 10 0 1 10
0 1 1 1 1 1 1 10 1 1 0 0 10 1 1 0 1 1 0 1 0 1 10 1 0 0 10 0 1 1 0 0 1 0 1 0 10 1 0 1 1 0 1 1 0 1 1 1 0 1 0 0 0 0 1 1 1 1 0 1 1 1 0 1 1 0 0 0 1 1 0 1 10 0 10 1 0
1 10 1 1 1 1 1 100 1 10 0 10 0 1 1 1 1 10 0 1 1 10 100 1 0 0 10 0 1 1 1 0 1 0 10 0 10 1 1 10 1 1 1 1 0 10 1 1 0 10 1 0 1 0 1 10 1 1 1 1 1 1 1 1 10 1 1 1 1 10 1 1 10 0 100 1 0
0 1 10 10 10 10 1 1 0 1 1 1 1 0 10 10 1 0 1 1 0 10 1 1 0 0 10 0 10 0 0 10 0 1 1 1 1 10 0 10 1 1 1 0 1 0 1 1 1 1 1 1 1 1 1 0 1 1 0 10 1 1 1 10 10 10 1 10 0 1 1 1 10 10 1 10 1
1 0 100 100 10 100 1 1 0 1 1 1 1 10 0 1 1 0 0 1 1 1 1 1 1 1 1 1 10 0 1 10 0 1 1 0 10 100 1 10 10 1 10 1 0 1 10 10 1 10 10 1 0 1 1 0 10 10 1 10 1 1 0 100 10 1 0 1 0 1 10 1 10 1 1 100 10
1 10 1 1 1 1 0 1 0 10 1 0 1 10 1 0 0 1 1 1 1 10 1 1 0 0 1 0 1 0 1 10 0 1 1 1 0 1 1 10 1 10 0 0 1 1 1 1 1 1 10 1 10 1 0 1 0 0 1 1 1 0 10 1 10 100 10 100 0 1 10 0 1 10 1 1 1
1 0 1 1 10 1 10 1 0 0 1 1 1 1 1 0 0 1 1 0 0 1 1 0 0 1 1 0 1 0 1 0 0 0 10 0 1 1 0 1 0 0 10 1 1 0 0 0 0 1 0 1 1 1 1 1 10 10 1 1 1 1 1 1 1 0 0 0 1 1 0 10 1 1 1 1 1
10 10 0 0 1 0 1 10 1 10 1 1 10 0 0 1 1 0 1 1 1 1 10 1 0 1 1 0 0 1 10 0 1 0 10 0 1 0 1 1 1 1 1 10 1 10 1 1 0 1 1 1 10 1 0 100 1 1 10 0 10 0 10 0 1 1 1 1 10 1 1 1 1 1 10 0 1
1 1 0 0 1 0 1 0 0 0 1 0 0 1 0 1 1 1 0 1 0 1 0 0 0 1 1 0 0 0 1 1 0 0 1 1 0 0 0 0 0 1 1 1 10 0 0 0 0 0 0 1 10 1 0 1 1 1 1 1 1 0 10 0 0 1 1 1 1 0 0 1 0 10 0 0 1
1 10 1 1 0 1 0 1 1 1 0 1 1 1 1 1 0 1 1 0 1 1 1 1 1 1 10 1 0 1 1 10 1 0 0 1 10 1 1 0 10 10 1 10 1 10 10 10 0 1 1 0 1 0 0 1 1 1 1 10 1 0 1 1 0 1 1 1 1 0 1 0 1 1 1 1 1
10 1 1 1 0 1 0 1 0 1 0 0 1 0 1 1 0 1 0 1 0 1 1 0 1 1 0 1 0 0 10 1 0 0 1 0 1 1 10 1 1 10 1 1 0 10 1 1 0 10 10 0 1 0 0 1 1 1 10 1 0 0 1 1 1 1 1 1 0 1 10 0 0 0 1 1 1
1 10 1 1 1 1 1 10 0 1 0 1 10 10 1 10 1 1 1 1 1 0 10 0 0 0 10 0 1 0 1 1 0 0 10 1 1 1 1 10 0 10 1 0 1 1 0 0 0 10 1 0 10 0 1 1 1 1 1 10 0 1 10 1 10 10 10 10 0 10 1 1 1 1 10 1 0
1 10 1 1 1 1 1 100 1 10 0 10 100 1 1 1 1 10 0 1 1 10 0 1 0 0 10 0 1 1 1 0 1 0 10 0 10 1 1 10 1 1 1 1 0 10 1 1 0 10 1 0 1 0 1 10 1 1 1 1 1 1 1 1 10 1 1 1 1 10 1 1 10 0 100 1 0
0 1 1 1 1 1 0 1 1 10 1 1 1 1 1 1 0 1 0 1 0 0 1 0 0 0 1 0 1 1 0 1 1 1 0 0 1 1 0 1 10 0 0 1 0 1 10 10 1 0 1 1 0 1 0 1 0 0 0 0 10 0 0 1 1 1 0 1 1 0 1 0 10 1 1 1 1
1 0 1 1 0 1 0 0 0 0 0 0 0 0 1 0 0 0 0 1 1 0 0 0 0 1 0 1 0 0 1 1 0 0 0 0 1 1 1 0 1 1 1 1 0 1 1 1 0 1 1 0 0 0 0 0 1 1 1 1 0 0 0 1 0 0 0 0 0 0 1 0 0 0 0 1 1
10 0 1 1 1 1 1 0 0 0 1 0 0 0 1 0 1 1 1 1 1 0 0 0 1 0 0 1 0 0 10 1 0 0 1 0 1 1 1 0 1 1 10 10 1 1 1 1 0 1 1 1 1 1 0 1 10 10 10 1 1 0 1 1 0 0 0 0 1 0 1 1 0 1 0 1 10
0 10 1 1 1 1 1 10 1 1 0 10 10 10 1 1 1 1 1 10 0 10 10 1 0 0 0 0 1 1 0 1 1 0 1 1 10 1 0 1 1 1 1 1 1 1 1 1 0 1 0 0 1 0 1 1 1 1 0 10 1 1 1 1 1 1 1 1 1 1 0 1 10 1 10 1 0
1 0 1 1 0 1 0 0 0 0 0 0 0 0 1 0 0 0 0 1 1 0 0 0 1 1 0 0 0 0 1 1 0 0 0 0 1 1 1 0 1 1 1 1 0 1 1 1 0 1 1 0 0 0 0 0 1 1 1 1 0 0 0 1 0 0 0 0 0 0 1 0 0 0 0 1 1
0 0 10 10 10 10 1 1 0 1 1 1 1 10 10 1 1 0 0 0 0 1 1 1 0 0 1 0 0 0 0 1 0 1 1 0 1 10 0 10 1 0 1 0 0 0 1 1 1 1 1 1 0 1 1 0 1 1 0 1 1 1 0 10 10 1 0 1 0 1 1 1 10 1 1 10 1
0 1 0 0 0 0 0 1 1 1 0 1 1 0 0 0 0 1 0 1 0 0 1 1 0 0 1 0 0 0 0 0 1 0 0 0 1 0 0 0 1 0 0 1 0 1 1 1 0 0 0 0 0 0 0 1 0 0 0 0 1 0 0 0 0 0 0 0 1 0 0 0 1 0 1 0 0
100 1 1 1 1 1 1 1 0 1 1 0 1 0 1 1 1 10 1 1 10 1 1 0 1 10 0 1 0 0 0 1 0 0 10 0 1 1 10 1 1 10 10 10 1 10 1 1 0 10 10 1 10 1 0 10 10 10 100 1 1 0 10 1 1 1 1 1 1 1 10 1 0 1 1 1 10
1 1 10 10 1 10 0 0 0 1 1 0 0 10 10 10 0 0 1 10 1 1 0 1 1 1 1 1 1 0 1 0 0 1 0 1 1 10 1 1 10 10 1 1 1 1 10 10 1 1 10 1 1 1 0 0 1 1 1 10 1 0 1 10 1 10 1 10 0 0 10 0 1 10 0 10 10
0 1 0 0 0 0 0 1 1 1 0 1 1 0 0 0 0 1 0 1 0 0 1 1 0 0 1 0 0 1 0 0 0 0 0 0 1 0 0 0 1 0 0 1 0 1 1 1 0 0 0 0 0 0 0 1 0 0 0 0 1 0 0 0 0 0 0 0 1 0 0 0 1 0 1 0 0
0 0 1 1 1 1 0 0 0 1 1 0 0 1 1 1 0 0 0 0 0 0 0 1 0 0 0 0 1 0 0 1 0 0 0 0 0 1 0 1 1 0 0 0 0 0 1 1 1 0 1 1 0 1 0 0 0 0 0 0 1 0 0 1 1 1 0 1 0 0 1 0 1 1 0 1 1
10 1 1 1 10 1 10 10 0 1 1 1 10 1 1 1 10 10 1 0 1 10 10 0 0 1 1 0 1 0 10 0 0 0 0 0 1 1 1 10 0 1 10 1 1 1 0 0 0 10 1 1 10 1 1 10 10 10 10 1 1 1 10 1 10 1 1 1 1 10 1 10 1 1 10 1 1
0 1 0 0 0 0 0 0 0 0 0 0 0 1 0 1 0 0 1 1 0 1 0 0 0 0 1 0 0 0 0 1 0 0 0 0 0 0 0 0 0 1 0 0 1 0 0 0 0 0 0 0 1 0 0 0 0 0 0 1 0 0 1 0 0 1 1 1 0 0 0 0 0 1 0 0 0
1 1 10 10 1 10 1 10 1 1 0 10 10 1 10 0 1 1 0 10 1 1 10 1 1 1 10 1 1 1 1 1 1 0 1 0 0 10 1 1 10 1 10 10 0 10 10 10 0 10 1 0 0 0 1 1 10 10 1 10 1 1 0 10 1 0 0 0 1 1 1 1 10 0 10 10 1
1 0 100 100 10 100 1 1 0 1 1 1 1 10 100 1 1 0 0 1 1 1 1 1 1 1 1 1 10 0 1 10 0 1 1 0 10 0 1 10 10 1 10 1 0 1 10 10 1 10 10 1 0 1 1 0 10 10 1 10 1 1 0 100 10 1 0 1 0 1 10 1 10 1 1 100 10
10 1 1 1 0 1 0 1 0 1 0 0 1 0 1 1 0 1 0 1 10 1 1 0 1 1 0 1 0 0 10 1 0 0 1 0 1 1 0 1 1 10 1 1 0 10 1 1 0 10 10 0 1 0 0 1 1 1 10 1 0 0 1 1 1 1 1 1 0 1 10 0 0 0 1 1 1
1 1 10 10 10 10 1 10 0 10 1 1 10 10 10 10 1 1 0 0 1 10 10 1 0 0 1 0 10 0 1 1 0 1 10 0 1 10 1 0 1 1 1 0 0 1 1 1 1 10 10 1 1 1 1 1 1 1 1 1 1 1 1 10 100 10 1 10 0 10 10 1 10 1 10 10 1
1 1 10 10 1 10 0 1 1 10 1 1 1 1 10 1 0 1 0 10 1 0 1 10 1 1 1 1 1 1 1 10 1 1 0 0 10 10 1 1 0 1 1 10 0 10 100 100 1 1 10 1 0 1 0 1 1 1 1 1 10 0 0 10 1 1 0 1 1 0 10 0 10 1 1 10 10
10 10 1 1 0 1 0 1 0 1 0 0 1 1 1 10 0 1 1 10 10 10 1 0 1 1 1 1 0 0 10 10 0 0 1 1 1 1 10 1 1 0 1 1 1 10 1 1 0 10 10 0 10 0 0 1 1 1 10 10 0 0 10 1 1 10 10 10 0 1 10 0 0 1 1 1 1
10 0 10 10 10 10 10 1 0 0 1 1 1 1 10 0 10 1 1 1 1 1 1 0 1 10 1 1 1 0 10 1 0 0 10 0 10 10 1 1 1 1 0 10 1 1 1 1 0 10 1 1 1 1 1 1 100 100 10 10 1 1 1 10 1 0 0 0 1 1 1 10 1 1 1 10 10
10 1 1 1 1 1 1 1 1 1 1 1 1 0 1 0 1 10 1 10 1 0 1 1 1 10 1 1 0 1 10 1 1 0 1 0 10 1 1 0 10 1 10 0 1 10 10 10 0 1 1 1 1 1 0 10 10 10 10 1 10 0 1 1 0 0 0 0 10 0 1 1 1 1 1 1 10
1 1 0 0 1 0 1 0 0 0 1 0 0 1 0 1 1 1 10 1 0 1 0 0 0 1 1 0 0 0 1 1 0 0 1 1 0 0 0 0 0 1 1 1 0 0 0 0 0 0 0 1 10 1 0 1 1 1 1 1 1 0 10 0 0 1 1 1 1 0 0 1 0 10 0 0 1
10 10 1 1 0 1 0 10 1 10 0 1 10 0 1 1 0 10 0 10 10 1 10 1 1 1 1 1 0 1 10 1 1 0 1 0 10 1 10 1 10 10 1 10 0 0 10 10 0 10 10 0 1 0 0 10 1 1 10 1 1 0 1 1 1 1 1 1 1 1 10 0 1 0 10 1 1
1 1 10 10 1 10 0 1 1 10 1 1 1 1 10 1 0 1 0 10 1 0 1 10 1 1 1 1 1 1 1 10 1 1 0 0 10 10 1 1 100 1 1 10 0 10 0 100 1 1 10 1 0 1 0 1 1 1 1 1 10 0 0 10 1 1 0 1 1 0 10 0 10 1 1 10 10
1 1 10 10 1 10 0 1 1 10 1 1 1 1 10 1 0 1 0 10 1 0 1 10 1 1 1 1 1 1 1 10 1 1 0 0 10 10 1 1 100 1 1 10 0 10 100 0 1 1 10 1 0 1 0 1 1 1 1 1 10 0 0 10 1 1 0 1 1 0 10 0 10 1 1 10 10
0 0 1 1 1 1 0 0 0 1 1 0 0 1 1 1 0 0 0 0 0 0 0 1 0 0 0 0 1 0 0 1 0 1 0 0 0 1 0 1 1 0 0 0 0 0 1 1 0 0 1 1 0 1 0 0 0 0 0 0 1 0 0 1 1 1 0 1 0 0 1 0 1 1 0 1 1
10 1 10 10 1 10 1 10 0 1 0 1 10 1 10 1 1 1 0 1 10 10 10 0 1 1 1 1 1 0 10 1 0 0 10 0 10 10 10 10 1 10 10 1 0 10 1 1 0 0 10 0 1 0 1 1 10 10 10 10 0 1 1 10 10 1 1 1 0 10 10 1 1 0 10 10 1
10 1 10 10 1 10 0 1 0 10 1 0 1 1 10 10 0 1 0 1 10 1 1 1 1 1 0 1 1 0 10 10 0 1 1 0 1 10 10 10 10 10 1 1 0 10 10 10 1 10 0 1 1 1 0 1 1 1 10 1 1 0 1 10 10 10 1 10 0 1 100 0 1 1 1 10 10
1 0 1 1 10 1 1 0 0 1 10 0 0 1 1 1 1 1 1 0 0 0 0 1 0 1 0 0 1 0 1 1 0 1 1 0 0 1 0 1 1 0 1 1 1 0 1 1 1 0 1 0 1 10 0 1 1 1 1 0 10 0 1 1 1 1 0 1 1 0 1 1 1 10 0 1 10
10 10 0 0 1 0 1 1 0 1 1 0 1 1 0 10 1 10 10 1 1 10 1 0 0 1 1 0 0 0 10 1 0 0 10 1 0 0 1 1 0 10 1 1 10 1 0 0 0 1 1 1 0 1 0 10 1 1 10 1 1 0 100 0 1 10 10 10 1 1 1 1 0 10 1 0 1
1 0 1 1 10 1 1 0 0 1 10 0 0 1 1 1 1 1 1 0 0 0 0 1 0 1 0 0 1 0 1 1 0 1 1 0 0 1 0 1 1 0 1 1 1 0 1 1 1 0 1 10 1 0 0 1 1 1 1 0 10 0 1 1 1 1 0 1 1 0 1 1 1 10 0 1 10
0 0 1 1 1 1 1 1 0 0 0 1 1 1 1 0 1 0 0 0 0 1 1 0 0 0 1 0 1 0 0 0 0 0 1 0 1 1 0 1 0 0 1 0 0 0 0 0 0 1 0 0 0 0 0 0 1 1 0 1 0 1 0 1 1 0 0 0 0 1 0 1 1 0 1 1 0
10 10 0 0 1 0 1 10 1 10 1 1 10 0 0 1 1 100 1 1 1 1 10 1 0 1 1 0 0 1 10 0 1 0 10 0 1 0 1 1 1 1 1 10 1 10 1 1 0 1 1 1 10 1 0 0 1 1 10 0 10 0 10 0 1 1 1 1 10 1 1 1 1 1 10 0 1
10 0 10 10 10 10 10 1 0 0 1 1 1 1 10 0 10 1 1 1 1 1 1 0 1 10 1 1 1 0 10 1 0 0 10 0 10 10 1 1 1 1 100 10 1 1 1 1 0 10 1 1 1 1 1 1 0 100 10 10 1 1 1 10 1 0 0 0 1 1 1 10 1 1 1 10 10
10 0 10 10 10 10 10 1 0 0 1 1 1 1 10 0 10 1 1 1 1 1 1 0 1 10 1 1 1 0 10 1 0 0 10 0 10 10 1 1 1 1 100 10 1 1 1 1 0 10 1 1 1 1 1 1 100 0 10 10 1 1 1 10 1 0 0 0 1 1 1 10 1 1 1 10 10
100 1 1 1 1 1 1 1 0 1 1 0 1 0 1 1 1 10 1 1 10 1 1 0 1 10 0 1 0 0 100 1 0 0 10 0 1 1 10 1 1 10 10 10 1 10 1 1 0 10 10 1 10 1 0 10 10 10 0 1 1 0 10 1 1 1 1 1 1 1 10 1 0 1 1 1 10
1 1 10 10 1 10 1 1 0 0 0 1 1 10 10 1 1 0 1 10 1 10 1 0 1 1 10 1 1 0 1 10 0 0 1 1 10 10 1 1 1 10 10 1 1 1 1 1 0 10 1 0 1 0 1 0 10 10 1 0 0 1 1 10 1 1 1 1 0 1 1 1 1 1 1 10 1
1 1 1 1 10 1 1 1 1 10 10 1 1 1 1 1 1 10 1 1 0 0 1 10 0 1 1 0 1 1 1 1 1 1 1 0 1 1 0 1 10 0 1 10 1 1 10 10 1 0 1 10 1 10 0 10 1 1 1 0 0 0 1 1 1 1 0 1 10 0 1 1 10 10 1 1 10
0 0 1 1 1 1 1 1 0 0 0 1 1 1 1 0 1 0 0 0 0 1 1 0 0 0 1 0 1 0 0 0 0 0 1 0 1 1 0 1 0 0 1 0 0 0 0 0 0 1 0 0 0 0 1 0 1 1 0 1 0 0 0 1 1 0 0 0 0 1 0 1 1 0 1 1 0
10 10 0 0 1 0 1 1 0 1 1 0 1 1 0 10 1 10 10 1 1 10 1 0 0 1 1 0 0 0 10 1 0 0 10 1 0 0 1 1 0 10 1 1 10 1 0 0 0 1 1 1 100 1 0 10 1 1 10 1 1 0 0 0 1 10 10 10 1 1 1 1 0 10 1 0 1
1 0 100 100 10 100 1 1 0 1 1 1 1 10 100 1 1 0 0 1 1 1 1 1 1 1 1 1 10 0 1 10 0 1 1 0 10 100 1 10 10 1 10 1 0 1 10 10 1 10 10 1 0 1 1 0 10 10 1 10 1 1 0 0 10 1 0 1 0 1 10 1 10 1 1 100 10
1 1 10 10 10 10 1 10 0 10 1 1 10 10 10 10 1 1 0 0 1 10 10 1 0 0 1 0 10 0 1 1 0 1 10 0 1 10 1 100 1 1 1 0 0 1 1 1 1 10 10 1 1 1 1 1 1 1 1 1 1 1 1 10 0 10 1 10 0 10 10 1 10 1 10 10 1
1 10 1 1 1 1 0 1 0 10 1 0 1 10 1 100 0 1 1 1 1 10 1 1 0 0 1 0 1 0 1 10 0 1 1 1 0 1 1 10 1 10 0 0 1 1 1 1 1 1 10 1 10 1 0 1 0 0 1 1 1 0 10 1 10 0 10 100 0 1 10 0 1 10 1 1 1
1 10 0 0 0 0 0 1 0 1 0 0 1 1 0 10 0 1 1 1 1 10 1 0 0 0 1 0 0 0 1 1 0 0 1 1 0 0 1 1 0 10 0 0 1 1 0 0 0 1 1 0 10 0 0 1 0 0 1 1 0 0 10 0 1 10 0 10 0 1 1 0 0 1 1 0 0
1 10 1 1 1 1 0 1 0 10 1 0 1 10 1 100 0 1 1 1 1 10 1 1 0 0 1 0 1 0 1 10 0 1 1 1 0 1 1 10 1 10 0 0 1 1 1 1 1 1 10 1 10 1 0 1 0 0 1 1 1 0 10 1 10 100 10 0 0 1 10 0 1 10 1 1 1
1 1 0 0 1 0 1 1 1 1 1 1 1 0 0 0 1 10 1 1 0 0 1 1 0 1 1 0 0 1 1 0 1 0 1 0 1 0 0 0 1 0 1 10 1 1 1 1 0 0 0 1 1 1 0 10 1 1 1 0 10 0 1 0 0 0 0 0 0 0 0 1 1 1 1 0 1
1 1 1 1 1 1 1 10 0 1 0 1 10 1 1 1 1 1 0 0 1 10 10 0 0 0 1 0 1 0 1 0 0 0 10 0 1 1 1 10 0 1 1 0 0 1 0 0 0 10 1 0 1 0 1 1 1 1 1 1 0 1 1 1 10 1 1 1 0 0 1 1 1 0 10 1 0
10 1 10 10 1 10 0 1 0 10 1 0 1 1 10 10 0 1 0 1 10 1 1 1 1 1 0 1 1 0 10 10 0 1 1 0 1 10 10 10 10 10 1 1 0 10 10 10 1 10 100 1 1 1 0 1 1 1 10 1 1 0 1 10 10 10 1 10 0 1 0 0 1 1 1 10 10
1 0 1 1 10 1 10 1 0 0 1 1 1 1 1 0 10 1 1 0 0 1 1 0 0 1 1 0 1 0 1 0 0 0 10 0 1 1 0 1 0 0 10 1 1 0 0 0 0 1 0 1 1 1 1 1 10 10 1 1 1 1 1 1 1 0 0 0 1 1 0 0 1 1 1 1 1
0 1 10 10 10 10 1 10 1 10 1 10 10 10 10 1 1 1 0 1 0 1 10 10 0 0 10 0 10 1 0 1 1 1 1 0 10 10 0 10 10 0 1 1 0 1 10 10 1 1 1 1 0 1 1 1 1 1 0 1 10 1 0 10 10 1 0 1 1 1 1 1 0 1 10 10 1
1 1 1 1 10 1 1 0 0 1 10 0 0 10 1 10 1 1 10 1 0 1 0 1 0 1 1 0 1 0 1 10 0 1 1 1 0 1 0 1 1 1 1 1 10 0 1 1 1 0 1 10 10 10 0 1 1 1 1 1 10 0 10 1 1 10 1 10 1 0 1 1 1 0 0 1 10
1 10 1 1 1 1 1 100 1 10 0 10 100 1 1 1 1 10 0 1 1 10 100 1 0 0 10 0 1 1 1 0 1 0 10 0 10 1 1 10 1 1 1 1 0 10 1 1 0 10 1 0 1 0 1 10 1 1 1 1 1 1 1 1 10 1 1 1 1 10 1 1 10 0 0 1 0
1 0 100 100 10 100 1 1 0 1 1 1 1 10 100 1 1 0 0 1 1 1 1 1 1 1 1 1 10 0 1 10 0 1 1 0 10 100 1 10 10 1 10 1 0 1 10 10 1 10 10 1 0 1 1 0 10 10 1 10 1 1 0 100 10 1 0 1 0 1 10 1 10 1 1 0 10
10 0 10 10 10 10 1 0 0 1 10 0 0 1 10 1 1 1 1 1 1 0 0 1 1 10 0 1 1 0 10 10 0 1 1 0 1 10 1 1 10 1 10 10 1 1 10 10 1 1 10 10 1 10 0 1 10 10 10 1 10 0 1 10 1 1 0 1 1 0 10 1 1 10 0 10 0
4
3 2 3
4 9 3
5 1 3
6 5 3
4
4 4 
1 3
2 3
3 5
4 4
2 4 
1 4
1 4
2 6
2 6
3 7 
1 4
1 4
2 6
2 6
2 6
3 4
3 4
1 2 
1 4
1 4
77 7
3 2 3 5
3 0 2 4
3 1 5 6
3 1 5 6
3 1 3 6
3 1 5 6
2 3 6
3 0 2 6
1 0
3 0 1 2
2 1 3
2 0 6
3 0 2 6
3 1 4 6
3 1 5 6
3 1 2 4
2 3 6
3 0 2 3
2 3 4
3 0 4 5
2 2 5
3 2 4 6
3 0 2 6
2 0 1
1 5
2 3 5
3 0 4 6
1 5
2 1 6
1 0
3 2 3 5
3 1 4 5
1 0
1 1
3 2 3 6
1 4
3 0 5 6
3 1 5 6
2 2 5
3 1 2 6
3 0 1 5
3 2 4 5
3 3 5 6
3 0 3 5
2 3 4
3 0 2 5
3 0 1 5
3 0 1 5
1 1
3 2 5 6
3 1 2 5
2 1 3
3 2 3 4
2 1 3
1 6
3 0 2 3
3 3 5 6
3 3 5 6
3 2 3 5
3 4 5 6
3 0 1 3
1 6
3 2 3 4
3 1 5 6
3 1 2 6
3 1 2 4
2 2 4
3 1 2 4
2 0 3
2 2 6
3 1 2 5
2 3 6
3 0 1 6
3 1 3 4
3 0 2 6
3 1 5 6
3 1 3 5
77 238
5 135 161 196 200 207
6 165 34 48 63 7 82
5 108 114 116 32 4
2 203 207
3 13 170 95
7 119 188 190 191 47 64 76
7 1 113 136 169 174 192 61
3 131 180 66
6 168 181 189 27 54 68
2 181 46
8 130 161 164 172 207 21 6 77
4 191 204 84 92
3 107 145 45
8 109 124 143 148 177 184 202 78
6 120 126 127 164 43 5
8 167 183 186 193 199 203 67 97
8 101 191 195 38 41 71 75 90
6 0 100 162 166 206 83
3 10 174 26
1 186
4 111 134 156 183
4 138 194 200 24
2 117 146
4 186 193 198 49
4 141 151 204 98
3 142 147 199
2 171 19
6 150 190 197 2 204 44
4 188 197 20 28
4 129 194 31 70
2 166 57
5 128 169 182 196 53
8 155 157 159 171 18 185 87 89
2 15 9
6 104 154 185 187 192 96
2 179 37
4 170 175 35 72
2 11 123
8 153 16 168 180 193 198 201 69
2 14 30
4 139 29 86 93
3 140 195 85
2 125 158
5 163 17 172 33 80
1 187
6 179 188 195 200 203 73
2 201 81
2 133 187
4 199 207 36 56
3 132 137 206
4 144 173 202 206
4 102 103 51 55
3 12 160 167
3 110 149 205
3 106 189 190
8 189 201 202 207 25 58 59 99
2 177 202
2 178 203
4 192 22 40 62
3 201 205 65
4 121 194 205 23
4 115 176 205 39
4 160 163 60 94
4 118 122 182 91
3 105 165 175
3 152 173 42
2 198 8
5 112 176 196 206 50
4 184 52 79 88
4 197 204 3 74
5 162 178 208 209 210
5 211 212 213 214 215
4 216 217 218 219
5 220 221 222 223 224
6 225 226 227 228 229 230
4 231 232 233 234
3 235 236 237
