86
0 0 0 1 1 0 0 0 1 0 1 1 1 1 0 1 1 1 0 0 0 0 0 0 1 0 0 1 1 0 1 0 1 0 0 1 10 0 0 0 1 1 10 1 1 0 0 1 1 1 0 1 0 1 1 0 1 0 0 10 1 0 0 10 0 0 0 0 0 1 0 0 10 0 1 0 0 0 0 1 0 0 0 0 0 0
0 0 10 1 0 10 10 1 1 1 0 1 1 1 1 0 0 1 1 1 10 1 1 1 1 1 10 1 1 1 10 10 10 1 10 1 0 1 10 1 1 10 0 1 0 10 10 1 1 0 1 0 10 0 10 10 0 1 10 0 1 10 10 1 1 1 10 10 10 0 0 1 1 0 0 0 1 10 10 10 1 0 10 10 0 10
0 10 0 1 1 1 1 0 1 1 0 1 1 0 1 1 1 1 10 0 10 10 1 10 0 10 10 0 1 10 1 10 1 1 10 1 0 0 10 1 1 1 0 1 0 10 10 1 10 1 1 1 10 0 1 10 0 1 10 0 1 1 10 0 0 1 10 10 10 0 1 10 1 0 0 1 0 100 10 1 10 0 10 10 1 1
1 1 1 0 0 1 0 1 0 10 0 10 1 10 10 1 10 0 10 1 0 1 1 10 1 1 10 1 10 0 0 1 0 1 1 1 1 1 1 10 10 10 1 0 1 1 0 1 10 1 1 1 10 1 1 1 1 10 0 10 0 0 0 1 0 0 1 0 1 10 0 1 1 1 1 1 0 1 1 1 1 1 10 1 1 0
1 0 1 0 0 0 0 0 10 0 1 0 0 0 0 1 1 1 1 0 1 1 1 1 0 1 0 1 0 1 1 1 1 0 1 0 1 0 1 0 1 0 1 10 0 1 1 0 1 1 0 1 0 1 1 0 1 0 1 1 10 0 1 1 0 1 0 1 0 0 1 1 1 0 1 1 0 1 1 1 1 0 0 1 1 0
0 10 1 1 0 0 1 1 1 1 0 0 0 1 1 0 0 0 1 1 1 1 1 1 1 1 1 1 1 0 1 10 1 1 10 0 0 1 10 1 1 10 0 1 0 10 1 0 1 0 0 0 1 0 10 1 0 1 1 0 1 1 1 1 1 1 1 1 1 0 0 0 0 0 0 0 1 1 10 10 0 0 1 10 0 1
0 10 1 0 0 1 0 1 1 0 0 1 1 1 0 0 0 1 0 1 10 0 1 0 1 0 1 1 0 1 10 1 10 0 1 1 0 1 1 0 0 1 0 1 0 1 10 1 0 0 1 0 1 0 1 1 0 0 10 0 1 10 10 1 1 1 1 10 1 0 0 1 1 0 0 0 1 1 1 1 1 0 1 1 0 10
0 1 0 1 0 1 1 0 1 1 0 1 1 10 1 0 1 1 1 10 1 1 10 1 1 0 1 10 1 1 1 1 1 1 1 1 1 100 1 1 1 1 1 1 0 1 1 0 0 0 10 1 1 1 1 1 1 1 1 1 1 1 1 1 10 1 1 1 0 10 1 1 0 1 10 10 1 0 1 1 1 10 1 1 10 10
1 1 1 0 10 1 1 1 0 0 1 0 0 1 0 1 1 1 1 1 10 1 10 1 1 1 0 10 0 1 10 10 10 0 10 0 1 1 10 0 1 1 1 100 0 10 10 0 1 1 0 1 0 1 10 0 1 0 10 1 100 1 10 10 1 10 0 10 0 0 1 1 1 0 1 1 1 1 10 10 1 0 0 10 1 1
0 1 1 10 0 1 0 1 0 0 0 1 0 1 10 0 1 0 10 1 0 1 1 10 0 1 10 1 1 0 0 1 0 1 1 0 0 1 1 10 10 1 0 0 0 1 0 0 1 0 1 0 10 1 1 1 1 10 0 1 0 0 0 0 0 0 1 0 1 1 0 1 0 1 1 1 0 1 1 1 1 1 10 1 1 0
1 0 0 0 1 0 0 0 1 0 0 0 0 0 0 0 0 1 0 0 0 0 0 0 0 0 0 1 0 0 1 0 1 0 0 0 1 0 0 0 1 0 1 1 0 0 0 0 0 0 0 0 0 1 1 0 1 0 0 1 1 0 0 1 0 0 0 0 0 0 0 0 1 0 1 0 0 0 0 1 0 0 0 0 0 0
1 1 1 10 0 0 1 1 0 1 0 0 10 10 1 1 10 1 1 1 1 0 1 1 1 0 10 1 1 1 1 0 1 0 0 10 1 1 0 1 1 1 1 0 1 0 1 10 1 1 10 1 10 1 0 1 1 1 1 10 0 1 1 1 0 0 1 1 1 10 0 10 10 1 1 1 0 1 0 0 10 1 10 0 1 1
1 1 1 1 0 0 1 1 0 0 0 10 0 1 0 1 1 10 0 0 1 1 0 0 1 0 1 0 10 10 1 0 1 1 0 100 10 1 0 0 0 1 10 0 1 0 1 10 1 1 10 10 1 0 0 10 0 0 1 1 0 1 1 1 1 0 10 1 1 10 1 1 10 0 1 1 0 1 0 0 1 1 1 0 1 10
1 1 0 10 0 1 1 10 1 1 0 10 1 0 1 1 10 0 1 10 1 0 10 1 10 0 1 10 1 0 1 1 1 0 1 1 1 10 1 1 1 10 1 1 1 1 1 1 1 1 1 1 1 1 1 0 1 1 1 10 1 1 1 10 1 1 0 1 0 10 0 1 1 1 1 1 1 0 1 1 1 1 1 1 1 1
0 1 1 10 0 1 0 1 0 10 0 1 0 1 0 0 1 0 10 1 0 1 1 10 0 1 10 1 1 0 0 1 0 1 1 0 0 1 1 10 10 1 0 0 0 1 0 0 1 0 1 0 10 1 1 1 1 10 0 1 0 0 0 0 0 0 1 0 1 1 0 1 0 1 1 1 0 1 1 1 1 1 10 1 1 0
1 0 1 1 1 0 0 0 1 0 0 1 1 1 0 0 10 0 1 0 1 1 1 1 1 1 0 0 1 1 0 1 0 0 1 1 1 0 1 0 0 1 1 1 1 1 1 1 10 10 0 10 0 0 0 0 0 0 1 1 1 0 1 1 0 1 0 1 0 1 1 1 1 0 0 1 0 1 1 0 1 0 0 1 1 0
1 0 1 10 1 0 0 1 1 1 0 10 1 10 1 10 0 0 10 1 1 1 10 10 1 1 1 1 1 1 0 1 0 0 1 1 1 1 1 1 1 1 1 1 1 1 1 1 10 10 1 10 1 1 0 0 1 1 1 10 1 0 1 1 0 1 0 1 0 10 1 10 1 1 1 10 0 1 1 0 10 1 1 1 10 0
1 1 1 0 1 0 1 1 1 0 1 1 10 0 0 0 0 0 0 0 1 1 0 0 0 0 1 1 1 10 10 0 10 1 0 10 10 1 0 0 1 0 10 1 0 0 1 1 0 0 10 1 1 1 1 10 1 0 1 1 1 1 1 1 1 0 10 1 1 1 1 1 10 0 10 1 0 1 0 1 1 1 1 0 1 10
0 1 10 10 1 1 0 1 1 10 0 1 0 1 10 1 10 0 0 1 1 10 10 100 0 10 10 1 1 1 0 10 0 1 10 0 0 1 10 10 10 1 0 1 0 10 1 0 10 1 1 1 10 1 1 1 1 10 1 1 1 0 1 0 0 1 1 1 1 1 1 10 0 1 1 10 0 10 10 1 10 1 10 10 10 0
0 1 0 1 0 1 1 10 1 1 0 1 0 10 1 0 1 0 1 0 1 0 10 1 1 0 1 10 0 0 1 1 1 0 1 0 0 10 1 1 1 1 0 1 0 1 1 0 0 0 1 0 1 1 1 0 1 1 1 1 1 1 1 1 1 1 0 1 0 1 0 1 0 1 1 1 1 0 1 1 1 1 1 1 1 1
0 10 10 0 1 1 10 1 10 0 0 1 1 1 0 1 1 1 1 1 0 1 10 1 1 1 1 1 0 10 10 10 10 0 10 1 0 1 10 0 0 1 0 10 0 10 100 1 1 1 1 1 1 0 1 1 0 0 100 0 10 10 100 1 1 10 1 100 1 0 1 10 1 0 0 1 1 10 10 1 10 0 1 10 1 10
0 1 10 1 1 1 0 1 1 1 0 0 1 0 1 1 1 1 10 0 1 0 1 10 0 10 1 0 10 10 0 10 0 10 10 1 1 1 10 1 1 1 1 1 0 10 1 0 10 1 1 10 1 0 1 10 0 1 1 0 1 0 1 0 1 1 10 1 1 1 10 1 0 0 1 10 0 10 10 1 1 1 1 10 10 1
0 1 1 1 1 1 1 10 10 1 0 1 0 10 1 1 10 0 10 10 10 1 0 10 1 1 1 10 0 1 1 10 1 0 10 0 0 10 10 1 1 1 0 10 0 10 10 0 1 1 1 1 1 1 1 0 1 1 10 1 10 1 10 1 1 10 0 10 0 1 1 10 0 1 1 10 1 1 10 1 10 1 1 10 10 1
0 1 10 10 1 1 0 1 1 10 0 1 0 1 10 1 10 0 100 1 1 10 10 0 0 10 10 1 1 1 0 10 0 1 10 0 0 1 10 10 10 1 0 1 0 10 1 0 10 1 1 1 10 1 1 1 1 10 1 1 1 0 1 0 0 1 1 1 1 1 1 10 0 1 1 10 0 10 10 1 10 1 10 10 10 0
1 1 0 1 0 1 1 1 1 0 0 1 1 10 0 1 1 0 0 1 1 0 1 0 0 0 0 1 1 0 1 1 1 0 1 1 1 1 1 0 0 10 1 1 1 1 1 1 1 1 0 1 0 0 1 0 0 0 1 1 1 1 1 10 1 1 0 1 0 1 0 0 1 0 0 0 1 0 1 1 0 0 0 1 0 1
0 1 10 1 1 1 0 0 1 1 0 0 0 0 1 1 1 0 10 0 1 10 1 10 0 0 1 0 1 1 0 10 0 1 10 0 0 0 10 1 1 1 0 1 0 10 1 0 10 1 0 1 1 0 1 1 0 1 1 0 1 0 1 0 0 1 1 1 1 0 1 1 0 0 0 1 0 10 10 1 1 0 1 10 1 0
0 10 10 10 0 1 1 1 0 10 0 10 1 1 10 0 1 1 10 1 1 1 1 10 0 1 0 1 1 1 1 1 1 1 1 1 0 1 1 10 10 1 0 0 0 1 1 1 1 0 10 0 100 1 1 10 1 10 1 1 0 1 1 0 0 0 10 1 10 1 0 10 1 1 1 1 0 10 1 1 10 1 100 1 1 1
1 1 0 1 1 1 1 10 10 1 1 1 0 10 1 0 1 1 1 10 1 0 10 1 1 0 1 0 0 0 10 1 10 0 1 0 1 10 1 1 10 1 1 10 0 1 1 0 0 0 1 0 1 10 10 0 10 1 1 10 10 1 1 10 1 1 0 1 0 1 0 1 1 1 10 1 1 0 1 10 1 1 1 1 1 1
1 1 1 10 0 1 0 1 0 1 0 1 10 1 1 1 1 1 1 0 0 10 0 1 1 1 1 0 0 1 0 1 0 10 1 10 10 1 1 1 1 10 10 0 1 1 0 1 10 1 1 10 1 0 1 10 0 1 0 1 0 0 0 1 1 0 10 0 1 10 1 0 1 0 1 1 0 1 1 1 0 1 1 1 1 1
0 1 10 0 1 0 1 1 1 0 0 1 10 0 0 1 1 10 1 0 10 10 1 1 0 1 1 0 1 0 1 1 1 1 1 10 1 1 1 0 0 0 1 1 0 1 10 1 1 1 10 10 1 0 0 10 0 0 10 0 1 1 10 0 1 1 10 10 1 1 10 10 1 0 1 10 0 10 1 0 10 1 1 1 10 10
1 10 1 0 1 1 10 1 10 0 1 1 1 1 0 0 0 10 0 1 10 0 1 0 1 0 1 10 0 1 0 1 100 0 1 1 1 1 1 0 1 1 1 10 0 1 10 1 0 0 1 0 1 1 10 1 1 0 10 1 10 10 10 10 1 1 1 10 1 0 0 1 10 0 1 0 1 1 1 10 1 0 1 1 0 10
0 10 10 1 1 10 1 1 10 1 0 0 0 1 1 1 1 0 10 1 10 10 10 10 1 10 1 1 1 1 1 0 1 1 100 0 0 1 100 1 1 10 0 10 0 100 10 0 10 1 0 1 1 0 10 1 0 1 10 0 10 1 10 1 1 10 1 10 1 0 1 1 0 0 0 1 1 10 100 10 1 0 1 100 1 1
1 10 1 0 1 1 10 1 10 0 1 1 1 1 0 0 0 10 0 1 10 0 1 0 1 0 1 10 0 1 100 1 0 0 1 1 1 1 1 0 1 1 1 10 0 1 10 1 0 0 1 0 1 1 10 1 1 0 10 1 10 10 10 10 1 1 1 10 1 0 0 1 10 0 1 0 1 1 1 10 1 0 1 1 0 10
0 1 1 1 0 1 0 1 0 1 0 0 1 0 1 0 0 1 1 0 0 10 0 1 0 1 1 0 10 1 0 1 0 0 1 1 1 1 1 1 1 1 1 0 0 1 0 0 1 0 1 1 1 0 1 10 0 1 0 0 0 0 0 0 1 0 10 0 1 1 1 0 0 0 1 1 0 1 1 1 0 1 1 1 1 1
0 10 10 1 1 10 1 1 10 1 0 0 0 1 1 1 1 0 10 1 10 10 10 10 1 10 1 1 1 1 1 100 1 1 0 0 0 1 100 1 1 10 0 10 0 100 10 0 10 1 0 1 1 0 10 1 0 1 10 0 10 1 10 1 1 10 1 10 1 0 1 1 0 0 0 1 1 10 100 10 1 0 1 100 1 1
1 1 1 1 0 0 1 1 0 0 0 10 100 1 0 1 1 10 0 0 1 1 0 0 1 0 1 0 10 10 1 0 1 1 0 0 10 1 0 0 0 1 10 0 1 0 1 10 1 1 10 10 1 0 0 10 0 0 1 1 0 1 1 1 1 0 10 1 1 10 1 1 10 0 1 1 0 1 0 0 1 1 1 0 1 10
10 0 0 1 1 0 0 1 1 0 1 1 10 1 0 1 1 10 0 0 0 1 0 0 1 0 0 1 10 1 1 0 1 1 0 10 0 1 0 0 1 1 100 1 1 0 0 1 1 1 1 10 0 1 1 1 1 0 0 10 1 0 0 10 1 0 1 0 0 10 1 0 10 0 10 1 0 0 0 1 0 1 0 0 1 1
0 1 0 1 0 1 1 100 1 1 0 1 1 10 1 0 1 1 1 10 1 1 10 1 1 0 1 10 1 1 1 1 1 1 1 1 1 0 1 1 1 1 1 1 0 1 1 0 0 0 10 1 1 1 1 1 1 1 1 1 1 1 1 1 10 1 1 1 0 10 1 1 0 1 10 10 1 0 1 1 1 10 1 1 10 10
0 10 10 1 1 10 1 1 10 1 0 0 0 1 1 1 1 0 10 1 10 10 10 10 1 10 1 1 1 1 1 100 1 1 100 0 0 1 0 1 1 10 0 10 0 100 10 0 10 1 0 1 1 0 10 1 0 1 10 0 10 1 10 1 1 10 1 10 1 0 1 1 0 0 0 1 1 10 100 10 1 0 1 100 1 1
0 1 1 10 0 1 0 1 0 10 0 1 0 1 10 0 1 0 10 1 0 1 1 10 0 1 10 1 1 0 0 1 0 1 1 0 0 1 1 0 10 1 0 0 0 1 0 0 1 0 1 0 10 1 1 1 1 10 0 1 0 0 0 0 0 0 1 0 1 1 0 1 0 1 1 1 0 1 1 1 1 1 10 1 1 0
1 1 1 10 1 1 0 1 1 10 1 1 0 1 10 0 1 1 10 1 0 1 1 10 0 1 10 10 1 0 1 1 1 1 1 0 1 1 1 10 0 1 1 1 0 1 0 0 1 0 1 0 10 10 10 1 10 10 0 10 1 0 0 1 0 0 1 0 1 1 0 1 1 1 10 1 0 1 1 10 1 1 10 1 1 0
1 10 1 10 0 10 1 1 1 1 0 1 1 10 1 1 1 0 1 1 1 1 1 1 10 1 1 1 10 0 1 10 1 1 10 1 1 1 10 1 1 0 1 1 1 10 1 1 10 1 0 1 1 0 10 1 0 1 1 1 1 1 1 10 1 1 1 1 1 1 0 0 1 0 0 0 1 1 10 10 0 0 1 10 0 1
10 0 0 1 1 0 0 1 1 0 1 1 10 1 0 1 1 10 0 0 0 1 0 0 1 0 0 1 10 1 1 0 1 1 0 10 100 1 0 0 1 1 0 1 1 0 0 1 1 1 1 10 0 1 1 1 1 0 0 10 1 0 0 10 1 0 1 0 0 10 1 0 10 0 10 1 0 0 0 1 0 1 0 0 1 1
1 1 1 0 10 1 1 1 100 0 1 0 0 1 0 1 1 1 1 1 10 1 10 1 1 1 0 10 0 1 10 10 10 0 10 0 1 1 10 0 1 1 1 0 0 10 10 0 1 1 0 1 0 1 10 0 1 0 10 1 100 1 10 10 1 10 0 10 0 0 1 1 1 0 1 1 1 1 10 10 1 0 0 10 1 1
1 0 0 1 0 0 0 0 0 0 0 1 1 1 0 1 1 0 0 0 0 0 0 0 1 0 0 0 1 0 0 0 0 0 0 1 1 0 0 0 0 1 1 0 0 0 0 1 1 1 0 1 0 0 0 0 0 0 0 1 0 0 0 1 0 0 0 0 0 1 0 0 1 0 0 0 0 0 0 0 0 0 0 0 0 0
0 10 10 1 1 10 1 1 10 1 0 0 0 1 1 1 1 0 10 1 10 10 10 10 1 10 1 1 1 1 1 100 1 1 100 0 0 1 100 1 1 10 0 10 0 0 10 0 10 1 0 1 1 0 10 1 0 1 10 0 10 1 10 1 1 10 1 10 1 0 1 1 0 0 0 1 1 10 100 10 1 0 1 100 1 1
0 10 10 0 1 1 10 1 10 0 0 1 1 1 0 1 1 1 1 1 100 1 10 1 1 1 1 1 0 10 10 10 10 0 10 1 0 1 10 0 0 1 0 10 0 10 0 1 1 1 1 1 1 0 1 1 0 0 100 0 10 10 100 1 1 10 1 100 1 0 1 10 1 0 0 1 1 10 10 1 10 0 1 10 1 10
1 1 1 1 0 0 1 0 0 0 0 10 10 1 0 1 1 1 0 0 1 0 0 0 1 0 1 0 1 1 1 0 1 0 0 10 1 0 0 0 0 1 1 0 1 0 1 0 1 1 1 1 1 0 0 1 0 0 1 1 0 1 1 1 0 0 1 1 1 1 0 1 10 0 0 0 0 1 0 0 1 0 1 0 0 1
1 1 10 10 1 1 0 0 1 1 0 1 1 1 1 10 10 0 10 0 1 10 1 10 1 10 1 0 10 1 0 10 0 1 10 1 1 0 10 1 1 10 1 1 1 10 1 1 0 10 0 10 1 0 1 1 0 1 1 1 1 0 1 1 0 1 1 1 1 1 1 1 1 0 0 1 0 10 10 1 1 0 1 10 1 0
1 0 1 1 1 0 0 0 1 0 0 1 1 1 0 10 10 0 1 0 1 1 1 1 1 1 0 0 1 1 0 1 0 0 1 1 1 0 1 0 0 1 1 1 1 1 1 1 10 0 0 10 0 0 0 0 0 0 1 1 1 0 1 1 0 1 0 1 0 1 1 1 1 0 0 1 0 1 1 0 1 0 0 1 1 0
0 1 1 1 0 0 1 10 0 1 0 10 10 1 1 0 1 10 1 1 1 1 1 1 0 0 10 1 1 10 1 0 1 1 0 10 1 10 0 1 1 0 1 0 0 0 1 1 0 0 0 1 10 1 0 10 1 1 1 1 0 1 1 0 1 0 10 1 1 10 1 10 1 1 10 10 0 1 0 0 10 10 10 0 10 10
1 0 1 1 1 0 0 1 1 0 0 1 10 1 0 10 10 1 1 0 1 10 1 1 1 1 0 0 10 10 0 1 0 1 1 10 10 1 1 0 0 1 10 1 1 1 1 1 10 10 1 0 0 0 0 1 0 0 1 1 1 0 1 1 1 1 1 1 0 10 10 1 1 0 1 10 0 1 1 0 1 1 0 1 10 1
0 10 10 10 0 1 1 1 0 10 0 10 1 1 10 0 1 1 10 1 1 1 1 10 0 1 100 1 1 1 1 1 1 1 1 1 0 1 1 10 10 1 0 0 0 1 1 1 1 0 10 0 0 1 1 10 1 10 1 1 0 1 1 0 0 0 10 1 10 1 0 10 1 1 1 1 0 10 1 1 10 1 100 1 1 1
1 0 0 1 1 0 0 1 1 1 1 1 0 1 1 0 1 1 1 1 0 0 1 1 0 0 1 10 0 0 1 0 1 0 0 0 1 1 0 1 10 0 1 1 0 0 0 0 0 0 1 0 1 0 1 0 10 1 0 10 1 0 0 1 0 0 0 0 0 1 0 1 1 1 10 1 0 0 0 1 1 1 1 0 1 0
1 10 1 1 1 10 1 1 10 1 1 0 0 1 1 0 0 1 1 1 1 1 1 1 1 1 1 10 1 0 10 10 10 1 10 0 1 1 10 1 10 10 1 10 0 10 1 0 1 0 0 0 1 1 0 1 1 1 1 1 10 1 1 10 1 1 1 1 1 0 0 0 1 0 1 0 1 1 10 100 0 0 1 10 0 1
0 10 10 1 0 1 1 1 0 1 0 1 10 0 1 0 0 10 1 0 1 10 0 1 0 1 10 0 10 10 1 1 1 10 1 10 1 1 1 1 1 1 1 0 0 1 1 1 1 0 10 1 10 0 1 0 0 1 1 0 0 1 1 0 1 0 100 1 10 1 1 1 1 0 1 1 0 10 1 1 1 1 10 1 1 10
1 0 0 1 1 0 0 1 1 1 1 1 0 1 1 0 1 1 1 1 0 0 1 1 0 0 1 10 0 0 1 0 1 0 0 0 1 1 0 1 10 0 1 1 0 0 0 0 0 0 1 0 1 10 1 0 0 1 0 10 1 0 0 1 0 0 0 0 0 1 0 1 1 1 10 1 0 0 0 1 1 1 1 0 1 0
0 1 1 10 0 1 0 1 0 10 0 1 0 1 10 0 1 0 10 1 0 1 1 10 0 1 10 1 1 0 0 1 0 1 1 0 0 1 1 10 10 1 0 0 0 1 0 0 1 0 1 0 10 1 1 1 1 0 0 1 0 0 0 0 0 0 1 0 1 1 0 1 0 1 1 1 0 1 1 1 1 1 10 1 1 0
0 10 10 0 1 1 10 1 10 0 0 1 1 1 0 1 1 1 1 1 100 1 10 1 1 1 1 1 0 10 10 10 10 0 10 1 0 1 10 0 0 1 0 10 0 10 100 1 1 1 1 1 1 0 1 1 0 0 0 0 10 10 100 1 1 10 1 100 1 0 1 10 1 0 0 1 1 10 10 1 10 0 1 10 1 10
10 0 0 10 1 0 0 1 1 1 1 10 1 10 1 1 10 1 1 1 0 0 1 1 1 0 1 10 1 0 1 0 1 0 0 1 10 1 0 1 10 1 10 1 1 0 0 1 1 1 1 1 1 10 1 0 10 1 0 0 1 0 0 10 0 0 0 0 0 10 0 1 10 1 10 1 0 0 0 1 1 1 1 0 1 0
1 1 1 0 10 1 1 1 100 0 1 0 0 1 0 1 1 1 1 1 10 1 10 1 1 1 0 10 0 1 10 10 10 0 10 0 1 1 10 0 1 1 1 100 0 10 10 0 1 1 0 1 0 1 10 0 1 0 10 1 0 1 10 10 1 10 0 10 0 0 1 1 1 0 1 1 1 1 10 10 1 0 0 10 1 1
0 10 1 0 0 1 10 1 1 0 0 1 1 1 0 0 0 1 0 1 10 0 1 0 1 0 1 1 0 1 10 1 10 0 1 1 0 1 1 0 0 1 0 1 0 1 10 1 0 0 1 0 1 0 1 1 0 0 10 0 1 0 10 1 1 1 1 10 1 0 0 1 1 0 0 0 1 1 1 1 1 0 1 1 0 10
0 10 10 0 1 1 10 1 10 0 0 1 1 1 0 1 1 1 1 1 100 1 10 1 1 1 1 1 0 10 10 10 10 0 10 1 0 1 10 0 0 1 0 10 0 10 100 1 1 1 1 1 1 0 1 1 0 0 100 0 10 10 0 1 1 10 1 100 1 0 1 10 1 0 0 1 1 10 10 1 10 0 1 10 1 10
10 1 0 1 1 1 1 1 10 0 1 1 1 10 0 1 1 1 0 1 1 0 1 0 10 0 0 10 1 0 10 1 10 0 1 1 10 1 1 0 1 10 10 10 1 1 1 1 1 1 0 1 0 1 10 0 1 0 1 10 10 1 1 0 1 1 0 1 0 1 0 0 10 0 1 0 1 0 1 10 0 0 0 1 0 1
0 1 0 0 0 1 1 10 1 0 0 0 1 1 0 0 0 1 0 1 1 1 1 0 1 0 0 1 1 1 1 1 1 1 1 1 1 10 1 0 0 1 1 1 0 1 1 0 0 0 1 1 0 0 1 1 0 0 1 0 1 1 1 1 0 1 1 1 0 1 1 0 0 0 1 1 1 0 1 1 0 1 0 1 1 10
0 1 1 0 1 1 1 1 10 0 0 0 0 1 0 1 1 0 1 1 10 1 10 1 1 1 0 1 0 1 1 10 1 0 10 0 0 1 10 0 0 1 0 10 0 10 10 0 1 1 0 1 0 0 1 0 0 0 10 0 10 1 10 1 1 0 0 10 0 0 1 1 0 0 0 1 1 1 10 1 1 0 0 10 1 1
0 10 10 1 0 1 1 1 0 1 0 1 10 0 1 0 0 10 1 0 1 10 0 1 0 1 10 0 10 10 1 1 1 10 1 10 1 1 1 1 1 1 1 0 0 1 1 1 1 0 10 1 10 0 1 100 0 1 1 0 0 1 1 0 1 0 0 1 10 1 1 1 1 0 1 1 0 10 1 1 1 1 10 1 1 10
0 10 10 0 1 1 10 1 10 0 0 1 1 1 0 1 1 1 1 1 100 1 10 1 1 1 1 1 0 10 10 10 10 0 10 1 0 1 10 0 0 1 0 10 0 10 100 1 1 1 1 1 1 0 1 1 0 0 100 0 10 10 100 1 1 10 1 0 1 0 1 10 1 0 0 1 1 10 10 1 10 0 1 10 1 10
0 10 10 1 0 1 1 0 0 1 0 1 1 0 1 0 0 1 1 0 1 1 0 1 0 1 10 0 1 1 1 1 1 1 1 1 0 0 1 1 1 1 0 0 0 1 1 1 1 0 1 0 10 0 1 10 0 1 1 0 0 1 1 0 0 0 10 1 0 0 0 1 1 0 0 0 0 10 1 1 1 0 10 1 0 1
1 0 0 10 0 0 0 10 0 1 0 10 10 10 1 1 10 1 1 1 0 1 1 1 1 0 1 1 10 1 0 0 0 1 0 10 10 10 0 1 1 1 10 0 1 0 0 1 1 1 10 10 1 1 0 1 1 1 0 10 0 0 0 1 1 0 1 0 0 0 1 1 1 1 10 10 0 0 0 0 1 10 1 0 10 1
0 0 1 0 1 0 0 1 1 0 0 0 1 0 0 1 1 1 1 0 1 10 1 1 0 1 0 0 1 10 0 1 0 1 1 1 1 1 1 0 0 0 1 1 0 1 1 0 1 1 1 10 0 0 0 1 0 0 1 0 1 0 1 0 1 1 1 1 0 1 0 1 0 0 1 10 0 1 1 0 1 1 0 1 10 1
0 1 10 1 1 0 1 1 1 1 0 10 1 1 1 1 10 1 10 1 10 1 10 10 0 1 10 1 0 10 1 1 1 0 1 1 0 1 1 1 1 0 0 1 0 1 10 1 1 1 10 1 10 1 0 1 1 1 10 1 1 1 10 0 0 1 1 10 1 1 1 0 1 1 1 10 0 10 1 0 100 1 10 1 10 1
10 1 1 1 1 0 1 0 1 0 1 10 10 1 0 1 1 10 0 0 1 0 0 0 1 0 1 1 1 1 10 0 10 0 0 10 10 0 0 0 1 1 10 1 1 0 1 10 1 1 1 1 1 1 1 1 1 0 1 10 1 1 1 10 0 0 1 1 1 1 0 1 0 0 1 0 0 1 0 1 1 0 1 0 0 1
0 0 0 1 0 0 0 1 0 1 0 1 0 1 1 0 1 0 1 1 0 0 1 1 0 0 1 1 0 0 0 0 0 0 0 0 0 1 0 1 1 0 0 0 0 0 0 0 0 0 1 0 1 1 0 0 1 1 0 1 0 0 0 0 0 0 0 0 0 1 0 1 0 0 1 1 0 0 0 0 1 1 1 0 1 0
1 0 0 1 1 0 0 10 1 1 1 1 1 1 1 0 1 10 1 1 0 1 1 1 0 0 1 10 1 1 1 0 1 1 0 1 10 10 0 1 10 0 10 1 0 0 0 0 0 0 10 1 1 10 1 1 10 1 0 10 1 0 0 1 1 0 1 0 0 10 1 1 1 1 0 10 0 0 0 1 1 10 1 0 10 1
0 0 1 1 1 0 0 10 1 1 0 1 1 1 1 1 10 1 10 1 1 10 10 10 0 1 1 1 1 10 0 1 0 1 1 1 1 10 1 1 1 0 1 1 0 1 1 0 1 1 10 10 1 1 0 1 1 1 1 1 1 0 1 0 1 1 1 1 0 10 10 10 0 1 10 0 0 1 1 0 10 10 1 1 100 1
0 1 0 0 0 1 1 1 1 0 0 0 0 1 0 0 0 0 0 1 1 0 1 0 1 0 0 1 0 0 1 1 1 0 1 0 0 1 1 0 0 1 0 1 0 1 1 0 0 0 0 0 0 0 1 0 0 0 1 0 1 1 1 1 1 1 0 1 0 0 0 0 0 0 0 0 0 0 1 1 0 0 0 1 0 1
0 10 100 1 1 1 1 0 1 1 0 1 1 0 1 1 1 1 10 0 10 10 1 10 0 10 10 0 1 10 1 10 1 1 10 1 0 0 10 1 1 1 0 1 0 10 10 1 10 1 1 1 10 0 1 10 0 1 10 0 1 1 10 0 0 1 10 10 10 0 1 10 1 0 0 1 0 0 10 1 10 0 10 10 1 1
0 10 10 1 1 10 1 1 10 1 0 0 0 1 1 1 1 0 10 1 10 10 10 10 1 10 1 1 1 1 1 100 1 1 100 0 0 1 100 1 1 10 0 10 0 100 10 0 10 1 0 1 1 0 10 1 0 1 10 0 10 1 10 1 1 10 1 10 1 0 1 1 0 0 0 1 1 10 0 10 1 0 1 100 1 1
1 10 1 1 1 10 1 1 10 1 1 0 0 1 1 0 0 1 1 1 1 1 1 1 1 1 1 10 1 0 10 10 10 1 10 0 1 1 10 1 10 10 1 10 0 10 1 0 1 0 0 0 1 1 100 1 1 1 1 1 10 1 1 10 1 1 1 1 1 0 0 0 1 0 1 0 1 1 10 0 0 0 1 10 0 1
0 1 10 1 1 0 1 1 1 1 0 10 1 1 1 1 10 1 10 1 10 1 10 10 0 1 10 1 0 10 1 1 1 0 1 1 0 1 1 1 1 0 0 1 0 1 10 1 1 1 10 1 10 1 0 1 1 1 10 1 1 1 10 0 0 1 1 10 1 1 1 100 1 1 1 10 0 10 1 0 0 1 10 1 10 1
0 0 0 1 0 0 0 10 0 1 0 1 1 1 1 0 1 1 1 1 0 1 1 1 0 0 1 1 1 1 0 0 0 1 0 1 1 10 0 1 1 0 1 0 0 0 0 0 0 0 10 1 1 1 0 1 1 1 0 1 0 0 0 0 1 0 1 0 0 10 1 1 0 1 10 10 0 0 0 0 1 0 1 0 10 1
0 10 10 10 0 1 1 1 0 10 0 10 1 1 10 0 1 1 10 1 1 1 1 10 0 1 100 1 1 1 1 1 1 1 1 1 0 1 1 10 10 1 0 0 0 1 1 1 1 0 10 0 100 1 1 10 1 10 1 1 0 1 1 0 0 0 10 1 10 1 0 10 1 1 1 1 0 10 1 1 10 1 0 1 1 1
0 10 10 1 1 10 1 1 10 1 0 0 0 1 1 1 1 0 10 1 10 10 10 10 1 10 1 1 1 1 1 100 1 1 100 0 0 1 100 1 1 10 0 10 0 100 10 0 10 1 0 1 1 0 10 1 0 1 10 0 10 1 10 1 1 10 1 10 1 0 1 1 0 0 0 1 1 10 100 10 1 0 1 0 1 1
0 0 1 1 1 0 0 10 1 1 0 1 1 1 1 1 10 1 10 1 1 10 10 10 0 1 1 1 1 10 0 1 0 1 1 1 1 10 1 1 1 0 1 1 0 1 1 0 1 1 10 10 1 1 0 1 1 1 1 1 1 0 1 0 1 1 1 1 0 10 10 10 0 1 10 100 0 1 1 0 10 10 1 1 0 1
0 10 1 0 0 1 10 10 1 0 0 1 10 1 0 0 0 10 0 1 10 1 1 0 1 0 1 1 1 10 10 1 10 1 1 10 1 10 1 0 0 1 1 1 0 1 10 1 0 0 10 1 1 0 1 10 0 0 10 0 1 10 10 1 10 1 10 10 1 1 1 1 1 0 1 1 1 1 1 1 1 1 1 1 1 0
2
4 11 3
6 7 3
4
4 4 
1 4
2 4
3 6
4 4
2 4 
1 4
1 4
2 6
2 6
3 7 
1 4
1 4
2 6
2 6
2 6
3 4
3 4
2 3 
1 4
1 4
2 6
86 8
2 4 6
3 2 5 7
3 0 2 7
3 3 4 7
2 0 6
2 5 7
2 2 5
3 1 3 5
3 0 5 6
2 3 7
1 6
3 2 3 4
3 1 2 4
3 3 4 5
2 3 7
2 0 4
3 0 3 4
3 1 2 6
3 0 3 7
2 3 5
3 0 2 5
3 0 1 7
3 0 3 5
3 0 3 7
2 4 5
2 0 7
3 2 3 7
3 3 5 6
3 1 4 7
3 0 1 2
3 2 5 6
3 0 5 7
3 2 5 6
2 1 7
3 0 5 7
3 1 2 4
3 1 4 6
3 1 3 5
3 0 5 7
2 3 7
3 3 6 7
3 4 5 7
3 1 4 6
3 0 5 6
1 4
3 0 5 7
3 0 2 5
2 2 4
3 0 4 7
2 0 4
3 1 2 3
3 0 1 4
3 2 3 7
2 3 6
3 5 6 7
3 1 2 7
2 3 6
2 3 7
3 0 2 5
3 3 4 6
3 0 5 6
2 2 5
3 0 2 5
3 4 5 6
2 1 5
2 0 5
3 1 2 7
3 0 2 5
2 2 7
3 1 3 4
2 0 1
3 0 2 3
3 2 4 6
1 3
3 1 3 6
3 0 1 3
1 5
3 0 2 7
3 0 5 7
3 5 6 7
3 0 2 3
2 1 3
3 2 3 7
3 0 5 7
3 0 1 3
3 1 2 5
86 243
6 159 168 201 209 212 224
6 124 152 156 190 207 233
4 117 210 64 84
4 184 38 9 93
4 132 165 172 226
4 0 190 211 214
5 101 189 191 222 46
8 100 167 183 220 225 231 26 6
3 189 228 28
3 203 224 49
5 109 209 43 48 89
3 29 70 75
5 131 193 209 229 47
4 139 160 228 98
2 141 197
3 107 122 200
4 137 181 231 54
4 176 183 37 66
2 11 178
3 195 214 35
4 102 187 198 31
1 208
7 144 202 203 218 229 36 96
4 164 179 233 61
4 125 13 204 216
4 53 71 77 79
4 16 229 62 68
8 15 184 20 217 223 228 233 97
4 151 208 233 99
5 114 188 198 217 227
4 207 232 3 4
3 211 226 232
6 157 191 194 204 215 219
4 110 136 212 83
3 227 232 39
5 10 166 216 59 95
2 180 50
3 113 173 69
3 182 226 52
4 148 178 215 221
6 121 138 185 19 233 42
6 133 187 205 23 233 60
4 149 196 21 221
4 105 179 214 231
4 134 233 56 80
2 41 65
3 169 222 230
3 192 218 92
2 111 123
2 185 78
1 87
4 12 223 40 57
3 163 210 231
4 115 146 150 67
3 108 145 55
2 220 72
4 155 174 221 230
4 116 199 206 217
6 1 18 197 27 7 91
2 175 216
5 128 180 222 228 8
3 104 14 206
4 207 213 85 88
4 130 170 177 199
4 126 161 196 212
5 162 182 194 205 63
8 17 186 201 202 219 225 25 44
5 103 129 143 213 227
4 181 219 82 86
4 127 195 232 32
3 106 213 225
3 193 223 81
4 208 210 58 73
4 118 154 227 45
3 112 220 74
4 135 158 186 215
2 142 211
4 120 22 34 5
5 119 153 2 226 94
3 200 24 33
5 188 218 224 230 76
4 140 171 232 51
3 225 230 90
2 192 30
5 147 224 229 231 234
8 235 236 237 238 239 240 241 242
