163
0 1 0 0 0 1 0 0 0 1 1 1 1 0 0 0 0 0 1 0 1 0 0 0 0 1 1 0 0 0 1 0 0 1 0 1 1 0 10 0 1 1 0 0 0 1 0 0 0 1 0 0 0 1 1 0 1 0 10 10 0 0 1 0 10 1 0 1 1 0 1 0 10 0 0 0 0 0 0 0 0 1 0 0 0 0 1 0 1 0 1 0 1 0 0 0 0 0 1 0 0 0 0 0 0 0 1 1 0 1 1 1 1 0 0 0 1 1 0 0 1 0 0 0 0 0 1 0 0 0 0 0 0 0 0 1 0 0 0 0 0 0 0 10 0 1 1 10 1 1 0 1 1 0 0 0 0 1 1 1 1 0 0
1 0 0 0 0 1 1 0 0 1 0 1 1 1 0 10 1 0 0 0 0 0 1 0 0 1 1 1 1 0 10 10 0 1 0 0 10 1 1 1 0 0 0 10 0 1 1 0 10 1 10 0 0 1 0 0 1 1 10 1 0 1 1 0 10 1 1 1 1 1 0 0 10 1 1 0 1 1 1 0 1 1 1 0 0 0 0 0 1 0 1 0 10 0 1 0 0 0 0 0 0 0 0 0 0 1 0 1 0 0 0 0 10 1 0 1 1 1 0 1 1 1 1 0 0 1 10 0 1 1 1 1 0 0 1 0 0 0 0 1 10 0 0 1 0 1 10 1 0 1 0 1 1 0 0 1 0 1 1 10 10 0 1
0 0 0 0 0 1 0 0 1 10 0 1 1 0 0 0 1 0 1 1 0 0 1 1 0 0 1 1 0 1 0 0 0 1 0 1 0 1 0 0 1 1 1 0 1 0 0 1 0 0 1 1 0 0 1 1 0 1 0 0 1 0 0 0 0 1 10 0 0 0 0 0 0 1 1 0 0 0 0 1 1 0 1 0 0 1 0 1 0 0 1 0 0 0 1 10 0 0 0 1 1 1 10 1 0 0 1 1 0 0 0 1 0 0 1 1 0 1 0 10 1 1 0 0 10 1 0 1 0 0 1 1 1 10 1 1 1 1 0 1 0 1 1 0 1 1 0 0 0 0 10 0 1 1 0 1 0 0 0 0 0 1 10
0 0 0 0 1 0 0 0 0 0 0 0 0 0 0 0 0 1 1 1 0 1 0 1 1 0 0 0 0 1 1 0 0 0 0 0 0 0 0 0 0 0 0 0 0 0 0 0 1 0 0 0 1 0 1 1 0 0 0 1 0 0 1 0 0 0 0 0 0 1 0 1 0 0 0 0 0 0 0 1 0 0 0 0 10 0 0 0 0 10 1 0 0 1 0 0 0 0 0 0 0 0 1 1 0 0 0 0 1 0 0 1 0 1 0 1 0 0 0 0 0 0 1 1 0 1 0 0 0 10 0 0 0 0 0 0 1 0 0 0 0 1 1 0 0 0 0 1 0 0 0 0 0 1 0 1 0 0 1 0 0 0 0
0 0 0 1 0 0 0 0 0 0 0 0 0 0 0 0 0 0 1 1 0 0 0 1 0 0 0 0 0 0 1 0 0 0 0 0 0 0 0 0 0 0 0 0 0 0 0 0 0 0 0 0 1 0 0 1 0 0 0 1 0 0 0 0 0 0 0 0 0 1 0 1 0 0 0 0 0 0 0 0 0 0 0 0 1 0 0 0 0 1 0 0 0 1 0 0 0 0 0 0 0 0 1 1 0 0 0 0 1 0 0 1 0 1 0 1 0 0 0 0 0 0 0 1 0 0 0 0 0 1 0 0 0 0 0 0 0 0 0 0 0 0 0 0 0 0 0 0 0 0 0 0 0 1 0 1 0 0 0 0 0 0 0
1 1 1 0 0 0 1 0 0 1 1 100 1 1 0 1 1 0 10 1 1 0 0 0 0 0 0 10 1 1 0 1 0 1 0 1 1 1 1 1 1 1 1 1 0 0 0 1 1 0 1 0 0 0 1 0 0 1 10 1 0 1 1 0 1 0 0 1 10 0 1 0 10 0 10 0 1 0 0 0 1 0 0 0 0 0 1 0 0 0 1 0 0 0 10 0 0 0 1 0 1 0 1 0 0 0 10 1 0 1 1 1 0 1 0 1 0 1 0 10 0 0 0 0 1 1 1 1 1 1 1 1 0 1 0 10 0 0 0 0 1 1 1 1 0 0 1 1 1 0 1 10 0 1 0 0 0 0 0 0 0 0 0
0 1 0 0 0 1 0 0 0 0 1 1 1 1 0 1 1 0 0 0 1 0 0 0 0 0 0 1 1 0 0 1 0 0 0 1 1 1 0 1 1 0 1 1 0 1 0 0 1 0 1 0 0 0 0 0 0 0 1 0 0 10 0 1 0 0 0 1 1 0 0 0 1 0 1 0 1 0 0 0 1 0 1 0 0 0 0 1 0 0 0 0 0 0 1 0 0 0 0 0 1 0 0 1 0 0 0 0 0 0 1 0 0 1 0 1 0 0 1 1 0 0 0 0 1 0 1 0 10 1 0 1 0 1 0 0 1 1 1 0 1 0 0 0 0 0 1 0 0 1 0 1 0 0 0 0 0 0 0 0 0 0 0
0 0 0 0 0 0 0 0 0 0 1 0 0 1 1 1 0 1 0 1 0 1 1 0 1 0 0 0 0 1 0 1 1 0 1 0 0 1 0 1 0 0 0 0 0 0 1 1 0 0 0 1 10 1 0 0 0 0 0 0 0 1 0 0 0 1 0 0 0 1 1 0 0 1 0 1 0 0 1 1 0 0 0 1 0 10 1 0 1 1 0 1 1 0 0 0 1 10 0 0 1 0 0 0 0 1 1 0 0 0 1 0 0 0 0 0 10 0 1 0 1 1 0 0 0 0 1 10 1 0 1 0 0 0 0 0 0 1 0 1 1 0 0 1 0 0 0 0 1 0 0 1 1 1 10 0 1 0 0 0 0 1 0
0 0 1 0 0 0 0 0 0 1 0 0 0 0 0 0 1 0 0 0 0 0 0 1 0 0 0 0 0 0 0 0 0 0 0 0 0 1 0 0 0 0 0 0 0 0 0 0 0 0 1 0 0 0 1 1 0 0 0 0 0 0 0 0 0 1 1 0 0 0 0 0 0 1 0 0 0 0 0 0 1 0 0 0 0 1 0 1 0 0 0 0 0 0 0 1 0 0 0 0 0 0 1 0 0 0 0 0 0 0 0 1 0 0 1 0 0 1 0 1 1 0 0 0 1 0 0 0 0 0 0 0 1 1 0 0 0 0 0 1 0 0 0 0 1 1 0 0 0 0 1 0 0 0 0 1 0 0 0 0 0 0 1
1 1 10 0 0 1 0 0 1 0 0 1 10 0 0 0 1 0 1 1 0 0 0 1 0 1 1 1 0 1 1 0 0 10 0 0 1 1 1 0 0 0 1 0 0 1 0 1 0 1 1 0 0 1 1 1 1 1 1 1 0 0 0 0 1 10 1 0 0 0 0 0 1 1 1 0 0 0 0 0 1 1 0 0 0 1 0 1 1 0 10 0 1 0 1 1 0 0 0 0 1 0 10 0 0 0 1 0 0 0 0 1 1 0 1 0 1 1 0 10 10 0 0 0 10 1 1 1 0 0 1 0 1 10 0 1 0 0 0 1 0 1 1 1 1 10 1 1 0 1 10 0 1 1 0 1 0 1 1 1 1 0 1
1 0 0 0 0 1 1 1 0 0 0 1 1 1 0 0 0 0 1 0 10 0 1 0 1 0 0 0 0 0 0 1 1 0 0 10 0 1 1 1 10 1 1 0 0 1 1 0 0 0 0 0 0 0 1 0 0 0 1 1 0 10 1 1 1 1 0 10 1 0 10 0 1 1 0 0 0 0 1 0 0 0 1 0 0 1 1 1 1 0 0 0 0 0 0 0 0 1 1 0 1 0 0 1 0 1 10 1 0 1 100 1 0 0 0 0 1 1 1 0 0 0 0 0 1 0 1 1 10 0 1 0 0 1 0 1 1 1 1 0 0 0 0 1 0 0 0 1 1 1 0 1 0 0 1 0 1 0 0 0 0 1 0
1 1 1 0 0 100 1 0 0 1 1 0 1 1 0 1 1 0 10 1 1 0 0 0 0 0 0 10 1 1 0 1 0 1 0 1 1 1 1 1 1 1 1 1 0 0 0 1 1 0 1 0 0 0 1 0 0 1 10 1 0 1 1 0 1 0 0 1 10 0 1 0 10 0 10 0 1 0 0 0 1 0 0 0 0 0 1 0 0 0 1 0 0 0 10 0 0 0 1 0 1 0 1 0 0 0 10 1 0 1 1 1 0 1 0 1 0 1 0 10 0 0 0 0 1 1 1 1 1 1 1 1 0 1 0 10 0 0 0 0 1 1 1 1 0 0 1 1 1 0 1 10 0 1 0 0 0 0 0 0 0 0 0
1 1 1 0 0 1 1 0 0 10 1 1 0 0 0 0 0 0 1 1 1 0 0 0 0 1 1 1 0 1 1 0 0 10 0 1 1 0 1 0 1 0 10 0 0 10 0 1 0 1 0 0 0 1 0 0 1 1 1 1 0 1 0 1 1 1 0 1 0 0 0 0 1 0 1 0 0 0 0 0 0 1 1 0 0 0 0 1 1 0 10 0 1 0 1 0 0 0 0 0 10 0 1 1 0 0 1 0 0 0 1 0 1 0 0 0 1 0 1 1 1 0 0 0 10 1 1 1 1 0 1 0 0 10 0 1 1 1 1 0 0 1 1 1 0 1 1 1 0 10 1 0 1 1 0 0 0 1 1 1 1 0 0
0 1 0 0 0 1 1 1 0 0 1 1 0 0 0 1 1 0 0 0 0 0 1 0 1 0 0 1 1 0 0 10 1 0 0 0 1 10 0 10 0 0 0 1 0 0 1 0 1 0 1 0 0 0 0 0 0 0 1 0 0 10 0 0 0 1 0 0 1 0 1 0 1 1 1 0 1 0 1 0 1 0 0 0 0 1 0 0 1 0 0 0 0 0 1 0 0 1 0 0 0 0 0 0 0 1 1 0 0 0 1 0 0 1 0 1 1 0 0 1 0 0 0 0 0 0 10 1 10 1 1 1 0 0 0 0 0 0 0 0 1 0 0 0 0 0 1 0 0 0 0 1 0 0 1 0 1 0 0 0 0 1 0
0 0 0 0 0 0 0 1 0 0 0 0 0 0 0 1 0 0 0 1 0 1 0 0 0 0 0 0 0 1 0 0 0 0 0 0 0 0 0 0 0 0 0 0 0 0 0 1 0 0 0 0 1 1 0 0 0 0 0 0 0 0 0 0 0 0 0 0 0 0 0 0 0 0 0 0 0 0 0 0 0 0 0 0 0 0 1 0 0 1 0 0 0 0 0 0 0 0 0 0 1 0 0 0 0 0 0 0 0 0 0 0 0 0 0 0 0 0 0 0 1 0 0 0 0 0 0 1 0 0 0 0 0 0 0 0 0 0 0 0 1 0 0 0 0 0 0 0 0 0 0 1 1 1 1 0 0 0 0 0 0 0 0
0 10 0 0 0 1 1 1 0 0 0 1 0 1 1 0 1 0 0 1 0 1 1 0 0 0 0 1 1 1 1 10 0 0 0 0 1 1 0 1 0 0 0 10 0 0 1 1 10 0 10 0 1 1 0 0 0 1 1 0 0 1 1 0 1 0 1 1 1 1 0 0 1 1 1 0 1 1 1 0 1 0 1 0 0 0 1 0 0 1 0 0 1 0 1 0 0 0 0 0 1 0 0 0 0 1 0 1 0 0 0 0 1 1 0 1 0 1 0 1 1 1 1 0 0 1 1 1 1 1 1 1 0 0 1 0 0 0 0 1 100 0 0 0 0 0 1 0 0 0 0 10 1 1 1 1 0 0 0 1 1 0 1
0 1 1 0 0 1 1 0 1 1 0 1 0 1 0 1 0 0 0 0 0 0 0 1 0 0 0 1 1 0 0 1 0 1 0 0 1 10 1 1 0 0 0 10 0 0 0 0 1 1 10 0 0 0 1 1 0 0 1 0 0 1 0 0 0 1 1 0 1 0 0 0 1 1 1 0 1 0 0 0 10 0 0 1 0 1 0 1 1 0 0 0 0 0 1 1 0 0 0 0 0 0 1 0 1 0 0 0 0 0 0 1 0 1 10 1 0 1 0 10 1 0 1 0 1 0 1 0 1 1 0 10 10 1 1 1 0 0 0 1 1 0 0 0 10 1 1 0 1 1 1 1 0 0 0 1 0 1 0 0 0 0 1
0 0 0 1 0 0 0 1 0 0 0 0 0 0 0 0 0 0 0 0 1 10 0 0 1 0 0 0 0 1 0 0 0 0 1 0 0 0 0 0 0 1 0 0 0 0 0 0 1 0 0 1 1 0 1 0 0 0 0 0 0 0 1 1 0 0 0 0 1 1 0 0 0 0 1 10 1 1 0 10 0 1 0 1 10 1 1 0 0 1 1 1 1 0 1 0 1 10 0 0 0 0 0 0 0 1 0 0 0 0 0 0 0 0 0 0 1 0 1 0 0 1 1 0 0 1 0 0 0 1 0 0 1 0 0 0 1 1 0 1 0 1 10 1 0 1 0 1 1 0 1 0 0 0 0 0 1 0 1 0 0 0 0
1 0 1 1 1 10 0 0 0 1 1 10 1 0 0 0 0 0 0 10 1 0 0 1 0 0 0 1 0 1 1 0 0 1 0 1 0 0 1 0 1 1 1 0 0 0 0 1 0 0 0 0 1 0 1 1 0 1 1 10 0 0 1 0 1 0 0 1 1 1 1 1 1 0 1 0 0 0 0 0 0 0 0 0 1 0 1 0 0 1 1 0 0 1 1 0 0 0 1 0 1 0 10 1 0 0 10 1 1 1 1 10 0 1 0 1 0 1 0 1 0 0 0 1 1 1 0 1 0 1 1 0 0 1 0 10 0 0 0 0 0 1 1 1 0 0 0 1 1 0 1 1 0 10 0 1 0 0 0 0 0 0 0
0 0 1 1 1 1 0 1 0 1 0 1 1 0 1 1 0 0 10 0 0 1 0 1 0 0 0 1 0 10 1 0 0 1 0 0 0 0 0 0 0 0 1 0 0 0 0 10 0 0 0 0 10 1 0 1 0 1 0 1 0 0 0 0 0 0 0 0 0 1 0 1 0 0 1 0 0 0 0 0 0 0 0 0 1 0 1 0 0 10 1 0 0 1 1 0 0 0 0 0 10 0 10 1 0 0 1 0 1 0 0 1 0 1 0 1 0 0 0 1 1 0 0 1 1 1 0 10 0 1 1 0 0 1 0 1 0 0 0 0 1 1 1 0 0 0 0 0 0 0 1 1 1 100 1 1 0 0 0 0 0 0 0
1 0 0 0 0 1 1 0 0 0 10 1 1 0 0 0 0 1 1 0 0 1 0 0 0 0 0 0 0 0 0 0 0 0 0 10 0 0 1 0 10 10 1 0 0 1 0 0 0 0 0 0 0 0 1 0 0 0 1 1 0 1 1 10 1 0 0 10 10 0 1 0 1 0 1 1 1 1 0 0 0 1 1 0 1 0 10 1 0 0 0 0 0 0 1 0 0 1 1 0 1 0 0 1 0 1 1 1 0 1 10 1 0 0 0 0 0 1 1 0 0 0 0 0 1 0 0 0 1 0 0 0 1 1 0 1 1 1 1 0 0 0 1 1 0 1 0 1 1 1 1 1 0 0 0 0 1 0 0 0 0 0 0
0 0 0 1 0 0 0 1 0 0 0 0 0 0 1 1 0 10 0 1 1 0 0 0 1 0 0 0 0 10 0 0 0 0 0 0 0 0 0 0 0 1 0 0 0 0 0 1 1 0 0 0 1 1 1 0 0 0 0 0 0 0 1 1 0 0 0 0 1 0 0 0 0 0 1 1 1 1 0 1 0 1 0 0 10 0 10 0 0 10 1 0 0 0 1 0 0 1 0 0 1 0 0 0 0 1 0 0 0 0 0 0 0 0 0 0 0 0 0 0 1 0 1 0 0 1 0 1 0 1 0 0 1 0 0 0 1 0 0 0 1 1 10 0 0 1 0 1 0 0 1 1 1 1 1 0 1 0 1 0 0 0 0
0 1 1 0 0 0 0 1 0 0 1 0 0 1 0 1 0 0 0 0 0 0 0 0 1 0 1 0 0 0 1 10 1 0 0 1 0 1 0 1 1 1 0 1 1 0 10 0 1 0 1 1 0 0 0 0 0 1 0 0 1 1 1 0 1 1 10 1 0 1 1 0 0 10 0 0 0 1 10 1 0 0 10 0 0 1 0 0 1 0 0 0 1 0 0 1 0 1 0 1 0 1 0 1 0 10 1 10 0 0 1 0 1 0 0 1 1 1 0 0 0 10 1 0 0 1 1 1 1 0 10 1 0 0 10 0 1 1 0 1 1 0 0 0 0 0 0 0 0 0 0 0 1 0 1 1 1 0 0 1 1 10 10
0 0 1 1 1 0 0 0 1 1 0 0 0 0 0 0 1 0 1 1 0 0 0 0 0 0 0 0 0 0 1 0 0 0 0 0 0 1 0 0 0 0 0 0 0 0 0 0 0 0 1 0 1 0 1 10 0 0 0 1 0 0 0 0 0 1 1 0 0 1 0 1 0 1 0 0 0 0 0 0 1 0 0 0 1 1 0 1 0 1 0 0 0 1 0 1 0 0 0 0 0 0 10 1 0 0 0 0 1 0 0 10 0 1 1 1 0 1 0 1 1 0 0 1 1 0 0 0 0 1 0 0 1 1 0 0 0 0 0 1 0 0 0 0 1 1 0 0 0 0 1 0 0 1 0 10 0 0 0 0 0 0 1
0 0 0 1 0 0 0 1 0 0 1 0 0 1 0 0 0 1 0 0 0 1 1 0 0 0 0 0 0 1 0 1 1 0 0 0 0 1 0 1 0 0 0 0 0 0 1 0 1 0 0 0 0 0 1 0 0 0 0 0 0 1 1 0 0 1 0 0 0 0 1 0 0 1 0 0 0 0 1 1 0 0 0 0 1 1 0 0 1 1 1 0 0 0 0 0 0 1 0 0 0 0 0 0 0 1 1 0 0 0 1 0 0 0 0 0 1 0 0 0 0 0 1 0 0 1 1 1 1 1 1 0 0 0 0 0 1 0 0 0 0 1 1 0 0 0 0 1 0 0 0 0 0 0 1 0 1 0 1 0 0 1 0
1 1 0 0 0 0 0 0 0 1 0 0 1 0 0 0 0 0 0 0 0 0 0 0 0 0 1 0 0 0 1 0 0 1 0 0 1 0 1 0 0 0 0 0 0 1 0 0 0 1 0 0 0 1 0 0 1 0 1 1 0 0 0 0 1 1 0 0 0 0 0 0 1 0 0 0 0 0 0 0 0 1 0 0 0 0 0 0 1 0 1 0 1 0 0 0 0 0 0 0 0 0 0 0 0 0 0 0 0 0 0 0 1 0 0 0 1 0 0 0 1 0 0 0 0 0 1 0 0 0 0 0 0 0 0 0 0 0 0 0 0 0 0 1 0 1 1 1 0 1 0 0 1 0 0 0 0 1 1 1 1 0 0
1 1 1 0 0 0 0 0 0 1 0 0 1 0 0 0 0 0 0 0 0 0 1 0 0 1 0 0 0 0 1 0 0 1 0 1 1 0 1 0 1 1 0 0 1 1 0 0 0 1 0 1 0 1 0 0 1 0 1 1 1 0 0 0 1 1 1 0 0 0 0 0 1 0 0 0 0 0 0 1 0 1 1 0 0 0 0 0 1 0 1 0 1 0 0 1 0 0 0 1 0 1 0 1 0 0 0 1 0 0 0 0 1 0 0 1 1 0 0 0 1 1 0 0 0 0 1 0 0 0 0 1 0 0 1 0 1 1 0 0 0 0 0 1 0 1 1 1 0 1 0 0 10 0 0 0 0 1 1 1 1 1 1
0 1 1 0 0 10 1 0 0 1 0 10 1 1 0 1 1 0 1 1 0 0 0 0 0 0 0 0 1 1 0 1 0 1 0 0 1 1 0 1 0 0 1 1 0 0 0 1 1 0 1 0 0 0 0 0 0 1 1 0 0 1 0 0 0 0 0 0 1 0 0 0 1 0 10 0 1 0 0 0 1 0 0 0 0 0 0 0 0 0 1 0 0 0 10 0 0 0 0 0 1 0 1 0 0 0 1 0 0 0 0 0 0 1 0 1 0 0 0 10 0 0 0 0 1 1 1 1 1 1 1 1 0 1 0 1 0 0 0 0 1 1 1 0 0 0 1 0 0 0 1 1 0 1 0 0 0 0 0 0 0 0 0
0 1 0 0 0 1 1 0 0 0 0 1 0 1 0 1 1 0 0 0 0 0 0 0 0 0 0 1 0 0 0 1 0 0 0 0 1 1 0 1 0 0 0 1 0 0 0 0 1 0 1 0 0 0 0 0 0 0 1 0 0 1 0 0 0 0 0 0 1 0 0 0 1 0 1 0 1 0 0 0 1 0 0 0 0 0 0 0 0 0 0 0 0 0 1 0 0 0 0 0 0 0 0 0 0 0 0 0 0 0 0 0 0 1 0 1 0 0 0 1 0 0 0 0 0 0 1 0 1 1 0 1 0 0 0 0 0 0 0 0 1 0 0 0 0 0 1 0 0 0 0 1 0 0 0 0 0 0 0 0 0 0 0
0 0 1 1 0 1 0 1 0 1 0 1 1 0 1 1 0 1 1 10 0 10 0 0 1 0 0 1 0 0 0 0 0 1 0 0 0 0 0 0 0 0 1 0 0 0 0 10 1 0 0 0 1 1 1 0 0 1 0 0 0 0 1 0 0 0 0 0 0 0 0 0 0 0 1 0 0 0 0 1 0 0 0 0 1 0 1 0 0 10 10 0 0 0 1 0 0 0 0 0 10 0 1 0 0 0 1 0 0 0 0 0 0 0 0 0 0 0 0 1 1 0 1 0 1 10 0 10 0 1 1 0 0 1 0 1 1 0 0 0 1 10 10 0 0 0 0 1 0 0 1 1 1 10 1 0 0 0 1 0 0 0 0
1 10 0 1 1 0 0 0 0 1 0 0 1 0 0 1 0 0 1 1 0 0 1 1 0 1 1 0 0 0 0 1 0 1 0 0 1 0 1 0 0 0 0 1 0 1 1 0 1 1 1 0 1 1 0 1 1 1 1 10 0 0 1 0 10 1 1 1 0 10 0 1 1 1 0 0 0 1 1 0 0 1 1 0 1 0 0 0 1 1 1 0 10 1 0 0 0 0 0 0 0 0 1 1 0 1 0 1 1 0 0 1 10 1 0 1 1 1 0 0 1 1 1 1 0 1 1 0 0 1 1 0 0 0 1 0 0 0 0 1 1 0 0 1 0 1 1 1 0 1 0 0 1 1 0 10 0 1 1 10 10 0 1
0 10 0 0 0 1 1 1 0 0 1 1 0 10 0 10 1 0 0 0 0 0 10 0 1 0 0 1 1 0 1 0 1 0 0 0 1 10 0 10 0 0 0 10 0 0 10 0 10 0 10 0 0 0 0 0 0 1 1 0 0 10 1 0 1 1 1 1 1 1 1 0 1 10 1 0 1 1 10 0 1 0 1 0 0 1 0 0 1 0 0 0 1 0 1 0 0 1 0 0 0 0 0 0 0 10 1 1 0 0 1 0 1 1 0 1 1 1 0 1 0 1 1 0 0 1 10 1 10 1 10 1 0 0 1 0 0 0 0 1 10 0 0 0 0 0 1 0 0 0 0 1 0 0 1 1 1 0 0 1 1 1 1
0 0 0 0 0 0 0 1 0 0 1 0 0 1 0 0 0 0 0 0 0 0 1 0 1 0 0 0 0 0 0 1 0 0 0 0 0 1 0 1 0 0 0 0 0 0 1 0 0 0 0 0 0 0 0 0 0 0 0 0 0 1 0 0 0 1 0 0 0 0 1 0 0 1 0 0 0 0 1 0 0 0 0 0 0 1 0 0 1 0 0 0 0 0 0 0 0 1 0 0 0 0 0 0 0 1 1 0 0 0 1 0 0 0 0 0 1 0 0 0 0 0 0 0 0 0 1 1 1 0 1 0 0 0 0 0 0 0 0 0 0 0 0 0 0 0 0 0 0 0 0 0 0 0 1 0 1 0 0 0 0 1 0
1 1 1 0 0 1 0 0 0 10 0 1 10 0 0 0 1 0 1 1 0 0 0 0 0 1 1 1 0 1 1 0 0 0 0 0 1 0 10 0 0 0 1 1 0 1 0 1 0 10 0 0 0 1 0 0 1 1 1 1 0 0 0 0 1 1 0 0 0 0 0 0 1 0 1 0 0 0 0 0 0 1 0 1 0 0 0 0 10 0 10 0 1 0 1 0 0 0 0 0 1 0 1 0 1 0 1 0 0 0 0 0 1 0 1 0 1 0 0 1 1 0 1 0 1 1 1 1 0 0 1 1 1 1 1 10 0 0 0 0 0 1 1 1 1 1 1 1 1 10 1 0 1 1 0 0 0 10 1 1 1 0 0
0 0 0 0 0 0 0 1 0 0 0 0 0 0 0 0 0 1 0 0 0 0 0 0 0 0 0 0 0 0 0 0 0 0 0 0 0 0 0 0 0 0 0 0 0 0 0 0 0 0 0 1 1 0 0 0 0 0 0 0 0 0 0 0 0 0 0 0 0 1 0 0 0 0 0 1 0 0 0 1 0 0 0 1 0 1 0 0 0 0 0 1 1 0 0 0 1 1 0 0 0 0 0 0 0 0 0 0 0 0 0 0 0 0 0 0 1 0 1 0 0 1 0 0 0 0 0 0 0 0 0 0 0 0 0 0 0 1 0 1 0 0 0 1 0 0 0 0 1 0 0 0 0 0 0 0 0 0 0 0 0 0 0
1 0 1 0 0 1 1 0 0 0 10 1 1 0 0 0 0 0 1 0 10 0 1 0 0 0 1 0 0 0 0 0 0 0 0 0 0 0 1 0 100 10 1 0 1 1 0 0 0 0 0 1 0 0 1 0 0 0 1 1 1 1 1 1 1 0 1 10 1 0 1 0 1 0 0 0 0 0 0 1 0 0 10 0 0 0 1 1 0 0 0 0 0 0 0 1 0 0 1 1 1 1 0 10 0 0 1 10 0 1 10 1 0 0 0 1 0 1 1 0 0 1 0 0 1 0 0 0 1 0 0 1 0 1 1 1 10 10 1 0 0 0 0 1 0 0 0 1 1 1 0 1 1 0 0 0 0 0 0 0 0 1 1
1 10 0 0 0 1 1 0 0 1 0 1 1 1 0 1 1 0 0 0 0 0 0 0 0 1 1 1 1 0 1 1 0 1 0 0 0 1 1 1 0 0 0 1 0 1 0 0 1 1 1 0 0 1 0 0 1 0 10 1 0 1 0 0 1 1 0 0 1 0 0 0 10 0 1 0 1 0 0 0 1 1 0 0 0 0 0 0 1 0 1 0 1 0 1 0 0 0 0 0 0 0 0 0 0 0 0 0 0 0 0 0 1 1 0 1 1 0 0 1 1 0 0 0 0 0 10 0 1 1 0 1 0 0 0 0 0 0 0 0 1 0 0 1 0 1 10 1 0 1 0 1 1 0 0 0 0 1 1 1 1 0 0
0 1 1 0 0 1 1 1 1 1 1 1 0 10 0 1 10 0 0 0 0 0 1 1 1 0 0 1 1 0 0 10 1 0 0 0 1 0 0 10 0 0 0 1 0 0 1 0 1 0 10 0 0 0 1 1 0 0 1 0 0 10 0 0 0 10 1 0 1 0 1 0 1 10 1 0 1 0 1 0 10 0 0 0 0 10 0 1 1 0 0 0 0 0 1 1 0 1 0 0 0 0 1 0 0 1 1 0 0 0 1 1 0 1 1 1 1 1 0 10 1 0 0 0 1 0 10 1 10 1 1 1 1 1 0 0 0 0 0 1 1 0 0 0 1 1 1 0 0 0 1 1 0 0 1 1 1 0 0 0 0 1 1
10 1 0 0 0 1 0 0 0 1 1 1 1 0 0 0 1 0 1 0 1 0 0 0 0 1 1 0 0 0 1 0 0 10 0 1 1 0 0 0 1 1 0 1 0 1 0 0 0 10 0 0 0 1 1 0 1 0 10 10 0 0 1 0 10 1 0 1 1 0 1 0 10 0 0 0 0 0 0 0 0 1 0 1 0 0 1 0 10 0 1 0 1 0 0 0 0 0 1 0 0 0 0 0 1 0 1 1 0 1 1 1 1 0 1 0 1 1 0 0 1 0 1 0 0 0 1 0 0 0 0 1 1 0 1 10 0 0 0 0 0 0 0 10 1 1 1 10 10 10 0 1 1 0 0 0 0 10 1 1 1 0 0
0 1 0 0 0 1 1 1 0 0 1 1 0 10 0 1 1 0 0 0 0 0 1 0 1 0 0 1 1 0 0 10 1 0 0 0 1 10 0 0 0 0 0 1 0 0 1 0 1 0 1 0 0 0 0 0 0 0 1 0 0 10 0 0 0 1 0 0 1 0 1 0 1 1 1 0 1 0 1 0 1 0 0 0 0 1 0 0 1 0 0 0 0 0 1 0 0 1 0 0 0 0 0 0 0 1 1 0 0 0 1 0 0 1 0 1 1 0 0 1 0 0 0 0 0 0 10 1 10 1 1 1 0 0 0 0 0 0 0 0 1 0 0 0 0 0 1 0 0 0 0 1 0 0 1 0 1 0 0 0 0 1 0
1 0 1 0 0 1 1 0 0 0 10 1 1 0 0 0 0 0 1 0 10 0 1 0 0 0 1 0 0 0 0 0 0 0 0 100 0 0 1 0 0 10 1 0 1 1 0 0 0 0 0 1 0 0 1 0 0 0 1 1 1 1 1 1 1 0 1 10 1 0 1 0 1 0 0 0 0 0 0 1 0 0 10 0 0 0 1 1 0 0 0 0 0 0 0 1 0 0 1 1 1 1 0 10 0 0 1 10 0 1 10 1 0 0 0 1 0 1 1 0 0 1 0 0 1 0 0 0 1 0 0 1 0 1 1 1 10 10 1 0 0 0 0 1 0 0 0 1 1 1 0 1 1 0 0 0 0 0 0 0 0 1 1
1 0 1 0 0 1 0 0 0 0 1 1 0 0 0 0 0 1 1 0 10 1 1 0 0 0 1 0 0 0 0 0 0 0 0 10 0 0 1 0 10 0 0 0 1 0 0 0 0 0 0 1 0 0 1 0 0 0 1 1 1 0 1 1 1 0 1 1 10 0 1 0 1 0 1 1 1 1 0 1 0 1 1 0 1 0 10 0 0 0 0 0 0 0 1 1 0 1 1 1 0 1 0 1 0 1 1 10 0 1 1 1 0 0 0 1 0 1 0 0 0 1 0 0 0 0 0 0 0 0 0 1 1 0 1 1 1 1 0 0 0 0 1 1 0 1 0 1 1 0 1 1 1 0 0 0 1 0 0 0 0 1 1
0 0 1 0 0 1 1 0 0 1 1 1 10 0 0 0 0 0 1 1 1 0 0 0 0 0 0 1 0 1 0 0 0 1 0 1 0 0 0 0 1 0 0 0 0 1 0 1 0 0 0 0 0 0 0 0 0 1 0 0 0 1 0 1 0 0 0 1 0 0 0 0 0 0 1 0 0 0 0 0 0 0 1 0 0 0 0 1 0 0 1 0 0 0 1 0 0 0 0 0 10 0 1 1 0 0 1 0 0 0 1 0 0 0 0 0 0 0 1 1 0 0 0 0 10 1 0 1 1 0 1 0 0 10 0 1 1 1 1 0 0 1 1 0 0 0 0 0 0 1 1 0 0 1 0 0 0 0 0 0 0 0 0
0 10 0 0 0 1 1 0 0 0 0 1 0 1 0 10 10 0 0 0 0 0 1 0 0 0 0 1 1 0 1 10 0 1 0 0 1 1 1 1 0 0 0 0 0 0 1 0 10 1 10 0 0 0 0 0 0 1 1 0 0 1 1 0 1 0 1 1 1 1 0 0 1 1 1 0 1 1 1 0 1 0 1 1 0 0 0 0 1 0 0 0 1 0 1 0 0 0 0 0 0 0 0 0 1 1 0 1 0 0 0 0 1 1 1 1 0 1 0 1 0 1 10 0 0 1 1 0 1 1 1 10 1 0 10 1 0 0 0 1 10 0 0 0 1 0 1 0 1 1 0 1 0 0 0 1 0 1 0 1 1 0 1
0 0 1 0 0 0 0 0 0 0 0 0 0 0 0 0 0 0 0 0 0 0 1 0 0 0 1 0 0 0 0 0 0 0 0 1 0 0 0 0 1 1 0 0 0 0 0 0 0 0 0 1 0 0 0 0 0 0 0 0 1 0 0 0 0 0 1 0 0 0 0 0 0 0 0 0 0 0 0 1 0 0 1 0 0 0 0 0 0 0 0 0 0 0 0 1 0 0 0 1 0 1 0 1 0 0 0 1 0 0 0 0 0 0 0 1 0 0 0 0 0 1 0 0 0 0 0 0 0 0 0 1 0 0 1 0 1 1 0 0 0 0 0 0 0 0 0 0 0 0 0 0 1 0 0 0 0 0 0 0 0 1 1
1 1 0 0 0 0 1 0 0 1 1 0 10 0 0 0 0 0 0 0 1 0 0 0 0 1 1 0 0 0 1 0 0 1 0 1 1 0 1 0 1 0 1 0 0 0 0 0 0 1 0 0 0 1 0 0 1 0 1 1 0 1 0 1 1 1 0 1 0 0 0 0 1 0 0 0 0 0 0 0 0 1 1 0 0 0 0 1 1 0 1 0 1 0 0 0 0 0 0 0 1 0 0 1 0 0 0 0 0 0 1 0 1 0 0 0 1 0 1 0 1 0 0 0 1 0 1 0 1 0 0 0 0 1 0 0 1 1 1 0 0 0 0 1 0 1 1 1 0 10 0 0 1 0 0 0 0 1 1 1 1 0 0
0 1 0 0 0 0 0 1 0 0 1 0 0 1 0 1 0 0 0 0 0 0 10 0 1 0 0 0 0 0 1 10 1 0 0 0 0 1 0 1 0 0 0 1 0 0 0 0 1 0 1 0 0 0 0 0 0 1 0 0 0 1 1 0 1 1 1 1 0 1 1 0 0 10 0 0 0 1 10 0 0 0 1 0 0 1 0 0 1 0 0 0 1 0 0 0 0 1 0 0 0 0 0 0 0 10 1 1 0 0 1 0 1 0 0 0 1 1 0 0 0 1 1 0 0 1 1 1 1 0 10 0 0 0 1 0 0 0 0 1 1 0 0 0 0 0 0 0 0 0 0 0 0 0 1 1 1 0 0 1 1 1 1
0 0 1 0 0 1 0 1 0 1 0 1 1 0 1 1 0 0 1 10 0 1 0 0 0 0 0 1 0 10 0 0 0 1 0 0 0 0 0 0 0 0 1 0 0 0 0 0 0 0 0 0 1 1 0 0 0 1 0 0 0 0 0 0 0 0 0 0 0 0 0 0 0 0 1 0 0 0 0 0 0 0 0 0 0 0 1 0 0 1 1 0 0 0 1 0 0 0 0 0 10 0 1 0 0 0 1 0 0 0 0 0 0 0 0 0 0 0 0 1 1 0 0 0 1 1 0 10 0 0 1 0 0 1 0 1 0 0 0 0 1 1 1 0 0 0 0 0 0 0 1 1 1 10 1 0 0 0 0 0 0 0 0
0 10 0 1 0 1 1 0 0 0 0 1 0 1 0 10 1 1 0 0 0 1 1 0 1 0 0 1 1 1 1 10 0 0 0 0 1 1 0 1 0 0 0 10 0 0 1 0 0 0 10 0 0 0 1 0 0 1 1 0 0 1 10 0 1 0 1 1 1 1 0 0 1 1 1 0 1 1 1 1 1 0 1 0 1 0 0 0 0 1 1 0 1 0 1 0 0 0 0 0 0 0 0 0 0 1 0 1 0 0 0 0 1 1 0 1 0 1 0 1 0 1 10 0 0 10 1 0 1 10 1 1 0 0 1 0 1 0 0 1 10 1 1 0 0 0 1 1 0 0 0 1 0 0 0 1 0 0 1 1 1 0 1
1 1 0 0 0 0 0 0 0 1 0 0 1 0 0 0 1 0 0 0 0 0 0 0 0 1 1 0 0 0 1 0 0 10 0 0 1 0 10 0 0 0 0 1 0 1 0 0 0 0 0 0 0 1 0 0 1 0 1 1 0 0 0 0 1 1 0 0 0 0 0 0 1 0 0 0 0 0 0 0 0 1 0 1 0 0 0 0 10 0 1 0 1 0 0 0 0 0 0 0 0 0 0 0 1 0 0 0 0 0 0 0 1 0 1 0 1 0 0 0 1 0 1 0 0 0 1 0 0 0 0 1 1 0 1 1 0 0 0 0 0 0 0 1 1 1 1 1 1 10 0 0 1 0 0 0 0 10 1 1 1 0 0
0 10 1 0 0 1 1 0 1 1 0 1 0 1 0 10 10 0 0 0 0 0 1 1 0 0 0 1 1 0 1 10 0 0 0 0 1 10 0 1 0 0 0 10 0 0 1 0 10 0 0 0 0 0 1 1 0 1 1 0 0 1 1 0 1 1 10 1 1 1 0 0 1 10 1 0 1 1 1 0 10 0 1 0 0 1 0 1 0 0 0 0 1 0 1 1 0 0 0 0 0 0 1 0 0 1 0 1 0 0 0 1 1 1 1 1 0 10 0 10 1 1 1 0 1 1 1 0 1 1 1 1 1 1 1 0 0 0 0 10 10 0 0 0 1 1 1 0 0 0 1 1 0 0 0 10 0 0 0 1 1 0 10
0 0 1 0 0 0 0 1 0 0 0 0 0 0 0 0 0 1 0 0 0 0 1 0 0 0 1 0 0 0 0 0 0 0 1 1 0 0 0 0 1 1 0 0 1 0 0 0 0 0 0 0 1 0 0 0 0 0 0 0 1 0 0 0 0 0 1 0 0 1 0 0 0 0 0 1 0 0 0 10 0 0 1 1 0 1 0 0 0 0 0 1 1 0 0 1 1 1 0 1 0 1 0 1 0 0 0 1 0 0 0 0 0 0 0 1 1 0 1 0 0 10 0 0 0 0 0 0 0 0 0 1 0 0 1 0 1 10 0 1 0 0 0 1 0 0 0 0 1 0 0 0 1 0 0 0 0 0 0 0 0 1 1
0 0 0 1 1 0 0 10 0 0 0 0 0 0 1 1 0 1 1 10 0 1 0 1 0 0 0 0 0 1 1 0 0 0 1 0 0 0 0 0 0 0 0 0 0 0 0 1 0 0 0 1 0 1 0 1 0 0 0 1 0 0 0 0 0 0 0 0 0 10 0 1 0 0 0 1 0 0 0 1 0 0 0 1 1 1 1 0 0 10 0 1 1 1 0 0 1 1 0 0 1 0 1 1 0 0 0 0 1 0 0 1 0 1 0 1 1 0 1 0 1 1 0 1 0 0 0 1 0 1 0 0 0 0 0 0 0 1 0 1 1 0 0 1 0 0 0 0 1 0 0 1 1 10 1 1 0 0 0 0 0 0 0
1 1 0 0 0 0 0 1 0 1 0 0 1 0 1 1 0 0 0 1 0 1 0 0 0 1 1 0 0 1 1 0 0 1 0 0 1 0 1 0 0 0 0 0 0 1 0 1 0 1 0 0 1 0 0 0 1 0 1 1 0 0 0 0 1 1 0 0 0 0 0 0 1 0 0 0 0 0 0 0 0 1 0 0 0 0 1 0 1 1 1 0 1 0 0 0 0 0 0 0 1 0 0 0 0 0 0 0 0 0 0 0 1 0 0 0 1 0 0 0 10 0 0 0 0 0 1 1 0 0 0 0 0 0 0 0 0 0 0 0 1 0 0 1 0 1 1 1 0 1 0 1 10 1 1 0 0 1 1 1 1 0 0
1 0 1 1 0 1 0 0 1 1 1 1 0 0 0 0 1 1 1 0 1 1 0 1 1 0 0 0 0 1 0 0 0 0 0 1 0 1 1 0 1 1 0 0 0 0 0 0 1 0 1 0 0 0 0 1 0 0 1 1 0 0 10 0 1 1 1 1 1 0 1 0 1 1 0 0 0 0 0 1 1 0 0 0 1 1 1 1 0 1 1 0 0 0 0 1 0 0 1 0 0 0 1 0 0 0 1 1 0 1 1 10 0 0 1 0 0 10 0 1 1 0 1 0 1 1 0 0 0 1 0 0 1 1 0 1 1 0 0 1 0 1 1 1 1 1 0 10 1 0 1 1 0 0 0 1 0 0 1 0 0 0 1
0 0 1 1 1 0 0 0 1 1 0 0 0 0 0 0 1 0 1 1 0 0 0 10 0 0 0 0 0 0 1 0 0 0 0 0 0 1 0 0 0 0 0 0 0 0 0 0 0 0 1 0 1 0 1 0 0 0 0 1 0 0 0 0 0 1 1 0 0 1 0 1 0 1 0 0 0 0 0 0 1 0 0 0 1 1 0 1 0 1 0 0 0 1 0 1 0 0 0 0 0 0 10 1 0 0 0 0 1 0 0 10 0 1 1 1 0 1 0 1 1 0 0 1 1 0 0 0 0 1 0 0 1 1 0 0 0 0 0 1 0 0 0 0 1 1 0 0 0 0 1 0 0 1 0 10 0 0 0 0 0 0 1
1 1 0 0 0 0 0 0 0 1 0 0 1 0 0 0 0 0 0 0 0 0 0 0 0 1 1 0 0 0 1 0 0 1 0 0 1 0 1 0 0 0 0 0 0 1 0 0 0 1 0 0 0 1 0 0 0 0 1 1 0 0 0 0 1 1 0 0 0 0 0 0 1 0 0 0 0 0 0 0 0 1 0 0 0 0 0 0 1 0 1 0 1 0 0 0 0 0 0 0 0 0 0 0 0 0 0 0 0 0 0 0 1 0 0 0 1 0 0 0 1 0 0 0 0 0 1 0 0 0 0 0 0 0 0 0 0 0 0 0 0 0 0 1 0 1 1 1 0 1 0 0 1 0 0 0 0 1 1 1 1 0 0
0 1 1 0 0 1 0 0 0 1 0 1 1 0 0 1 0 0 1 1 0 0 1 0 0 0 0 1 0 1 1 1 0 1 0 0 0 0 0 0 0 0 1 1 0 0 1 1 1 0 1 0 0 0 0 0 0 0 0 0 0 0 1 0 1 0 1 1 0 1 0 0 0 1 1 0 0 1 1 0 0 0 1 0 0 0 0 0 0 0 1 0 1 0 1 0 0 0 0 0 1 0 1 0 0 1 1 1 0 0 0 0 1 0 0 0 0 1 0 1 0 1 1 0 1 10 0 1 0 0 10 0 0 1 1 1 0 0 0 1 1 1 1 0 0 0 0 0 0 0 1 0 0 1 0 1 0 0 0 1 1 0 1
10 10 0 0 0 10 1 0 0 1 1 10 1 1 0 1 1 0 1 0 1 0 0 0 0 1 1 1 1 0 1 1 0 1 0 1 10 1 10 1 1 1 0 1 0 1 0 0 1 1 1 0 0 1 1 0 1 0 0 10 0 1 1 0 10 1 0 1 10 0 1 0 100 0 1 0 1 0 0 0 1 1 0 0 0 0 1 0 1 0 1 0 1 0 1 0 0 0 1 0 0 0 0 0 0 0 1 1 0 1 1 1 1 1 0 1 1 1 0 1 1 0 0 0 0 0 10 0 1 1 0 1 0 0 0 1 0 0 0 0 1 0 0 10 0 1 10 10 1 1 0 10 1 0 0 0 0 1 1 1 1 0 0
10 1 0 1 1 1 0 0 0 1 1 1 1 0 0 0 0 0 10 1 1 0 0 1 0 1 1 0 0 0 10 0 0 1 0 1 1 0 10 0 1 1 0 0 0 1 0 0 0 1 0 0 1 1 1 1 1 0 10 0 0 0 1 0 10 1 0 1 1 1 1 1 10 0 0 0 0 0 0 0 0 1 0 0 1 0 1 0 1 1 1 0 1 1 0 0 0 0 1 0 0 0 1 1 0 0 1 1 1 1 1 10 1 1 0 1 1 1 0 0 1 0 0 1 0 0 1 0 0 1 0 0 0 0 0 1 0 0 0 0 0 0 0 10 0 1 1 10 1 1 0 1 1 1 0 1 0 1 1 1 1 0 0
0 0 1 0 0 0 0 0 0 0 0 0 0 0 0 0 0 0 0 0 0 0 1 0 0 0 1 0 0 0 0 0 0 0 0 1 0 0 0 0 1 1 0 0 1 0 0 0 0 0 0 1 0 0 0 0 0 0 0 0 0 0 0 0 0 0 1 0 0 0 0 0 0 0 0 0 0 0 0 1 0 0 1 0 0 0 0 0 0 0 0 0 0 0 0 1 0 0 0 1 0 1 0 1 0 0 0 1 0 0 0 0 0 0 0 1 0 0 0 0 0 1 0 0 0 0 0 0 0 0 0 1 0 0 1 0 1 1 0 0 0 0 0 0 0 0 0 0 0 0 0 0 1 0 0 0 0 0 0 0 0 1 1
0 1 0 0 0 1 10 1 0 0 10 1 1 10 0 1 1 0 0 0 1 0 1 0 1 0 0 1 1 0 0 10 1 0 0 1 1 10 0 10 1 0 1 1 0 1 1 0 1 0 1 0 0 0 0 0 0 0 1 0 0 0 0 1 0 1 0 1 1 0 1 0 1 1 1 0 1 0 1 0 1 0 1 0 0 1 0 1 1 0 0 0 0 0 1 0 0 1 0 0 1 0 0 1 0 1 1 0 0 0 10 0 0 1 0 1 1 0 1 1 0 0 0 0 1 0 10 1 100 1 1 1 0 1 0 0 1 1 1 0 1 0 0 0 0 0 1 0 0 1 0 1 0 0 1 0 1 0 0 0 0 1 0
1 1 0 1 0 1 0 0 0 0 1 1 0 0 0 1 0 1 1 0 1 1 1 0 1 0 0 0 0 1 1 1 0 0 0 1 0 0 1 0 1 1 0 1 0 0 1 0 10 0 1 0 0 0 10 0 0 1 1 1 0 0 0 0 10 0 1 10 1 1 1 0 1 1 0 0 0 1 1 1 0 0 1 0 1 0 1 0 0 1 1 0 1 0 0 0 0 0 1 0 0 0 0 0 0 1 1 10 0 1 1 1 1 0 0 0 0 10 0 0 0 1 10 0 0 10 0 0 0 1 1 0 0 0 1 1 1 0 0 1 1 1 1 1 0 0 0 10 1 0 0 1 0 0 0 1 0 0 1 1 1 0 1
0 0 0 0 0 0 1 0 0 0 1 0 1 0 0 0 0 1 0 0 10 1 0 0 0 0 0 0 0 0 0 0 0 0 0 1 0 0 0 0 1 1 1 0 0 1 0 0 0 0 0 0 0 0 0 0 0 0 0 0 0 1 0 0 0 0 0 1 1 0 0 0 0 0 1 1 1 1 0 0 0 1 1 0 1 0 1 1 0 0 0 0 0 0 1 0 0 1 0 0 1 0 0 1 0 1 0 0 0 0 1 0 0 0 0 0 0 0 1 0 0 0 0 0 1 0 0 0 1 0 0 0 1 1 0 0 1 1 1 0 0 0 1 0 0 1 0 0 0 1 1 0 0 0 0 0 1 0 0 0 0 0 0
10 10 0 0 0 1 0 0 0 1 1 1 1 0 0 1 0 0 1 0 1 0 1 0 0 1 1 0 0 0 10 1 0 1 0 1 1 0 10 0 1 1 0 1 0 1 1 0 1 1 1 0 0 1 1 0 1 1 10 10 0 0 10 0 0 1 1 10 1 1 1 0 10 1 0 0 0 1 1 0 0 1 1 0 0 0 1 0 1 0 1 0 10 0 0 0 0 0 1 0 0 0 0 0 0 1 1 10 0 1 1 1 10 0 0 0 1 10 0 0 1 1 1 0 0 1 1 0 0 0 1 0 0 0 1 1 0 0 0 1 1 0 0 10 0 1 1 10 1 1 0 1 1 0 0 1 0 1 1 10 10 0 1
1 1 1 0 0 0 0 1 1 10 1 0 1 1 0 0 1 0 0 0 0 0 1 1 1 1 1 0 0 0 1 1 1 1 0 0 1 10 1 1 0 0 0 0 0 1 1 0 0 1 1 0 0 1 1 1 1 0 1 1 0 1 0 0 1 0 1 0 0 0 1 0 1 10 0 0 0 0 1 0 1 1 0 0 0 10 0 1 10 0 1 0 1 0 0 1 0 1 0 0 0 0 1 0 0 1 1 0 0 0 1 1 1 0 1 0 10 1 0 1 10 0 0 0 1 0 10 1 1 0 1 0 1 1 0 0 0 0 0 1 0 0 0 1 1 10 1 1 0 1 1 0 1 0 1 1 1 1 1 1 1 1 1
0 1 10 0 0 0 0 0 1 1 0 0 0 0 0 1 1 0 0 0 0 0 10 1 0 0 1 0 0 0 1 1 0 0 0 1 0 1 0 0 1 1 0 1 1 0 1 0 1 0 10 1 0 0 1 1 0 1 0 0 1 0 1 0 1 1 0 1 0 1 0 0 0 10 0 0 0 1 1 1 1 0 10 0 0 1 0 1 0 0 0 0 1 0 0 10 0 0 0 1 0 1 1 1 0 1 0 10 0 0 0 1 1 0 1 1 0 10 0 1 1 10 1 0 1 1 0 0 0 0 1 1 1 1 10 0 1 1 0 10 1 0 0 0 1 1 0 0 0 0 1 0 1 0 0 10 0 0 0 1 1 1 100
1 1 0 0 0 1 1 0 0 0 10 1 1 0 0 1 0 0 1 0 10 0 1 0 0 0 0 0 0 0 1 1 0 0 0 10 0 0 1 0 10 1 1 1 0 1 1 0 1 0 1 0 0 0 1 0 0 1 1 1 0 1 10 1 10 0 1 0 1 1 1 0 1 1 0 0 0 1 1 0 0 0 10 0 0 0 1 1 0 0 0 0 1 0 0 0 0 0 1 0 1 0 0 1 0 1 1 10 0 1 10 1 1 0 0 0 0 10 1 0 0 1 1 0 1 1 0 0 1 0 1 0 0 1 1 1 1 1 1 1 1 0 0 1 0 0 0 1 1 1 0 1 0 0 0 1 0 0 0 1 1 0 1
1 1 0 0 0 10 1 0 0 0 1 10 0 1 0 1 1 1 1 0 10 1 0 0 0 0 0 1 1 0 0 1 0 0 0 1 1 1 1 1 1 10 0 1 0 0 0 0 1 0 1 0 0 0 1 0 0 0 10 1 0 1 1 1 1 0 0 1 0 0 1 0 10 0 10 1 10 1 0 0 1 1 0 0 1 0 10 0 0 0 0 0 0 0 10 0 0 1 1 0 0 0 0 0 0 1 1 1 0 1 1 1 0 1 0 1 0 1 0 1 0 0 0 0 0 0 1 0 1 1 0 1 1 0 0 1 0 0 0 0 1 0 1 1 0 1 1 1 1 0 1 10 0 0 0 0 1 0 0 0 0 0 0
0 1 0 1 1 0 0 1 0 0 0 0 0 0 0 1 0 1 1 1 0 0 1 1 0 0 0 0 0 0 10 1 0 0 1 0 0 0 0 0 0 0 0 1 0 0 1 0 1 0 1 1 10 0 0 1 0 1 0 1 0 0 1 0 1 0 1 1 0 0 0 1 0 1 0 1 0 1 1 1 0 0 1 1 1 1 0 0 0 1 0 1 10 1 0 0 1 1 0 0 0 0 1 1 0 1 0 1 1 0 0 1 1 1 0 1 1 1 1 0 0 10 1 1 0 1 0 0 0 1 1 0 0 0 1 0 0 1 0 10 1 0 0 1 0 0 0 0 1 0 0 0 0 1 0 10 0 0 0 1 1 0 1
1 0 0 0 0 1 0 1 0 0 10 1 0 1 0 0 0 0 1 0 1 0 1 0 1 0 0 0 0 0 0 1 1 0 0 1 0 1 1 1 1 1 0 0 0 0 1 0 0 0 0 0 0 0 1 0 0 0 1 1 0 1 1 0 1 1 0 1 1 0 0 0 1 1 0 0 0 0 1 0 0 0 0 0 0 1 1 0 1 0 0 0 0 0 0 0 0 1 1 0 0 0 0 0 0 1 10 1 0 1 10 1 0 0 0 0 1 1 0 0 0 0 0 0 0 0 1 1 1 0 1 0 0 0 0 1 0 0 0 0 0 0 0 1 0 0 0 1 1 0 0 1 0 0 1 0 1 0 0 0 0 1 0
0 0 0 1 1 0 0 0 0 0 0 0 0 0 0 0 0 0 1 1 0 0 0 1 0 0 0 0 0 0 1 0 0 0 0 0 0 0 0 0 0 0 0 0 0 0 0 0 0 0 0 0 1 0 0 1 0 0 0 1 0 0 0 0 0 0 0 0 0 1 0 0 0 0 0 0 0 0 0 0 0 0 0 0 1 0 0 0 0 1 0 0 0 1 0 0 0 0 0 0 0 0 1 1 0 0 0 0 1 0 0 1 0 1 0 1 0 0 0 0 0 0 0 1 0 0 0 0 0 1 0 0 0 0 0 0 0 0 0 0 0 0 0 0 0 0 0 0 0 0 0 0 0 1 0 1 0 0 0 0 0 0 0
10 10 0 0 0 10 1 0 0 1 1 10 1 1 0 1 1 0 1 0 1 0 0 0 0 1 1 1 1 0 1 1 0 1 0 1 10 1 10 1 1 1 0 1 0 1 0 0 1 1 1 0 0 1 1 0 1 0 100 10 0 1 1 0 10 1 0 1 10 0 1 0 0 0 1 0 1 0 0 0 1 1 0 0 0 0 1 0 1 0 1 0 1 0 1 0 0 0 1 0 0 0 0 0 0 0 1 1 0 1 1 1 1 1 0 1 1 1 0 1 1 0 0 0 0 0 10 0 1 1 0 1 0 0 0 1 0 0 0 0 1 0 0 10 0 1 10 10 1 1 0 10 1 0 0 0 0 1 1 1 1 0 0
0 1 1 0 0 0 0 1 1 1 1 0 0 1 0 1 1 0 0 0 0 0 10 1 1 0 0 0 0 0 1 10 1 0 0 0 0 10 0 1 0 0 0 1 0 0 10 0 1 0 10 0 0 0 1 1 0 1 0 0 0 1 1 0 1 10 10 1 0 1 1 0 0 0 0 0 0 1 10 0 1 0 1 0 0 10 0 1 1 0 0 0 1 0 0 1 0 1 0 0 0 0 1 0 0 10 1 1 0 0 1 1 1 0 1 0 1 10 0 1 1 1 1 0 1 1 1 1 1 0 10 0 1 1 1 0 0 0 0 10 1 0 0 0 1 1 0 0 0 0 1 0 0 0 1 10 1 0 0 1 1 1 10
0 1 1 0 0 10 1 0 0 1 0 10 1 1 0 1 1 1 1 1 1 1 0 0 0 0 0 10 1 1 0 1 0 1 0 0 1 1 0 1 0 1 1 1 0 0 0 1 1 0 1 0 0 0 0 0 0 1 1 0 0 1 0 1 0 0 0 0 10 0 0 0 1 0 0 1 10 1 0 0 1 1 0 0 1 0 1 0 0 0 1 0 0 0 100 0 0 1 0 0 1 0 1 0 0 1 1 0 0 0 0 0 0 1 0 1 0 0 0 10 0 0 0 0 1 1 1 1 1 1 1 1 1 1 0 1 0 0 0 0 1 1 10 0 0 1 1 0 0 0 10 1 0 1 0 0 1 0 0 0 0 0 0
0 0 0 0 0 0 0 1 0 0 0 0 0 0 0 0 0 10 0 0 1 1 0 0 0 0 0 0 0 0 0 0 0 0 1 0 0 0 0 0 0 1 0 0 0 0 0 0 0 0 0 1 1 0 0 0 0 0 0 0 0 0 0 1 0 0 0 0 1 1 0 0 0 0 1 0 1 1 0 1 0 1 0 1 1 1 1 0 0 0 0 1 1 0 1 0 1 10 0 0 0 0 0 0 0 1 0 0 0 0 0 0 0 0 0 0 1 0 1 0 0 1 0 0 0 0 0 0 0 0 0 0 1 0 0 0 0 1 0 1 0 0 1 1 0 1 0 0 1 0 1 0 0 0 0 0 1 0 0 0 0 0 0
0 1 0 0 0 1 1 0 0 0 0 1 0 1 0 1 1 1 0 0 1 1 0 0 0 0 0 1 1 0 0 1 0 0 0 0 1 1 0 1 0 1 0 1 0 0 0 0 1 0 1 0 0 0 0 0 0 0 1 0 0 1 0 1 0 0 0 0 10 0 0 0 1 0 10 1 0 1 0 0 1 1 0 0 1 0 1 0 0 0 0 0 0 0 10 0 0 1 0 0 0 0 0 0 0 1 0 0 0 0 0 0 0 1 0 1 0 0 0 1 0 0 0 0 0 0 1 0 1 1 0 1 1 0 0 0 0 0 0 0 1 0 1 0 0 1 1 0 0 0 1 1 0 0 0 0 1 0 0 0 0 0 0
0 1 0 0 0 0 0 0 0 0 0 0 0 0 0 1 0 1 0 0 1 1 1 0 0 0 0 0 0 0 1 1 0 0 0 0 0 0 0 0 0 1 0 1 0 0 1 0 1 0 1 0 0 0 0 0 0 1 0 0 0 0 1 1 1 0 1 1 1 1 0 0 0 1 1 1 1 0 1 0 0 1 1 0 1 0 1 0 0 0 0 0 1 0 1 0 0 1 0 0 0 0 0 0 0 10 0 1 0 0 0 0 1 0 0 0 0 1 0 0 0 1 1 0 0 1 0 0 0 0 1 0 1 0 1 0 0 0 0 1 1 0 1 0 0 1 0 0 0 0 1 0 0 0 0 1 1 0 0 1 1 0 1
0 1 0 0 0 0 0 1 0 0 1 0 0 1 0 1 0 0 0 0 0 0 10 0 1 0 0 0 0 0 1 10 1 0 0 0 0 1 0 1 0 0 0 1 0 0 10 0 1 0 1 0 0 0 0 0 0 1 0 0 0 1 1 0 1 1 1 1 0 1 1 0 0 10 0 0 0 1 0 0 0 0 1 0 0 1 0 0 1 0 0 0 1 0 0 0 0 1 0 0 0 0 0 0 0 10 1 1 0 0 1 0 1 0 0 0 1 1 0 0 0 1 1 0 0 1 1 1 1 0 10 0 0 0 1 0 0 0 0 1 1 0 0 0 0 0 0 0 0 0 0 0 0 0 1 1 1 0 0 1 1 1 1
0 0 1 1 0 0 0 1 0 0 0 0 0 0 0 0 0 10 0 0 0 1 1 0 1 0 1 0 0 1 0 0 0 0 1 1 0 0 0 0 1 1 0 0 1 0 0 0 1 0 0 10 1 0 1 0 0 0 0 0 1 0 1 0 0 0 1 0 0 1 0 0 0 0 0 1 0 0 0 0 0 0 1 1 1 1 0 0 0 1 1 1 1 0 0 1 1 1 0 1 0 1 0 1 0 0 0 1 0 0 0 0 0 0 0 1 1 0 1 0 0 10 1 0 0 1 0 0 0 1 0 1 0 0 1 0 10 10 0 1 0 1 1 1 0 0 0 1 1 0 0 0 1 0 0 0 0 0 1 0 0 1 1
0 1 1 0 0 1 1 0 1 1 0 1 0 1 0 1 10 0 0 0 0 0 0 1 0 0 0 1 1 0 0 1 0 0 0 0 1 10 0 1 0 0 0 1 0 0 0 0 1 0 10 0 0 0 1 1 0 0 1 0 0 1 0 0 0 1 1 0 1 0 0 0 1 1 1 0 1 0 0 0 0 0 0 0 0 1 0 1 0 0 0 0 0 0 1 1 0 0 0 0 0 0 1 0 0 0 0 0 0 0 0 1 0 1 1 1 0 1 0 10 1 0 0 0 1 0 1 0 1 1 0 1 1 1 0 0 0 0 0 1 1 0 0 0 1 1 1 0 0 0 1 1 0 0 0 1 0 0 0 0 0 0 1
1 1 0 0 0 0 0 0 0 1 0 0 1 0 0 0 0 1 0 0 1 1 0 0 0 1 1 0 0 0 1 0 0 1 0 0 1 0 1 0 0 1 0 0 0 1 0 0 0 1 0 0 0 1 0 0 1 0 1 1 0 0 0 1 1 1 0 0 1 0 0 0 1 0 1 1 1 1 0 0 0 0 0 0 1 0 1 0 1 0 1 0 1 0 1 0 0 1 0 0 0 0 0 0 0 1 0 0 0 0 0 0 1 0 0 0 1 0 0 0 1 0 0 0 0 0 1 0 0 0 0 0 1 0 0 0 0 0 0 0 0 0 1 1 0 10 1 1 0 1 1 0 1 0 0 0 1 1 1 1 1 0 0
0 1 1 0 0 0 1 0 0 0 1 0 1 0 0 1 0 0 0 0 1 0 10 0 0 0 1 0 0 0 1 1 0 0 0 10 0 0 0 0 10 1 1 1 1 1 1 0 1 0 1 1 0 0 0 0 0 1 0 0 1 1 1 1 1 0 10 10 0 1 0 0 0 1 0 0 0 1 1 1 0 0 0 0 0 0 0 1 0 0 0 0 1 0 0 1 0 0 0 1 1 1 0 10 0 1 0 10 0 0 1 0 1 0 0 1 0 1 1 0 0 10 1 0 1 1 0 0 1 0 1 1 0 1 10 0 10 10 1 1 1 0 0 0 0 0 0 0 0 1 0 0 1 0 0 1 0 0 0 1 1 1 10
0 0 0 0 0 0 0 1 0 0 0 0 0 0 0 0 1 1 0 0 0 0 0 0 0 0 0 0 0 0 0 0 0 1 1 0 0 0 1 0 0 0 0 1 0 0 0 0 0 1 0 1 1 0 0 0 0 0 0 0 0 0 0 0 0 0 0 0 0 1 0 0 0 0 0 1 0 0 0 1 0 0 0 0 0 1 0 0 1 0 0 1 1 0 0 0 1 1 0 0 0 0 0 0 1 0 0 0 0 0 0 0 0 0 1 0 1 0 1 0 0 1 1 0 0 0 0 0 0 0 0 1 1 0 1 1 0 1 0 1 0 0 0 1 1 0 0 0 10 1 0 0 0 0 0 0 0 1 0 0 0 0 0
0 0 0 10 1 0 0 0 0 0 0 0 0 0 0 0 0 10 1 1 1 10 0 1 1 0 0 0 0 1 1 0 0 0 0 0 0 0 0 0 0 1 0 0 0 0 0 0 1 0 0 0 1 0 1 1 0 0 0 1 0 0 1 1 0 0 0 0 1 1 0 1 0 0 1 1 1 1 0 1 0 1 0 0 0 0 1 0 0 10 1 0 0 1 1 0 0 1 0 0 0 0 1 1 0 1 0 0 1 0 0 1 0 1 0 1 0 0 0 0 0 0 1 1 0 1 0 0 0 10 0 0 1 0 0 0 1 0 0 0 0 1 10 0 0 1 0 1 0 0 1 0 0 1 0 1 1 0 1 0 0 0 0
0 0 1 0 0 0 0 10 1 1 1 0 0 1 0 0 1 1 0 0 0 0 1 1 1 0 0 0 0 0 0 1 1 0 1 0 0 10 0 1 0 0 0 0 0 0 1 0 0 0 1 1 1 0 1 1 0 0 0 0 0 1 0 0 0 10 1 0 0 1 1 0 0 10 0 1 0 0 1 1 1 0 0 1 0 0 0 1 1 0 0 1 1 0 0 1 1 10 0 0 0 0 1 0 0 1 1 0 0 0 1 1 0 0 1 0 10 1 1 1 1 1 0 0 1 0 1 1 1 0 1 0 1 1 0 0 0 1 0 10 0 0 0 1 1 1 0 0 1 0 1 0 0 0 1 1 1 0 0 0 0 1 1
1 0 0 0 0 1 0 1 0 0 1 1 0 0 1 1 0 1 1 1 10 10 0 0 0 0 0 0 0 1 0 0 0 0 0 1 0 0 1 0 1 10 0 0 0 0 0 1 0 0 0 0 1 1 1 0 0 0 1 1 0 0 1 1 1 0 0 1 10 0 1 0 1 0 1 1 1 1 0 0 0 1 0 0 1 0 0 0 0 1 0 0 0 0 1 0 0 1 1 0 1 0 0 0 0 1 1 1 0 1 1 1 0 0 0 0 0 1 0 0 1 0 0 0 0 0 0 1 0 0 0 0 1 0 0 1 0 0 0 0 1 0 1 1 0 1 0 1 1 0 1 10 1 1 1 0 1 0 0 0 0 0 0
0 0 1 0 0 0 1 0 1 1 1 0 1 0 0 0 1 0 0 0 1 0 0 1 0 0 0 0 0 0 0 0 0 0 0 1 0 1 0 0 1 0 1 0 0 1 0 0 0 0 1 0 0 0 1 1 0 0 0 0 0 1 0 1 0 1 1 1 0 0 0 0 0 1 0 0 0 0 0 0 1 0 1 0 0 1 0 0 0 0 0 0 0 0 0 1 0 0 0 0 1 0 1 1 0 0 0 0 0 0 1 1 0 0 1 0 0 1 1 1 1 0 0 0 10 0 0 0 1 0 0 0 1 10 0 0 1 1 1 1 0 0 0 0 1 1 0 0 0 1 1 0 0 0 0 1 0 0 0 0 0 0 1
1 1 0 0 0 0 0 1 0 1 1 0 1 1 0 0 1 0 0 0 0 0 1 0 1 1 1 0 0 0 1 1 1 10 0 0 1 1 10 1 0 0 0 1 0 1 1 0 0 10 0 0 0 1 0 0 1 0 1 1 0 1 0 0 1 10 0 0 0 0 1 0 1 1 0 0 0 0 1 0 0 1 0 1 0 1 0 0 0 0 1 0 1 0 0 0 0 1 0 0 0 0 0 0 1 1 1 0 0 0 1 0 1 0 1 0 10 0 0 0 1 0 1 0 0 0 10 1 1 0 1 1 1 0 1 1 0 0 0 0 0 0 0 1 1 1 1 1 1 10 0 0 1 0 1 0 1 10 1 1 1 1 0
0 0 0 10 1 0 0 1 0 0 0 0 0 0 1 1 0 1 1 10 0 10 0 1 1 0 0 0 0 10 1 0 0 0 0 0 0 0 0 0 0 0 0 0 0 0 0 1 1 0 0 0 10 1 1 1 0 0 0 1 0 0 1 0 0 0 0 0 0 1 0 1 0 0 0 0 0 0 0 1 0 0 0 0 10 0 1 0 0 0 1 0 0 1 0 0 0 0 0 0 1 0 1 1 0 0 0 0 1 0 0 1 0 1 0 1 0 0 0 0 1 0 1 1 0 1 0 1 0 10 0 0 0 0 0 0 1 0 0 0 1 1 1 0 0 0 0 1 0 0 0 1 1 10 1 1 0 0 1 0 0 0 0
1 1 1 1 0 1 0 0 0 10 0 1 10 0 0 0 0 1 1 1 0 1 0 0 1 1 1 1 0 10 1 0 0 10 0 0 1 0 1 0 0 0 1 0 0 1 0 1 1 1 0 0 0 1 1 0 1 1 1 1 0 0 1 0 1 1 0 0 0 0 0 0 1 0 1 0 0 0 0 1 0 1 0 0 1 0 0 0 1 1 0 0 1 0 1 0 0 0 0 0 1 0 1 0 0 0 1 0 0 0 0 0 1 0 0 0 1 0 0 1 1 0 1 0 1 10 1 1 0 1 1 0 0 1 0 1 1 0 0 0 0 10 10 1 0 1 1 10 0 1 1 0 1 1 0 0 0 1 10 1 1 0 0
0 0 0 0 0 0 0 1 0 0 0 0 0 0 0 0 0 1 0 0 0 0 0 0 0 0 0 0 0 0 0 0 0 0 1 0 0 0 0 0 0 0 0 0 0 0 0 0 0 0 0 1 1 0 0 0 0 0 0 0 0 0 0 0 0 0 0 0 0 1 0 0 0 0 0 1 0 0 0 1 0 0 0 1 0 1 0 0 0 0 0 0 1 0 0 0 1 1 0 0 0 0 0 0 0 0 0 0 0 0 0 0 0 0 0 0 1 0 1 0 0 1 0 0 0 0 0 0 0 0 0 0 0 0 0 0 0 1 0 1 0 0 0 1 0 0 0 0 1 0 0 0 0 0 0 0 0 0 0 0 0 0 0
1 10 0 0 0 0 0 1 0 1 0 0 1 0 0 1 0 1 0 0 0 0 1 0 0 1 1 0 0 0 10 1 0 1 1 0 1 0 1 0 0 0 0 1 0 1 1 0 1 1 1 1 1 1 0 0 1 1 1 1 0 0 1 0 10 1 1 1 0 10 0 0 1 1 0 1 0 1 1 1 0 1 1 1 0 1 0 0 1 0 1 1 0 0 0 0 1 1 0 0 0 0 0 0 0 1 0 1 0 0 0 0 10 0 0 0 10 1 1 0 1 10 1 0 0 1 1 0 0 0 1 0 0 0 1 0 0 1 0 10 1 0 0 10 0 1 1 1 1 1 0 0 1 0 0 1 0 1 1 10 10 0 1
0 0 0 1 1 0 0 0 0 0 0 0 0 0 0 0 0 0 1 1 0 0 0 1 0 0 0 0 0 0 1 0 0 0 0 0 0 0 0 0 0 0 0 0 0 0 0 0 0 0 0 0 1 0 0 1 0 0 0 1 0 0 0 0 0 0 0 0 0 1 0 1 0 0 0 0 0 0 0 0 0 0 0 0 1 0 0 0 0 1 0 0 0 0 0 0 0 0 0 0 0 0 1 1 0 0 0 0 1 0 0 1 0 1 0 1 0 0 0 0 0 0 0 1 0 0 0 0 0 1 0 0 0 0 0 0 0 0 0 0 0 0 0 0 0 0 0 0 0 0 0 0 0 1 0 1 0 0 0 0 0 0 0
0 1 1 0 0 10 1 0 0 1 0 10 1 1 0 1 1 1 1 1 1 1 0 0 0 0 0 10 1 1 0 1 0 1 0 0 1 1 0 1 0 1 1 1 0 0 0 1 1 0 1 0 0 0 0 0 0 1 1 0 0 1 0 1 0 0 0 0 10 0 0 0 1 0 100 1 10 1 0 0 1 1 0 0 1 0 1 0 0 0 1 0 0 0 0 0 0 1 0 0 1 0 1 0 0 1 1 0 0 0 0 0 0 1 0 1 0 0 0 10 0 0 0 0 1 1 1 1 1 1 1 1 1 1 0 1 0 0 0 0 1 1 10 0 0 1 1 0 0 0 10 1 0 1 0 0 1 0 0 0 0 0 0
0 0 10 0 0 0 0 0 1 1 0 0 0 0 0 0 1 0 0 0 0 0 1 1 0 0 1 0 0 0 0 0 0 0 0 1 0 1 0 0 1 1 0 0 1 0 0 0 0 0 1 1 0 0 1 1 0 0 0 0 1 0 0 0 0 1 10 0 0 0 0 0 0 1 0 0 0 0 0 1 1 0 1 0 0 1 0 1 0 0 0 0 0 0 0 0 0 0 0 1 0 1 1 1 0 0 0 1 0 0 0 1 0 0 1 1 0 1 0 1 1 1 0 0 1 0 0 0 0 0 0 1 1 1 1 0 1 1 0 1 0 0 0 0 1 1 0 0 0 0 1 0 1 0 0 1 0 0 0 0 0 1 10
0 0 0 0 0 0 0 1 0 0 0 0 0 0 0 0 0 1 0 0 0 0 0 0 0 0 0 0 0 0 0 0 0 0 1 0 0 0 0 0 0 0 0 0 0 0 0 0 0 0 0 1 1 0 0 0 0 0 0 0 0 0 0 0 0 0 0 0 0 1 0 0 0 0 0 1 0 0 0 1 0 0 0 1 0 1 0 0 0 0 0 1 1 0 0 0 0 1 0 0 0 0 0 0 0 0 0 0 0 0 0 0 0 0 0 0 1 0 1 0 0 1 0 0 0 0 0 0 0 0 0 0 0 0 0 0 0 1 0 1 0 0 0 1 0 0 0 0 1 0 0 0 0 0 0 0 0 0 0 0 0 0 0
0 0 0 0 0 0 0 10 0 0 1 0 0 1 0 0 0 10 0 0 1 1 1 0 1 0 0 0 0 0 0 1 1 0 1 0 0 1 0 1 0 1 0 0 0 0 1 0 0 0 0 1 1 0 0 0 0 0 0 0 0 1 0 1 0 1 0 0 1 1 1 0 0 1 1 10 1 1 1 1 0 1 0 1 1 10 1 0 1 0 0 1 1 0 1 0 1 0 0 0 0 0 0 0 0 10 1 0 0 0 1 0 0 0 0 0 10 0 1 0 0 1 0 0 0 0 1 1 1 0 1 0 1 0 0 0 0 1 0 1 0 0 1 1 0 1 0 0 1 0 1 0 0 0 1 0 10 0 0 0 0 1 0
1 0 0 0 0 1 0 0 0 0 1 1 0 0 0 0 0 0 1 0 1 0 0 0 0 0 0 0 0 0 0 0 0 0 0 1 0 0 1 0 1 1 0 0 0 0 0 0 0 0 0 0 0 0 1 0 0 0 1 1 0 0 1 0 1 0 0 1 1 0 1 0 1 0 0 0 0 0 0 0 0 0 0 0 0 0 1 0 0 0 0 0 0 0 0 0 0 0 0 0 0 0 0 0 0 0 1 1 0 1 1 1 0 0 0 0 0 1 0 0 0 0 0 0 0 0 0 0 0 0 0 0 0 0 0 1 0 0 0 0 0 0 0 1 0 0 0 1 1 0 0 1 0 0 0 0 0 0 0 0 0 0 0
0 0 1 0 0 0 0 0 0 0 0 0 0 0 0 0 0 0 0 0 0 0 1 0 0 0 1 0 0 0 0 0 0 0 0 1 0 0 0 0 1 1 0 0 1 0 0 0 0 0 0 1 0 0 0 0 0 0 0 0 1 0 0 0 0 0 1 0 0 0 0 0 0 0 0 0 0 0 0 1 0 0 1 0 0 0 0 0 0 0 0 0 0 0 0 1 0 0 0 0 0 1 0 1 0 0 0 1 0 0 0 0 0 0 0 1 0 0 0 0 0 1 0 0 0 0 0 0 0 0 0 1 0 0 1 0 1 1 0 0 0 0 0 0 0 0 0 0 0 0 0 0 1 0 0 0 0 0 0 0 0 1 1
0 0 1 0 0 1 1 1 0 1 1 1 10 0 1 1 0 0 1 10 1 1 0 0 0 0 0 1 0 10 0 0 0 1 0 1 0 0 0 0 1 0 10 0 0 1 0 10 0 0 0 0 1 1 0 0 0 1 0 0 0 1 0 1 0 0 0 1 0 0 0 0 0 0 1 0 0 0 0 0 0 0 1 0 0 0 1 1 0 1 1 0 0 0 1 0 0 0 0 0 0 0 1 1 0 0 1 0 0 0 1 0 0 0 0 0 0 0 1 1 1 0 0 0 10 1 0 10 1 0 1 0 0 10 0 1 1 1 1 0 1 1 1 0 0 0 0 0 0 1 1 1 1 10 1 0 0 0 0 0 0 0 0
0 0 1 0 0 0 0 0 0 0 0 0 0 0 0 0 0 0 0 0 0 0 1 0 0 0 1 0 0 0 0 0 0 0 0 1 0 0 0 0 1 1 0 0 1 0 0 0 0 0 0 1 0 0 0 0 0 0 0 0 1 0 0 0 0 0 1 0 0 0 0 0 0 0 0 0 0 0 0 1 0 0 1 0 0 0 0 0 0 0 0 0 0 0 0 1 0 0 0 1 0 0 0 1 0 0 0 1 0 0 0 0 0 0 0 1 0 0 0 0 0 1 0 0 0 0 0 0 0 0 0 1 0 0 1 0 1 1 0 0 0 0 0 0 0 0 0 0 0 0 0 0 1 0 0 0 0 0 0 0 0 1 1
0 0 10 1 1 1 0 0 1 10 0 1 1 0 0 0 1 0 10 10 0 0 0 10 0 0 0 1 0 1 1 0 0 1 0 0 0 1 0 0 0 0 1 0 0 0 0 1 0 0 1 0 1 0 1 10 0 1 0 1 0 0 0 0 0 1 1 0 0 1 0 1 0 1 1 0 0 0 0 0 1 0 0 0 1 1 0 1 0 1 1 0 0 1 1 1 0 0 0 0 1 0 0 1 0 0 1 0 1 0 0 10 0 1 1 1 0 1 0 10 1 0 0 1 10 1 0 1 0 1 1 0 1 10 0 1 0 0 0 1 0 1 1 0 1 1 0 0 0 0 10 0 0 10 0 10 0 0 0 0 0 0 1
0 0 1 1 1 0 1 0 0 0 1 0 1 0 0 0 0 0 1 1 1 0 1 1 0 0 1 0 0 0 1 0 0 0 0 10 0 0 0 0 10 1 1 0 1 1 0 0 0 0 0 1 1 0 0 1 0 0 0 1 1 1 0 1 0 0 1 1 0 1 0 1 0 0 0 0 0 0 0 1 0 0 10 0 1 0 0 1 0 1 0 0 0 1 0 1 0 0 0 1 1 1 1 0 0 0 0 1 1 0 1 1 0 1 0 10 0 0 1 0 0 1 0 1 1 0 0 0 1 1 0 1 0 1 1 0 10 10 1 0 0 0 0 0 0 0 0 0 0 1 0 0 1 1 0 1 0 0 0 0 0 1 1
0 0 0 0 0 0 0 0 0 0 0 0 0 0 0 0 1 0 0 0 0 0 0 0 0 0 0 0 0 0 0 0 0 1 0 0 0 0 1 0 0 0 0 1 0 0 0 0 0 1 0 0 0 0 0 0 0 0 0 0 0 0 0 0 0 0 0 0 0 0 0 0 0 0 0 0 0 0 0 0 0 0 0 1 0 0 0 0 1 0 0 0 0 0 0 0 0 0 0 0 0 0 0 0 0 0 0 0 0 0 0 0 0 0 1 0 0 0 0 0 0 0 1 0 0 0 0 0 0 0 0 1 1 0 1 1 0 0 0 0 0 0 0 0 1 0 0 0 1 1 0 0 0 0 0 0 0 1 0 0 0 0 0
0 1 0 0 0 0 0 1 0 0 1 0 0 1 0 1 0 1 0 0 1 1 10 0 1 0 0 0 0 0 1 10 1 0 0 0 0 1 0 1 0 1 0 1 0 0 10 0 1 0 1 0 0 0 0 0 0 1 0 0 0 1 1 1 1 1 1 1 1 1 1 0 0 10 1 1 1 10 10 0 0 1 1 0 1 1 1 0 1 0 0 0 1 0 1 0 0 10 0 0 0 0 0 0 0 0 1 1 0 0 1 0 1 0 0 0 1 1 0 0 0 1 1 0 0 1 1 1 1 0 10 0 1 0 1 0 0 0 0 1 1 0 1 0 0 1 0 0 0 0 1 0 0 0 1 1 10 0 0 1 1 1 1
1 0 1 0 0 10 0 1 0 1 10 10 1 1 0 0 0 0 10 1 1 0 1 0 1 0 0 1 0 1 0 1 1 1 0 1 0 1 1 1 1 1 1 0 0 0 1 1 0 0 0 0 0 0 1 0 0 1 1 1 0 1 1 0 1 1 0 1 1 0 10 0 1 1 1 0 0 0 1 0 0 0 0 0 0 1 1 0 1 0 1 0 0 0 1 0 0 1 1 0 1 0 1 0 0 1 0 1 0 1 10 1 0 0 0 0 1 1 0 1 0 0 0 0 1 1 1 10 1 0 10 0 0 1 0 10 0 0 0 0 0 1 1 1 0 0 0 1 1 0 1 1 0 1 1 0 1 0 0 0 0 1 0
1 1 1 0 0 1 0 0 0 0 1 1 0 0 0 1 0 0 1 0 1 0 10 0 0 0 1 0 0 0 1 1 0 0 0 10 0 0 1 0 10 10 0 1 1 0 1 0 1 0 1 1 0 0 1 0 0 1 1 1 1 0 10 0 10 0 10 10 1 1 1 0 1 1 0 0 0 1 1 1 0 0 10 0 0 0 1 0 0 0 0 0 1 0 0 1 0 0 1 1 0 1 0 1 0 1 1 0 0 1 1 1 1 0 0 1 0 10 0 0 0 10 1 0 0 1 0 0 0 0 1 1 0 0 10 1 1 1 0 1 1 0 0 1 0 0 0 1 1 0 0 1 1 0 0 1 0 0 0 1 1 1 10
0 0 0 1 1 0 0 0 0 0 0 0 0 0 0 0 0 0 1 1 0 0 0 1 0 0 0 0 0 0 1 0 0 0 0 0 0 0 0 0 0 0 0 0 0 0 0 0 0 0 0 0 1 0 0 1 0 0 0 1 0 0 0 0 0 0 0 0 0 1 0 1 0 0 0 0 0 0 0 0 0 0 0 0 1 0 0 0 0 1 0 0 0 1 0 0 0 0 0 0 0 0 1 1 0 0 0 0 0 0 0 1 0 1 0 1 0 0 0 0 0 0 0 1 0 0 0 0 0 1 0 0 0 0 0 0 0 0 0 0 0 0 0 0 0 0 0 0 0 0 0 0 0 1 0 1 0 0 0 0 0 0 0
1 0 0 0 0 1 0 0 0 0 1 1 0 0 0 0 0 0 1 0 1 0 0 0 0 0 0 0 0 0 0 0 0 0 0 1 0 0 1 0 1 1 0 0 0 0 0 0 0 0 0 0 0 0 1 0 0 0 1 1 0 0 1 0 1 0 0 1 1 0 1 0 1 0 0 0 0 0 0 0 0 0 0 0 0 0 1 0 0 0 0 0 0 0 0 0 0 0 1 0 0 0 0 0 0 0 1 1 0 0 1 1 0 0 0 0 0 1 0 0 0 0 0 0 0 0 0 0 0 0 0 0 0 0 0 1 0 0 0 0 0 0 0 1 0 0 0 1 1 0 0 1 0 0 0 0 0 0 0 0 0 0 0
1 0 0 0 0 1 1 1 0 0 100 1 1 1 0 0 0 0 1 0 10 0 1 0 1 0 0 0 0 0 0 1 1 0 0 10 0 1 1 1 10 1 1 0 0 1 1 0 0 0 0 0 0 0 1 0 0 0 1 1 0 10 1 1 1 1 0 10 1 0 10 0 1 1 0 0 0 0 1 0 0 0 1 0 0 1 1 1 1 0 0 0 0 0 0 0 0 1 1 0 1 0 0 1 0 1 10 1 0 1 0 1 0 0 0 0 1 1 1 0 0 0 0 0 1 0 1 1 10 0 1 0 0 1 0 1 1 1 1 0 0 0 0 1 0 0 0 1 1 1 0 1 0 0 1 0 1 0 0 0 0 1 0
1 0 1 1 1 1 0 0 1 1 1 1 0 0 0 0 1 0 10 1 1 0 0 10 0 0 0 0 0 0 1 0 0 0 0 1 0 1 1 0 1 1 0 0 0 0 0 0 0 0 1 0 1 0 10 10 0 0 1 10 0 0 1 0 1 1 1 1 1 1 1 1 1 1 0 0 0 0 0 0 1 0 0 0 1 1 1 1 0 1 0 0 0 1 0 1 0 0 1 0 0 0 10 1 0 0 1 1 1 1 1 0 0 1 1 1 0 10 0 1 1 0 0 1 1 0 0 0 0 1 0 0 1 1 0 1 0 0 0 1 0 0 0 1 1 1 0 1 1 0 1 1 0 1 0 10 0 0 0 0 0 0 1
1 10 0 0 0 0 0 0 0 1 0 0 1 0 0 1 0 0 0 0 0 0 1 0 0 1 1 0 0 0 10 1 0 1 0 0 1 0 1 0 0 0 0 1 0 1 1 0 1 1 1 0 0 1 0 0 1 1 1 1 0 0 1 0 10 1 1 1 0 1 0 0 1 1 0 0 0 1 1 0 0 1 1 0 0 0 0 0 1 0 1 0 10 0 0 0 0 0 0 0 0 0 0 0 0 1 0 1 0 0 0 0 0 0 0 0 1 1 0 0 1 1 1 0 0 1 1 0 0 0 1 0 0 0 1 0 0 0 0 1 1 0 0 1 0 1 1 1 0 1 0 0 1 0 0 1 0 1 1 10 10 0 1
0 1 0 1 1 1 1 0 0 0 0 1 0 1 0 1 1 0 1 1 0 0 0 1 0 0 0 1 1 0 1 1 0 0 0 0 1 1 0 1 0 0 0 1 0 0 0 0 1 0 1 0 1 0 0 1 0 0 1 1 0 1 0 0 0 0 0 0 1 1 0 1 1 0 1 0 1 0 0 0 1 0 0 0 1 0 0 0 0 1 0 0 0 1 1 0 0 0 0 0 0 0 1 1 0 0 0 0 1 0 0 1 0 0 0 10 0 0 0 1 0 0 0 1 0 0 1 0 1 10 0 1 0 0 0 0 0 0 0 0 1 0 0 0 0 0 1 0 0 0 0 1 0 1 0 1 0 0 0 0 0 0 0
0 0 1 0 0 0 0 0 1 1 0 0 0 0 0 0 10 0 0 0 0 0 0 1 0 0 0 0 0 0 0 0 0 1 0 0 0 1 1 0 0 0 0 1 0 0 0 0 0 1 1 0 0 0 1 1 0 0 0 0 0 0 0 0 0 1 1 0 0 0 0 0 0 1 0 0 0 0 0 0 1 0 0 1 0 1 0 1 1 0 0 0 0 0 0 1 0 0 0 0 0 0 1 0 1 0 0 0 0 0 0 1 0 0 0 0 0 1 0 1 1 0 1 0 1 0 0 0 0 0 0 1 10 1 1 1 0 0 0 1 0 0 0 0 10 1 0 0 1 1 1 0 0 0 0 1 0 1 0 0 0 0 1
0 1 1 1 1 1 1 0 0 0 0 1 0 1 0 1 1 0 1 1 0 0 1 1 0 0 1 1 1 0 1 1 0 0 0 1 1 1 0 1 1 1 0 1 1 0 0 0 1 0 1 1 1 0 0 1 0 0 1 1 1 1 0 0 0 0 1 0 1 1 0 1 1 0 1 0 1 0 0 1 1 0 1 0 1 0 0 0 0 1 0 0 0 1 1 1 0 0 0 1 0 1 1 10 0 0 0 1 1 0 0 1 0 10 0 0 0 0 0 1 0 1 0 1 0 0 1 0 1 10 0 10 0 0 1 0 1 1 0 0 1 0 0 0 0 0 1 0 0 0 0 1 1 1 0 1 0 0 0 0 0 1 1
1 1 0 0 0 0 0 10 0 1 1 0 1 1 0 0 0 1 0 0 0 0 1 0 1 1 1 0 0 0 1 1 1 1 1 0 1 1 1 1 0 0 0 0 0 1 1 0 0 1 0 1 1 1 0 0 1 0 1 1 0 1 0 0 1 10 0 0 0 1 1 0 1 1 0 1 0 0 1 1 0 1 0 1 0 10 0 0 10 0 1 1 10 0 0 0 1 10 0 0 0 0 0 0 0 1 1 0 0 0 1 0 1 0 0 0 0 0 1 0 1 1 0 0 0 0 10 1 1 0 1 0 0 0 0 0 0 1 0 1 0 0 0 10 0 1 1 1 1 1 0 0 1 0 1 0 1 1 1 1 1 1 0
1 1 1 0 0 1 0 0 1 1 1 1 0 0 0 1 1 0 1 0 1 0 1 1 0 0 0 0 0 0 1 1 0 0 0 1 0 1 1 0 1 1 0 1 0 0 1 0 1 0 10 0 0 0 10 1 0 1 1 1 0 0 10 0 10 1 10 10 1 1 1 0 1 10 0 0 0 1 1 0 1 0 1 0 0 1 1 1 0 0 0 0 1 0 0 1 0 0 1 0 0 0 1 0 0 1 1 10 0 1 1 10 1 0 1 0 0 0 0 1 1 1 1 0 1 1 0 0 0 0 1 0 1 1 1 1 0 0 0 10 1 0 0 1 1 1 0 1 1 0 1 1 0 0 0 10 0 0 0 1 1 0 10
0 0 0 0 0 0 1 1 0 0 1 0 1 0 0 0 0 1 0 0 1 0 0 0 0 0 0 0 0 0 0 0 0 0 1 1 0 0 0 0 1 0 1 0 0 1 0 0 0 0 0 1 1 0 0 0 0 0 0 0 0 1 0 1 0 0 0 1 0 1 0 0 0 0 0 1 0 0 0 1 0 0 1 1 0 1 0 1 0 0 0 1 1 0 0 0 1 1 0 0 1 0 0 1 0 0 0 0 0 0 1 0 0 0 0 0 1 0 0 0 0 1 0 0 1 0 0 0 1 0 0 0 0 1 0 0 1 10 1 1 0 0 0 1 0 0 0 0 1 1 0 0 0 0 0 0 0 0 0 0 0 0 0
0 1 10 0 0 10 1 0 1 10 0 10 1 1 0 1 10 0 1 1 0 0 0 1 0 0 0 10 1 1 0 1 0 1 0 0 1 10 0 1 0 0 1 1 0 0 0 1 1 0 10 0 0 0 1 1 0 1 1 0 0 1 0 0 0 1 1 0 1 0 0 0 1 1 10 0 1 0 0 0 10 0 0 0 0 1 0 1 0 0 1 0 0 0 10 1 0 0 0 0 1 0 10 0 0 0 1 0 0 0 0 1 0 1 1 1 0 1 0 0 1 0 0 0 10 1 1 1 1 1 1 1 1 10 0 1 0 0 0 1 1 1 1 0 1 1 1 0 0 0 10 1 0 1 0 1 0 0 0 0 0 0 1
1 1 1 0 0 0 0 1 1 10 0 0 1 0 1 1 1 0 0 1 0 1 0 1 0 1 1 0 0 1 1 0 0 1 0 0 1 1 1 0 0 0 0 0 0 1 0 1 0 1 1 0 1 10 1 1 1 0 1 1 0 0 0 0 1 10 1 0 0 0 0 0 1 1 0 0 0 0 0 0 1 1 0 0 0 1 1 1 1 1 1 0 1 0 0 1 0 0 0 0 1 0 1 0 0 0 0 0 0 0 0 1 1 0 1 0 1 1 0 1 0 0 0 0 1 0 1 1 0 0 0 0 1 1 0 0 0 0 0 1 1 0 0 1 1 10 1 1 0 1 1 1 10 1 1 1 0 1 1 1 1 0 1
0 1 1 0 0 0 0 1 0 0 0 0 0 0 0 1 0 1 0 0 0 0 10 0 0 0 1 0 0 0 1 1 0 0 1 1 0 0 0 0 1 1 0 1 1 0 1 0 1 0 1 10 1 0 0 0 0 1 0 0 1 0 1 0 1 0 10 1 0 10 0 0 0 1 0 1 0 1 1 10 0 0 10 1 0 1 0 0 0 0 0 1 10 0 0 1 1 1 0 1 0 1 0 1 0 1 0 10 0 0 0 0 1 0 0 1 1 1 1 0 0 0 1 0 0 1 0 0 0 0 1 1 0 0 10 0 1 10 0 10 1 0 0 1 0 0 0 0 1 0 0 0 1 0 0 1 0 0 0 1 1 1 10
0 1 0 1 0 0 0 0 0 0 0 0 0 0 0 1 1 1 0 0 0 1 1 0 1 0 0 0 0 1 1 1 0 1 0 0 0 0 1 0 0 0 0 10 0 0 1 0 10 1 1 0 0 0 1 0 0 1 0 0 0 0 10 0 1 0 1 1 0 1 0 0 0 1 0 0 0 1 1 1 0 0 1 1 1 0 0 0 1 1 1 0 1 0 0 0 0 0 0 0 0 0 0 0 1 1 0 1 0 0 0 0 1 0 1 0 0 1 0 0 0 1 0 0 0 10 0 0 0 1 1 1 1 0 10 1 1 0 0 1 1 1 1 0 1 0 0 1 1 1 0 0 0 0 0 1 0 1 1 1 1 0 1
0 0 0 1 1 0 0 0 0 0 0 0 0 0 0 0 0 0 1 1 0 0 0 1 0 0 0 0 0 0 1 0 0 0 0 0 0 0 0 0 0 0 0 0 0 0 0 0 0 0 0 0 1 0 0 1 0 0 0 1 0 0 0 0 0 0 0 0 0 1 0 1 0 0 0 0 0 0 0 0 0 0 0 0 1 0 0 0 0 1 0 0 0 1 0 0 0 0 0 0 0 0 1 1 0 0 0 0 1 0 0 1 0 1 0 1 0 0 0 0 0 0 0 0 0 0 0 0 0 1 0 0 0 0 0 0 0 0 0 0 0 0 0 0 0 0 0 0 0 0 0 0 0 1 0 1 0 0 0 0 0 0 0
0 0 10 0 0 1 1 0 1 10 1 1 10 0 0 0 1 0 1 1 1 0 0 1 0 0 0 1 0 1 0 0 0 1 0 1 0 1 0 0 1 0 10 0 0 1 0 1 0 0 1 0 0 0 1 1 0 1 0 0 0 1 0 1 0 1 1 1 0 0 0 0 0 1 1 0 0 0 0 0 1 0 1 0 0 1 0 10 0 0 1 0 0 0 1 1 0 0 0 0 10 0 10 1 0 0 1 0 0 0 1 1 0 0 1 0 0 1 1 10 1 0 0 0 0 1 0 1 1 0 1 0 1 100 0 1 1 1 1 1 0 1 1 0 1 1 0 0 0 1 10 0 0 1 0 1 0 0 0 0 0 0 1
0 1 1 1 0 1 0 0 0 1 0 1 1 0 0 1 0 1 1 1 0 1 1 0 1 0 0 1 0 10 1 1 0 1 0 0 0 0 0 0 0 0 1 1 0 0 1 1 10 0 1 0 0 0 1 0 0 10 0 0 0 0 10 0 1 0 1 1 0 1 0 0 0 1 1 0 0 1 1 1 0 0 1 0 1 0 0 0 0 1 10 0 1 0 1 0 0 0 0 0 1 0 1 0 0 1 1 1 0 0 0 0 1 0 0 0 0 1 0 1 0 1 10 0 1 0 0 1 0 1 10 0 0 1 1 1 1 0 0 1 1 10 10 0 0 0 0 1 0 0 1 0 0 1 0 1 0 0 1 1 1 0 1
1 10 0 0 0 1 1 1 0 1 1 1 1 10 0 1 1 0 0 0 0 0 1 0 1 1 1 1 1 0 1 10 1 1 0 0 10 10 1 10 0 0 0 1 0 1 1 0 1 1 1 0 0 1 0 0 1 0 10 1 0 10 0 0 1 10 0 0 1 0 1 0 10 1 1 0 1 0 1 0 1 1 0 0 0 1 0 0 10 0 1 0 1 0 1 0 0 1 0 0 0 0 0 0 0 1 1 0 0 0 1 0 1 1 0 1 10 0 0 1 1 0 0 0 0 0 0 1 10 1 1 1 0 0 0 0 0 0 0 0 1 0 0 1 0 1 10 1 0 1 0 1 1 0 1 0 1 1 1 1 1 1 0
0 0 1 0 0 1 0 10 0 1 1 1 1 1 1 1 0 0 1 10 0 1 1 0 1 0 0 1 0 10 0 1 1 1 0 0 0 1 0 1 0 0 1 0 0 0 1 10 0 0 0 0 1 1 0 0 0 1 0 0 0 1 0 0 0 1 0 0 0 0 1 0 0 1 1 0 0 0 1 0 0 0 0 0 0 1 1 0 1 1 1 0 0 0 1 0 0 1 0 0 10 0 1 0 0 1 10 0 0 0 1 0 0 0 0 0 1 0 0 1 1 0 0 0 1 1 1 0 1 0 10 0 0 1 0 1 0 0 0 0 1 1 1 0 0 0 0 0 0 0 1 1 1 10 10 0 1 0 0 0 0 1 0
0 1 0 0 0 1 10 1 0 0 10 1 1 10 0 1 1 0 0 0 1 0 1 0 1 0 0 1 1 0 0 10 1 0 0 1 1 10 0 10 1 0 1 1 0 1 1 0 1 0 1 0 0 0 0 0 0 0 1 0 0 100 0 1 0 1 0 1 1 0 1 0 1 1 1 0 1 0 1 0 1 0 1 0 0 1 0 1 1 0 0 0 0 0 1 0 0 1 0 0 1 0 0 1 0 1 1 0 0 0 10 0 0 1 0 1 1 0 1 1 0 0 0 0 1 0 10 1 0 1 1 1 0 1 0 0 1 1 1 0 1 0 0 0 0 0 1 0 0 1 0 1 0 0 1 0 1 0 0 0 0 1 0
0 1 0 10 1 1 1 0 0 0 0 1 0 1 0 1 1 1 1 1 0 1 0 1 1 0 0 1 1 1 1 1 0 0 0 0 1 1 0 1 0 0 0 1 0 0 0 0 10 0 1 0 1 0 1 1 0 0 1 1 0 1 1 0 0 0 0 0 1 1 0 1 1 0 1 0 1 0 0 1 1 0 0 0 10 0 0 0 0 10 1 0 0 1 1 0 0 0 0 0 0 0 1 1 0 0 0 0 1 0 0 1 0 10 0 10 0 0 0 1 0 0 1 1 0 1 1 0 1 0 0 1 0 0 0 0 1 0 0 0 1 1 1 0 0 0 1 1 0 0 0 1 0 1 0 1 0 0 1 0 0 0 0
0 1 1 0 0 1 0 1 0 1 1 1 1 1 0 1 0 0 1 1 0 0 10 0 1 0 0 1 0 1 1 10 1 1 0 0 0 1 0 1 0 0 1 1 0 0 10 1 1 0 1 0 0 0 0 0 0 10 0 0 0 1 1 0 1 1 1 1 0 1 1 0 0 10 1 0 0 1 10 0 0 0 1 0 0 1 0 0 1 0 1 0 1 0 1 0 0 1 0 0 1 0 1 0 0 10 10 1 0 0 1 0 1 0 0 0 1 1 0 1 0 1 1 0 1 10 1 10 1 0 0 0 0 1 1 1 0 0 0 1 1 1 1 0 0 0 0 0 0 0 1 0 0 1 1 1 1 0 0 1 1 1 1
0 1 1 0 0 1 1 0 0 0 0 1 0 1 0 1 10 0 0 0 0 0 1 0 0 0 1 1 1 0 0 1 0 1 0 1 1 1 1 1 1 1 0 10 1 0 0 0 1 1 1 1 0 0 0 0 0 0 1 0 1 1 0 0 0 0 1 0 1 0 0 0 1 0 1 0 1 0 0 1 1 0 1 1 0 0 0 0 1 0 0 0 0 0 1 1 0 0 0 1 0 1 0 1 1 0 0 1 0 0 0 0 0 1 1 10 0 0 0 1 0 1 1 0 0 0 1 0 1 1 0 0 1 0 10 1 1 1 0 0 1 0 0 0 1 0 1 0 1 1 0 1 1 0 0 0 0 1 0 0 0 1 1
0 0 1 0 0 0 0 0 1 1 0 0 0 0 0 0 10 1 0 0 1 1 0 1 0 0 0 0 0 0 0 0 0 1 0 0 0 1 1 0 0 1 0 1 0 0 0 0 0 1 1 0 0 0 1 1 0 0 0 0 0 0 0 1 0 1 1 0 1 0 0 0 0 1 1 1 1 1 0 0 1 1 0 1 1 1 1 1 1 0 0 0 0 0 1 1 0 1 0 0 0 0 1 0 1 1 0 0 0 0 0 1 0 0 10 0 0 1 0 1 1 0 1 0 1 0 0 0 0 0 0 1 0 1 1 1 0 0 0 1 0 0 1 0 10 10 0 0 1 1 10 0 0 0 0 1 1 1 0 0 0 0 1
0 0 10 0 0 1 1 0 1 10 1 1 10 0 0 0 1 0 1 1 1 0 0 1 0 0 0 1 0 1 0 0 0 1 0 1 0 1 0 0 1 0 10 0 0 1 0 1 0 0 1 0 0 0 1 1 0 1 0 0 0 1 0 1 0 1 1 1 0 0 0 0 0 1 1 0 0 0 0 0 1 0 1 0 0 1 0 10 0 0 1 0 0 0 1 1 0 0 0 0 10 0 10 1 0 0 1 0 0 0 1 1 0 0 1 0 0 1 1 10 1 0 0 0 100 1 0 1 1 0 1 0 1 0 0 1 1 1 1 1 0 1 1 0 1 1 0 0 0 1 10 0 0 1 0 1 0 0 0 0 0 0 1
0 1 1 0 0 0 0 0 0 0 0 0 0 0 0 1 1 0 0 0 0 0 10 0 0 0 1 0 0 0 1 1 0 1 0 1 0 0 1 0 1 1 0 10 1 0 1 0 1 1 1 1 0 0 0 0 0 1 0 0 1 0 1 0 1 0 10 1 0 1 0 0 0 1 0 0 0 1 1 1 0 0 10 1 0 0 0 0 1 0 0 0 1 0 0 1 0 0 0 1 0 1 0 1 1 1 0 10 0 0 0 0 1 0 1 1 0 1 0 0 0 10 10 0 0 1 0 0 0 0 1 10 1 0 0 1 1 1 0 1 1 0 0 0 1 0 0 0 1 1 0 0 1 0 0 1 0 1 0 1 1 1 10
1 0 1 0 0 10 0 0 0 1 1 10 1 0 0 0 1 0 10 1 1 0 0 0 0 0 0 1 0 1 0 0 0 10 0 1 0 0 10 0 1 1 1 1 0 0 0 1 0 1 0 0 0 0 1 0 0 1 1 1 0 0 1 0 1 0 0 1 1 0 1 0 1 0 1 0 0 0 0 0 0 0 0 1 0 0 1 0 1 0 1 0 0 0 1 0 0 0 1 0 1 0 1 0 1 0 10 1 0 1 1 1 0 0 1 0 0 1 0 1 0 0 1 0 1 1 0 1 0 0 1 1 1 1 1 0 0 0 0 0 0 1 1 1 1 0 0 1 10 1 1 1 0 1 0 0 0 1 0 0 0 0 0
0 0 1 1 0 0 1 0 0 0 1 0 1 0 0 0 0 1 0 0 1 1 1 0 1 0 1 0 0 1 0 0 0 0 0 10 0 0 0 0 10 1 1 0 1 1 0 0 1 0 0 1 0 0 1 0 0 0 0 0 1 1 1 1 0 0 1 1 0 0 0 0 0 0 0 0 0 0 0 10 0 0 10 0 1 0 0 1 0 1 1 0 0 0 0 1 0 0 0 1 1 1 0 10 0 0 0 1 0 0 1 0 0 0 0 1 0 0 1 0 0 1 1 0 1 1 0 0 1 1 0 1 0 1 1 0 0 10 1 0 0 1 1 0 0 0 0 1 0 1 0 0 1 0 0 0 0 0 1 0 0 1 1
0 0 1 0 0 0 1 1 0 0 1 0 1 0 0 0 0 1 0 0 1 0 1 0 0 0 1 0 0 0 0 0 0 0 1 10 0 0 0 0 10 1 1 0 1 1 0 0 0 0 0 10 1 0 0 0 0 0 0 0 1 1 0 1 0 0 1 1 0 1 0 0 0 0 0 1 0 0 0 10 0 0 10 1 0 1 0 1 0 0 0 1 1 0 0 1 1 1 0 1 1 1 0 10 0 0 0 1 0 0 1 0 0 0 0 1 1 0 10 0 0 10 0 0 1 0 0 0 1 0 0 1 0 1 1 0 10 0 1 1 0 0 0 1 0 0 0 0 1 1 0 0 1 0 0 0 0 0 0 0 0 1 1
0 0 0 0 0 0 1 0 0 0 1 0 1 0 0 0 0 0 0 0 1 0 0 0 0 0 0 0 0 0 0 0 0 0 0 1 0 0 0 0 1 0 1 0 0 1 0 0 0 0 0 0 0 0 0 0 0 0 0 0 0 1 0 1 0 0 0 1 0 0 0 0 0 0 0 0 0 0 0 0 0 0 1 0 0 0 0 1 0 0 0 0 0 0 0 0 0 0 0 0 1 0 0 1 0 0 0 0 0 0 1 0 0 0 0 0 0 0 1 0 0 0 0 0 1 0 0 0 1 0 0 0 0 1 0 0 1 1 0 0 0 0 0 0 0 0 0 0 0 1 0 0 0 0 0 0 0 0 0 0 0 0 0
0 1 1 0 0 0 0 1 1 1 0 0 0 0 0 1 1 1 0 0 0 0 1 1 0 0 0 0 0 0 1 1 0 0 1 0 0 1 0 0 0 0 0 1 0 0 1 0 1 0 10 1 1 0 1 1 0 1 0 0 0 0 1 0 1 1 10 1 0 10 0 0 0 10 0 1 0 1 1 1 1 0 1 1 0 10 0 1 0 0 0 1 10 0 0 1 1 1 0 0 0 0 1 0 0 1 0 1 0 0 0 1 1 0 1 0 1 10 1 1 1 10 1 0 1 1 0 0 0 0 1 0 1 1 1 0 0 1 0 0 1 0 0 1 1 1 0 0 1 0 1 0 0 0 0 10 0 0 0 1 1 0 10
0 10 0 0 0 1 1 1 0 0 0 1 0 1 1 100 1 0 0 1 0 1 1 0 0 0 0 1 1 1 1 10 0 0 0 0 1 1 0 1 0 0 0 10 0 0 1 1 10 0 10 0 1 1 0 0 0 1 1 0 0 1 1 0 1 0 1 1 1 1 0 0 1 1 1 0 1 1 1 0 1 0 1 0 0 0 1 0 0 1 0 0 1 0 1 0 0 0 0 0 1 0 0 0 0 1 0 1 0 0 0 0 1 1 0 1 0 1 0 1 1 1 1 0 0 1 1 1 1 1 1 1 0 0 1 0 0 0 0 1 0 0 0 0 0 0 1 0 0 0 0 10 1 1 1 1 0 0 0 1 1 0 1
0 0 1 1 0 1 0 0 0 1 0 1 1 0 0 0 0 1 1 1 0 1 0 0 1 0 0 1 0 10 0 0 0 1 0 0 0 0 0 0 0 0 1 0 0 0 0 1 1 0 0 0 0 0 1 0 0 1 0 0 0 0 1 0 0 0 0 0 0 0 0 0 0 0 1 0 0 0 0 1 0 0 0 0 1 0 0 0 0 1 10 0 0 0 1 0 0 0 0 0 1 0 1 0 0 0 1 0 0 0 0 0 0 0 0 0 0 0 0 1 0 0 1 0 1 10 0 1 0 1 1 0 0 1 0 1 1 0 0 0 0 0 10 0 0 0 0 1 0 0 1 0 0 1 0 0 0 0 1 0 0 0 0
0 0 1 1 0 1 0 0 0 1 0 1 1 0 0 0 0 10 1 1 1 10 0 0 1 0 0 1 0 10 0 0 0 1 0 0 0 0 0 0 0 1 1 0 0 0 0 1 1 0 0 0 0 0 1 0 0 1 0 0 0 0 1 1 0 0 0 0 1 0 0 0 0 0 10 1 1 1 0 1 0 1 0 0 10 0 1 0 0 1 10 0 0 0 10 0 0 1 0 0 1 0 1 0 0 1 1 0 0 0 0 0 0 0 0 0 0 0 0 1 0 0 1 0 1 10 0 1 0 1 1 0 1 1 0 1 1 0 0 0 0 10 0 0 0 1 0 1 0 0 10 0 0 1 0 0 1 0 1 0 0 0 0
10 1 0 0 0 1 0 1 0 1 1 1 1 0 0 0 0 1 1 0 1 0 0 0 0 1 1 0 0 0 1 0 0 1 1 1 1 0 10 0 1 1 0 0 0 1 0 0 0 1 0 1 1 1 1 0 1 0 10 10 0 0 1 0 10 1 0 1 1 1 1 0 10 0 0 1 0 0 0 1 0 1 0 1 0 1 1 0 1 0 1 1 10 0 0 0 1 1 1 0 0 0 0 0 0 0 1 1 0 1 1 1 1 0 0 0 10 1 1 0 1 1 0 0 0 0 1 0 0 0 0 0 0 0 0 1 0 1 0 1 0 0 0 0 0 1 1 10 10 1 0 1 1 0 0 0 0 1 1 1 1 0 0
0 0 1 0 0 0 0 0 1 1 0 0 0 0 0 0 10 0 0 0 0 0 0 1 0 0 0 0 0 0 0 0 0 1 0 0 0 1 1 0 0 0 0 1 0 0 0 0 0 1 1 0 0 0 1 1 0 0 0 0 0 0 0 0 0 1 1 0 0 0 0 0 0 1 0 0 0 0 0 0 1 0 0 1 0 1 0 1 1 0 0 0 0 0 0 1 0 0 0 0 0 0 1 0 1 0 0 0 0 0 0 1 0 0 10 0 0 1 0 1 1 0 1 0 1 0 0 0 0 0 0 1 10 1 1 1 0 0 0 1 0 0 0 0 0 1 0 0 1 1 1 0 0 0 0 1 0 1 0 0 0 0 1
1 1 1 0 0 0 0 0 1 10 0 0 1 0 0 0 1 1 0 0 1 1 0 1 0 1 1 0 0 0 1 0 0 1 0 0 1 1 1 0 0 1 0 0 0 1 0 0 0 1 1 0 0 1 1 1 1 0 1 1 0 0 0 1 1 10 1 0 1 0 0 0 1 1 1 1 1 1 0 0 1 10 0 0 1 1 1 1 1 0 1 0 1 0 1 1 0 1 0 0 0 0 1 0 0 1 0 0 0 0 0 1 1 0 1 0 1 1 0 1 10 0 0 0 1 0 1 0 0 0 0 0 10 1 0 0 0 0 0 1 0 0 1 1 1 0 1 1 0 1 10 0 1 0 0 1 1 1 1 1 1 0 1
1 10 0 0 0 1 1 0 0 1 0 1 1 1 0 1 1 0 0 0 0 0 0 0 0 1 1 1 1 0 1 1 0 1 0 0 10 1 1 1 0 0 0 1 0 1 0 0 1 1 1 0 0 1 0 0 1 0 10 1 0 1 0 0 1 1 0 0 1 0 0 0 10 0 1 0 1 0 0 0 1 1 0 0 0 0 0 0 1 0 1 0 1 0 1 0 0 0 0 0 0 0 0 0 0 0 0 0 0 0 0 0 1 1 0 1 1 0 0 1 1 0 0 0 0 0 10 0 1 1 0 1 0 0 0 0 0 0 0 0 1 0 0 1 0 1 0 1 0 1 0 1 1 0 0 0 0 1 1 1 1 0 0
10 1 0 1 0 1 0 0 0 1 1 1 1 0 0 0 0 1 1 0 1 1 0 0 1 1 1 0 0 1 1 0 0 1 0 1 1 0 10 0 1 1 0 0 0 1 0 0 1 1 0 0 0 1 10 0 1 0 10 10 0 0 10 0 10 1 0 1 1 0 1 0 10 0 0 0 0 0 0 1 0 1 0 0 1 0 1 0 1 1 10 0 1 0 0 0 0 0 1 0 0 0 0 0 0 0 1 1 0 1 1 1 1 0 0 0 1 1 0 0 1 0 1 0 0 1 1 0 0 1 0 0 0 0 0 1 1 0 0 0 0 1 1 10 0 1 1 0 1 1 0 1 1 0 0 0 0 1 10 1 1 0 0
1 0 0 0 0 1 0 1 0 0 1 1 0 0 0 0 1 1 1 0 1 0 0 0 0 0 0 0 0 0 0 0 0 1 1 1 0 0 10 0 1 1 0 1 0 0 0 0 0 1 0 1 1 0 1 0 0 0 1 1 0 0 1 0 1 0 0 1 1 1 1 0 1 0 0 1 0 0 0 1 0 0 0 10 0 1 1 0 1 0 0 1 1 0 0 0 1 1 1 0 0 0 0 0 1 0 1 1 0 1 1 1 0 0 1 0 1 1 1 0 0 1 1 0 0 0 0 0 0 0 0 1 1 0 1 10 0 1 0 1 0 0 0 10 1 0 0 1 0 1 0 1 0 0 0 0 0 1 0 0 0 0 0
1 1 0 0 0 0 1 0 0 1 1 0 10 0 0 0 1 0 0 0 1 0 0 0 0 1 1 0 0 0 1 0 0 10 0 1 1 0 10 0 1 0 1 1 0 10 0 0 0 10 0 0 0 1 0 0 1 0 1 1 0 1 0 1 1 1 0 1 0 0 0 0 1 0 0 0 0 0 0 0 0 1 1 1 0 0 0 1 10 0 1 0 1 0 0 0 0 0 0 0 1 0 0 1 1 0 0 0 0 0 1 0 1 0 1 0 1 0 1 0 1 0 1 0 1 0 1 0 1 0 0 1 1 1 1 1 1 1 1 0 0 0 0 1 1 1 1 1 1 0 0 0 1 0 0 0 0 10 1 1 1 0 0
0 0 10 0 0 1 0 0 1 10 0 1 1 0 0 0 1 1 1 1 1 1 0 1 0 0 0 1 0 1 0 0 0 1 0 0 0 1 0 0 0 1 1 0 0 0 0 1 0 0 1 0 0 0 1 1 0 1 0 0 0 0 0 1 0 1 1 0 1 0 0 0 0 1 10 1 1 1 0 0 1 1 0 0 1 1 1 1 0 0 1 0 0 0 10 1 0 1 0 0 1 0 10 0 0 1 1 0 0 0 0 1 0 0 1 0 0 1 0 10 1 0 0 0 10 1 0 1 0 0 1 0 10 10 0 1 0 0 0 1 0 1 10 0 1 10 0 0 0 0 0 0 0 1 0 1 1 0 0 0 0 0 1
1 1 0 0 0 10 1 1 0 0 1 10 0 1 1 10 1 0 1 1 1 1 0 0 0 0 0 1 1 1 0 1 0 0 0 1 1 1 1 1 1 1 0 1 0 0 0 1 1 0 1 0 1 1 1 0 0 0 10 1 0 1 1 0 1 0 0 1 10 0 1 0 10 0 1 0 1 0 0 0 1 0 0 0 0 0 10 0 0 1 0 0 0 0 1 0 0 0 1 0 1 0 0 0 0 0 1 1 0 1 1 1 0 1 0 1 0 1 0 1 1 0 0 0 0 0 1 1 1 1 0 1 0 0 0 1 0 0 0 0 10 0 0 1 0 0 1 1 1 0 0 0 1 1 1 0 0 0 0 0 0 0 0
1 1 1 0 0 0 0 1 0 1 0 0 1 0 1 1 0 0 0 1 0 1 1 0 0 1 10 0 0 1 1 0 0 1 0 1 1 0 1 0 1 1 0 0 1 1 0 1 0 1 0 1 1 10 0 0 1 0 1 1 1 0 0 0 1 1 1 0 0 0 0 0 1 0 0 0 0 0 0 1 0 1 1 0 0 0 1 0 1 1 1 0 1 0 0 1 0 0 0 1 1 1 0 1 0 0 0 1 0 0 0 0 1 0 0 1 1 0 0 0 10 1 0 0 0 0 1 1 0 0 0 1 0 0 1 0 1 1 0 0 1 0 0 1 0 1 1 1 0 1 0 1 0 1 1 0 0 1 1 1 1 1 1
0 0 1 1 1 1 0 1 0 1 0 1 1 0 1 1 0 0 10 100 0 1 0 1 0 0 0 1 0 10 1 0 0 1 0 0 0 0 0 0 0 0 1 0 0 0 0 10 0 0 0 0 10 1 0 1 0 1 0 1 0 0 0 0 0 0 0 0 0 1 0 1 0 0 1 0 0 0 0 0 0 0 0 0 1 0 1 0 0 10 1 0 0 1 1 0 0 0 0 0 10 0 10 1 0 0 1 0 1 0 0 1 0 1 0 1 0 0 0 1 1 0 0 1 1 1 0 10 0 1 1 0 0 1 0 1 0 0 0 0 1 1 1 0 0 0 0 0 0 0 1 1 1 0 1 1 0 0 0 0 0 0 0
0 0 0 0 0 0 0 10 0 0 1 0 0 1 1 1 0 0 0 1 0 1 1 0 1 0 0 0 0 1 0 1 1 0 0 0 0 1 0 1 0 0 0 0 0 0 1 1 0 0 0 0 1 1 0 0 0 0 0 0 0 1 0 0 0 1 0 0 0 0 1 0 0 1 0 0 0 0 1 0 0 0 0 0 0 1 1 0 1 1 0 0 0 0 0 0 0 1 0 0 1 0 0 0 0 1 1 0 0 0 1 0 0 0 0 0 1 0 0 0 1 0 0 0 0 0 1 10 1 0 1 0 0 0 0 0 0 0 0 0 1 0 0 0 0 0 0 0 0 0 0 1 1 1 0 0 1 0 0 0 0 1 0
0 1 1 1 1 0 0 0 1 1 0 0 0 0 0 1 1 0 1 1 0 0 1 10 0 0 0 0 0 0 10 1 0 0 0 0 0 1 0 0 0 0 0 1 0 0 1 0 1 0 10 0 1 0 1 10 0 1 0 1 0 0 1 0 1 1 10 1 0 10 0 1 0 10 0 0 0 1 1 0 1 0 1 0 1 1 0 1 0 1 0 0 1 1 0 1 0 0 0 0 0 0 10 1 0 1 0 1 1 0 0 10 1 1 1 1 0 10 0 1 1 1 1 1 1 1 0 0 0 1 1 0 1 1 1 0 0 0 0 10 1 0 0 0 1 1 0 0 0 0 1 0 0 1 0 0 0 0 0 1 1 0 10
0 0 0 0 0 0 0 1 0 0 1 0 0 1 0 0 0 1 0 0 1 1 1 0 1 0 0 0 0 0 0 1 1 0 0 0 0 1 0 1 0 1 0 0 0 0 1 0 0 0 0 0 0 0 0 0 0 0 0 0 0 1 0 1 0 1 0 0 1 0 1 0 0 1 1 1 1 1 1 0 0 1 0 0 1 1 1 0 1 0 0 0 0 0 1 0 0 10 0 0 0 0 0 0 0 10 1 0 0 0 1 0 0 0 0 0 1 0 0 0 0 0 0 0 0 0 1 1 1 0 1 0 1 0 0 0 0 0 0 0 0 0 1 0 0 1 0 0 0 0 1 0 0 0 1 0 0 0 0 0 0 1 0
1 1 0 0 0 0 0 0 0 1 0 0 1 0 0 0 1 0 0 0 0 0 0 0 0 1 1 0 0 0 1 0 0 10 0 0 1 0 10 0 0 0 0 1 0 1 0 0 0 10 0 0 0 1 0 0 1 0 1 1 0 0 0 0 1 1 0 0 0 0 0 0 1 0 0 0 0 0 0 0 0 1 0 1 0 0 0 0 10 0 1 0 1 0 0 0 0 0 0 0 0 0 0 0 1 0 0 0 0 0 0 0 1 0 1 0 1 0 0 0 1 0 1 0 0 0 1 0 0 0 0 1 1 0 1 1 0 0 0 0 0 0 0 1 1 1 1 1 1 10 0 0 1 0 0 0 0 0 1 1 1 0 0
1 1 0 1 0 0 0 0 0 1 0 0 1 0 0 0 0 1 0 0 0 1 0 0 1 1 1 0 0 1 1 0 0 1 0 0 1 0 1 0 0 0 0 0 0 1 0 0 1 1 0 0 0 1 1 0 1 0 1 1 0 0 1 0 1 1 0 0 0 0 0 0 1 0 0 0 0 0 0 1 0 1 0 0 1 0 0 0 1 1 10 0 1 0 0 0 0 0 0 0 0 0 0 0 0 0 0 0 0 0 0 0 1 0 0 0 1 0 0 0 1 0 1 0 0 1 1 0 0 1 0 0 0 0 0 0 1 0 0 0 0 1 1 1 0 1 1 10 0 1 0 0 1 0 0 0 0 1 0 1 1 0 0
1 10 0 0 0 0 0 0 0 1 0 0 1 0 0 1 0 0 0 0 0 0 1 0 0 1 1 0 0 0 10 1 0 1 0 0 1 0 1 0 0 0 0 1 0 1 1 0 1 1 1 0 0 1 0 0 1 1 1 1 0 0 1 0 10 1 1 1 0 1 0 0 1 1 0 0 0 1 1 0 0 1 1 0 0 0 0 0 1 0 1 0 10 0 0 0 0 0 0 0 0 0 0 0 0 1 0 1 0 0 0 0 10 0 0 0 1 1 0 0 1 1 1 0 0 1 1 0 0 0 1 0 0 0 1 0 0 0 0 1 1 0 0 1 0 1 1 1 0 1 0 0 1 0 0 1 0 1 1 0 10 0 1
1 10 0 0 0 0 0 0 0 1 0 0 1 0 0 1 0 0 0 0 0 0 1 0 0 1 1 0 0 0 10 1 0 1 0 0 1 0 1 0 0 0 0 1 0 1 1 0 1 1 1 0 0 1 0 0 1 1 1 1 0 0 1 0 10 1 1 1 0 1 0 0 1 1 0 0 0 1 1 0 0 1 1 0 0 0 0 0 1 0 1 0 10 0 0 0 0 0 0 0 0 0 0 0 0 1 0 1 0 0 0 0 10 0 0 0 1 1 0 0 1 1 1 0 0 1 1 0 0 0 1 0 0 0 1 0 0 0 0 1 1 0 0 1 0 1 1 1 0 1 0 0 1 0 0 1 0 1 1 10 0 0 1
0 0 1 0 0 0 0 1 0 0 1 0 0 1 0 0 0 0 0 0 0 0 10 0 1 0 1 0 0 0 0 1 1 0 0 1 0 1 0 1 1 1 0 0 1 0 1 0 0 0 0 1 0 0 0 0 0 0 0 0 1 1 0 0 0 1 1 0 0 0 1 0 0 1 0 0 0 0 1 1 0 0 1 0 0 1 0 0 1 0 0 0 0 0 0 1 0 1 0 1 0 1 0 1 0 1 1 1 0 0 1 0 0 0 0 1 1 0 0 0 0 1 0 0 0 0 1 1 1 0 1 1 0 0 1 0 1 1 0 0 0 0 0 0 0 0 0 0 0 0 0 0 1 0 1 0 1 0 0 0 0 0 1
0 1 10 0 0 0 0 0 1 1 0 0 0 0 0 1 1 0 0 0 0 0 10 1 0 0 1 0 0 0 1 1 0 0 0 1 0 1 0 0 1 1 0 1 1 0 1 0 1 0 10 1 0 0 1 1 0 1 0 0 1 0 1 0 1 1 100 1 0 1 0 0 0 10 0 0 0 1 1 1 1 0 10 0 0 1 0 1 0 0 0 0 1 0 0 10 0 0 0 1 0 1 1 1 0 1 0 10 0 0 0 1 1 0 1 1 0 10 0 1 1 10 1 0 1 1 0 0 0 0 1 1 1 1 10 0 1 1 0 10 1 0 0 0 1 1 0 0 0 0 1 0 1 0 0 10 0 0 0 1 1 1 0
4
3 2 3
4 20 3
5 1 3
6 12 3
5
4 4 
1 3
2 3
3 5
4 4
2 4 
1 4
1 4
2 6
2 6
3 7 
1 4
1 4
2 6
2 6
2 6
3 4
3 4
2 3 
1 4
1 4
2 6
1 17 
1 4
1 4
1 6
1 4
1 4
1 4
1 6
1 6
1 4
1 4
1 6
1 6
1 6
1 4
1 4
1 4
1 4
163 15
2 0 12
3 12 13 5
3 11 2 7
2 10 8
1 8
3 0 2 5
2 5 9
3 1 3 6
1 11
3 11 12 2
3 0 3 9
3 0 2 5
3 12 2 9
2 3 5
1 6
3 13 5 6
3 11 4 5
3 1 10 14
3 0 2 8
3 2 6 8
3 0 14 9
3 10 14 6
3 13 3 7
2 11 8
2 10 3
1 12
2 12 7
2 2 5
1 5
3 10 2 6
3 12 13 8
3 13 3 5
1 3
3 12 2 4
1 1
3 0 7 9
2 12 5
3 11 3 5
3 0 12 4
2 3 5
3 0 7 9
3 0 14 7
2 2 9
3 13 4 5
1 7
2 12 9
2 13 3
2 2 6
3 10 13 5
2 12 4
3 11 13 5
2 1 7
3 1 6 8
2 12 6
3 0 10 11
2 11 8
1 12
2 13 2
3 0 12 5
3 0 12 8
1 7
3 3 5 9
3 0 10 13
2 14 9
3 0 12 13
3 11 12 3
3 11 13 7
3 0 13 9
3 0 14 5
3 1 13 8
2 0 3
1 8
3 0 12 5
3 11 13 3
3 14 2 5
2 1 14
2 14 5
2 13 14
2 13 3
3 1 10 7
2 11 5
2 12 14
3 13 7 9
2 1 4
3 10 14 8
3 1 11 3
3 0 14 6
2 11 9
3 12 3 4
3 10 6 8
3 10 12 2
1 1
3 1 12 13
1 8
3 14 2 5
2 11 7
1 1
3 1 14 3
1 0
1 7
3 2 6 9
1 7
3 11 2 8
3 7 8 9
1 4
3 13 14 3
3 0 2 3
3 0 13 7
1 8
1 0
3 0 3 9
3 0 11 8
2 12 13
2 5 8
2 11 4
3 5 7 8
3 1 12 3
3 0 11 13
2 1 9
3 11 2 5
3 11 12 6
3 1 13 7
3 10 13 4
1 8
3 11 2 9
3 10 13 2
3 12 3 5
3 2 3 6
3 3 5 9
3 10 5 8
3 13 2 3
3 4 5 7
3 11 14 4
3 11 2 9
3 13 4 7
3 0 2 4
3 10 7 9
3 1 7 9
1 9
3 1 11 13
3 13 5 6
2 10 2
3 10 14 2
3 0 1 12
2 11 4
3 11 12 14
2 12 5
3 0 10 12
3 0 1 4
3 12 4 9
3 11 14 2
3 0 5 6
3 12 6 7
3 2 6 8
2 3 6
3 11 13 8
2 14 3
2 12 4
2 10 12
2 12 13
2 12 13
2 3 7
3 11 13 7
163 442
4 370 382 408 64
3 193 39 410
2 187 271
5 151 194 396 407 419
6 146 24 295 381 399 411
1 19
4 173 326 380 92
3 415 421 427
5 265 273 284 400 56
3 259 366 52
5 340 383 394 406 8
3 261 286 364
3 203 220 69
6 16 234 27 427 434 88
1 100
2 222 324
3 237 4 80
5 352 374 422 436 68
4 114 298 432 74
2 375 426
4 119 154 302 368
3 116 239 438
2 387 390
4 20 327 339 429
4 364 395 59 82
4 141 301 440 83
2 38 45
4 403 417 429 441
5 195 236 321 361 434
2 225 414
4 183 197 275 425
5 127 296 329 34 416
4 11 120 212 432
5 111 139 140 171 433
8 17 170 179 185 303 416 60 78
4 188 341 413 65
8 18 266 318 333 346 392 422 5
4 263 35 365 366
2 230 9
3 125 245 440
2 373 440
7 1 152 323 395 418 426 439
4 311 356 389 415
4 110 300 369 95
3 269 283 360
1 346
3 191 201 238
4 174 279 437 96
3 104 165 309
4 186 359 428 84
5 102 351 357 405 67
4 335 345 405 71
3 232 7 99
1 384
2 128 387
1 135
2 331 403
4 132 213 375 404
3 126 156 427
3 209 26 418
4 130 356 398 48
8 337 338 379 385 389 417 423 49
4 28 371 400 433
6 31 394 395 409 423 46
3 342 349 435
3 308 355 401
3 223 256 406
3 317 376 426
2 314 441
3 107 408 433
3 305 332 373
3 134 342 420
2 117 347
4 108 200 47 57
4 285 417 438 77
3 281 362 437
1 258
4 121 184 363 430
7 204 276 278 358 361 426 438
1 189
4 198 253 412 423
3 339 40 433
4 272 343 391 435
3 172 431 439
4 142 144 336 400
2 243 320
5 113 405 414 431 434
2 13 51
2 217 386
6 250 290 299 353 415 91
2 124 131
6 196 207 252 338 406 441
3 12 410 438
4 377 393 402 98
6 167 231 254 358 396 424
3 307 310 330
5 169 192 291 297 79
4 357 382 424 432
2 287 315
4 178 353 421 430
4 226 280 37 436
3 380 409 62
3 249 257 439
5 123 262 428 6 76
3 227 316 398
5 136 30 404 439 440
4 157 176 270 66
3 101 159 182
3 399 420 429
4 328 345 410 421
3 25 354 388
3 32 408 50
5 181 218 312 394 90
4 158 341 351 370
4 344 350 367 89
3 112 208 372
2 282 436
3 118 22 436
4 229 244 264 422
5 242 355 384 386 432
4 343 418 419 61
4 205 240 350 441
4 219 294 306 53
4 0 409 424 425
4 180 292 325 412
4 210 251 376 425
3 216 313 391
3 372 404 434
2 268 441
4 255 344 374 390
8 103 122 155 274 288 393 403 73
4 10 105 211 411
7 106 150 379 399 428 431 63
2 160 378
2 260 401
5 153 21 367 369 413
8 241 277 33 401 44 54 55 58
5 166 199 267 340 93
3 149 377 86
4 289 334 383 397
3 215 246 42
4 115 145 348 396
3 177 420 441
8 148 228 293 319 348 41 419 43
4 143 162 164 23
5 133 15 233 407 437
3 397 413 439
3 163 168 385
4 360 402 411 431
4 235 322 407 437
3 347 393 428
6 14 214 221 349 352 371
5 109 363 427 429 430
5 175 29 362 397 425
5 138 3 359 368 392
8 137 161 36 402 430 435 441 85
5 224 247 414 70 97
3 147 398 440
4 2 206 354 412
7 202 365 388 416 438 75 81
4 129 190 435 87
2 248 94
4 304 378 381 72
