95
0 1 0 1 10 1 1 0 0 1 0 10 10 1 0 0 1 1 1 10 1 1 1 1 0 1 0 1 1 10 10 1 0 10 1 1 0 0 0 10 1 0 0 0 1 1 10 0 1 1 1 1 10 1 10 1 1 10 0 1 1 1 0 1 1 1 0 1 0 1 1 10 1 0 0 1 1 10 1 0 1 0 0 0 10 1 0 0 10 0 1 0 1 0 0
1 0 0 1 1 1 0 1 0 1 0 0 1 1 1 1 0 0 10 10 1 0 0 1 0 1 1 10 1 10 0 1 0 0 1 1 0 1 1 0 1 0 10 1 0 10 0 1 10 10 1 1 1 10 1 1 0 1 1 1 1 10 0 10 0 0 0 1 1 0 1 10 1 0 0 100 100 1 1 1 0 1 10 1 0 1 1 1 1 0 1 0 1 0 0
0 0 0 0 0 0 1 0 0 0 1 0 0 0 0 1 0 0 0 0 0 0 0 0 1 1 1 0 1 0 0 1 1 0 0 0 0 0 1 0 1 1 0 0 0 0 1 0 0 0 0 1 0 1 0 0 0 1 0 0 1 0 0 0 0 0 1 0 0 0 1 0 1 0 1 0 0 0 0 1 0 1 0 1 0 0 0 0 0 0 0 0 0 1 1
1 1 0 0 1 10 1 0 0 0 0 1 0 0 1 1 1 1 1 1 1 1 1 1 0 1 1 0 0 1 1 0 0 1 0 0 0 1 1 1 1 0 1 1 0 1 1 1 1 1 10 10 1 1 0 1 0 1 1 10 1 10 0 0 0 0 0 0 1 0 1 10 0 0 0 1 1 1 0 0 0 0 1 0 1 0 0 1 1 0 0 0 1 0 0
10 1 0 1 0 1 1 0 0 10 0 1 1 0 1 0 10 1 10 1 1 1 10 0 0 0 0 1 1 1 10 1 0 1 10 1 0 1 0 10 1 1 0 0 0 0 1 0 0 1 10 1 100 1 10 10 0 10 0 1 1 1 1 1 0 0 0 1 0 0 1 10 0 0 0 1 1 100 1 0 0 0 1 0 1 1 0 1 1 1 1 1 0 1 0
1 1 0 10 1 0 1 1 0 0 0 10 0 0 1 1 1 10 1 1 1 10 10 1 1 1 1 0 1 1 1 0 0 1 0 0 1 10 10 1 1 1 1 1 1 1 1 1 1 10 10 10 1 1 0 1 0 1 1 10 1 10 0 1 1 0 1 1 1 0 1 10 0 0 1 1 1 1 1 1 1 0 1 0 1 0 1 1 1 0 0 0 1 0 0
1 0 1 1 1 1 0 0 1 0 10 1 1 1 1 1 1 10 0 0 0 1 1 1 10 1 1 0 1 0 1 10 1 1 0 0 0 0 1 1 10 1 0 0 1 0 10 0 0 0 1 10 1 1 0 1 1 10 0 10 10 1 0 0 0 0 10 0 1 0 10 1 1 1 1 0 0 1 1 1 0 1 0 1 1 0 0 1 1 1 0 0 1 1 10
0 1 0 0 0 1 0 0 0 0 0 1 0 1 0 0 0 1 0 0 0 1 1 0 1 0 0 1 1 0 0 0 0 0 0 0 1 1 1 0 1 1 1 0 1 1 0 0 1 1 0 0 0 0 0 1 0 0 0 0 1 1 0 10 1 0 1 1 0 0 1 0 1 0 1 1 1 0 1 10 1 1 1 1 0 0 10 0 1 0 0 0 0 0 0
0 0 0 0 0 0 1 0 0 0 1 0 1 1 1 0 0 1 0 0 0 0 0 1 1 0 0 0 0 0 0 1 0 0 0 0 0 0 0 0 0 0 0 0 1 0 0 0 0 0 0 0 0 0 0 0 1 0 0 1 0 0 0 0 0 0 1 0 1 0 0 0 0 1 0 0 0 0 1 0 0 0 0 0 0 0 0 1 0 1 0 0 1 0 1
1 1 0 0 10 0 0 0 0 0 0 0 1 0 1 0 1 0 10 1 1 0 1 0 0 0 0 1 1 1 1 1 0 0 10 1 0 1 0 1 0 1 0 0 0 0 0 0 0 1 1 0 10 1 10 1 0 1 0 0 0 0 1 1 0 0 0 1 0 0 0 1 0 0 0 1 1 10 1 0 0 0 1 0 0 1 0 1 0 1 1 1 0 1 0
0 0 1 0 0 0 10 0 1 0 0 0 1 1 1 1 0 1 0 0 0 0 0 1 10 1 1 0 1 0 0 10 1 0 0 0 0 0 1 0 1 1 0 0 1 0 1 0 0 0 0 1 0 1 0 0 1 1 0 1 1 0 0 0 0 0 10 0 1 0 1 0 1 1 1 0 0 0 1 1 0 1 0 1 0 0 0 1 0 1 0 0 1 1 10
10 0 0 1 1 10 1 1 0 0 0 0 1 1 0 0 1 10 0 1 1 10 10 1 1 1 0 0 1 1 10 0 0 10 0 0 1 1 1 10 1 1 0 0 10 1 10 0 1 1 1 1 1 0 1 1 1 1 0 1 1 1 0 1 10 1 1 1 0 1 1 1 1 0 1 0 0 1 1 1 10 0 0 0 10 0 1 0 10 0 0 0 1 0 0
10 1 0 0 1 0 1 0 1 1 1 1 0 10 1 0 0 1 1 10 1 0 0 10 1 1 0 1 1 10 1 10 0 1 1 1 0 0 0 1 0 0 0 0 10 1 1 0 1 1 0 0 1 1 10 0 10 1 0 1 0 0 0 1 1 1 1 1 1 1 0 1 1 1 0 1 1 1 10 0 1 0 0 0 1 1 0 1 1 1 1 0 10 0 1
1 1 0 0 0 0 1 1 1 0 1 1 10 0 1 0 0 1 0 1 1 0 0 10 1 1 0 1 0 1 1 1 0 1 0 0 0 0 0 1 1 0 1 0 10 10 1 0 10 0 0 0 0 0 1 1 10 0 0 1 1 1 0 1 1 1 1 0 1 1 1 0 10 1 0 1 1 0 1 1 1 1 1 1 1 0 1 1 10 1 0 0 10 0 1
0 1 0 1 1 1 1 0 1 1 1 0 1 1 0 1 1 1 10 1 10 0 1 10 1 1 1 0 0 1 1 1 0 0 1 0 0 10 1 1 0 1 1 1 1 1 0 1 1 1 10 1 1 1 1 1 1 0 1 10 0 1 1 0 0 0 1 0 10 0 0 1 0 1 0 1 1 1 1 0 0 0 10 0 0 0 0 100 0 10 0 1 10 1 1
0 1 1 1 0 1 1 0 0 0 1 0 0 0 1 0 0 0 1 1 1 0 0 1 1 10 10 0 1 1 0 1 1 0 0 0 0 1 10 0 1 1 1 1 0 1 1 1 1 1 1 10 0 10 0 0 0 1 1 1 1 1 0 0 0 0 1 0 1 0 1 1 1 0 1 1 1 0 0 1 0 1 1 1 0 0 0 1 0 0 0 0 1 1 1
1 0 0 1 10 1 1 0 0 1 0 1 0 0 1 0 0 1 1 0 1 1 10 0 0 0 0 0 0 0 10 0 0 1 1 0 0 1 0 10 1 1 0 0 0 0 1 0 0 0 10 1 10 0 1 10 0 1 0 1 1 1 1 0 0 0 0 0 0 0 1 1 0 0 0 0 0 10 0 0 0 0 1 0 1 0 0 1 1 1 0 1 0 1 0
1 0 0 1 1 10 10 1 1 0 1 10 1 1 1 0 1 0 0 0 0 10 10 1 10 0 0 0 1 0 1 1 0 1 0 0 1 1 1 1 1 1 0 0 10 0 1 0 0 1 1 1 1 0 0 1 1 1 0 10 1 1 0 1 1 0 10 1 1 0 1 1 0 1 1 0 0 1 10 1 1 0 0 0 1 0 1 1 1 1 0 0 1 0 1
1 10 0 1 10 1 0 0 0 10 0 0 1 0 10 1 1 0 0 10 10 0 1 1 0 1 1 1 1 10 1 1 0 0 10 1 0 10 1 1 0 1 1 1 0 1 0 1 1 10 10 1 10 10 10 1 0 1 1 1 0 1 1 1 0 0 0 1 1 0 0 10 0 0 0 10 10 10 1 0 0 0 10 0 0 1 0 10 0 1 1 1 1 1 0
10 10 0 1 1 1 0 0 0 1 0 1 10 1 1 1 0 0 10 0 10 0 0 10 0 10 1 1 1 100 1 1 0 1 1 1 0 1 1 1 0 0 1 1 1 10 1 1 10 10 1 1 1 10 10 0 1 1 1 1 0 1 0 1 1 1 0 1 1 1 0 10 1 0 0 10 10 1 1 0 1 0 1 0 1 1 0 1 1 0 1 0 10 0 0
1 1 0 1 1 1 0 0 0 1 0 1 1 1 10 1 1 0 10 10 0 0 1 10 0 10 1 0 0 10 10 0 0 1 1 0 0 10 1 10 0 1 1 1 1 10 1 1 10 1 10 1 1 1 10 1 1 0 1 1 0 1 1 0 1 1 0 0 1 1 0 1 1 0 0 1 1 1 0 0 1 0 10 0 1 0 0 10 1 1 0 1 10 1 0
1 0 0 1 1 10 1 1 0 0 0 10 0 0 0 0 1 10 0 0 0 0 10 0 1 0 0 0 1 0 1 0 0 1 0 0 1 1 1 1 1 1 0 0 1 0 1 0 0 1 1 1 1 0 0 1 0 1 0 1 1 1 0 1 1 0 1 1 0 0 1 1 0 0 1 0 0 1 1 1 1 0 0 0 1 0 1 0 1 0 0 0 0 0 0
1 0 0 1 10 10 1 1 0 1 0 10 0 0 1 0 10 10 1 0 1 10 0 0 1 0 0 0 1 0 10 0 0 1 1 0 1 10 1 10 1 10 0 0 1 0 1 0 0 1 10 1 10 0 1 10 0 1 0 1 1 1 1 1 1 0 1 1 0 0 1 1 0 0 1 0 0 10 1 1 1 0 1 0 1 0 1 1 1 1 0 1 0 1 0
1 1 0 1 0 1 1 0 1 0 1 1 10 10 10 1 0 1 1 10 10 0 0 0 1 10 1 0 0 10 1 1 0 1 0 0 0 1 1 1 0 0 1 1 10 10 1 1 10 1 1 1 0 1 1 0 10 0 1 10 0 1 0 0 1 1 1 0 10 1 0 1 1 1 0 1 1 0 1 0 1 0 1 0 1 0 0 10 1 1 0 0 100 0 1
0 0 1 0 0 1 10 1 1 0 10 1 1 1 1 1 0 10 0 0 0 1 1 1 0 1 1 0 10 0 0 10 1 0 0 0 1 1 10 0 1 10 0 0 10 0 1 0 0 1 0 1 0 1 0 0 1 1 0 1 1 0 0 1 1 0 100 1 1 0 1 0 1 1 10 0 0 0 10 10 1 1 0 1 0 0 1 1 0 1 0 0 1 1 10
1 1 1 1 0 1 1 0 0 0 1 1 1 1 1 10 0 0 1 10 10 0 0 10 1 0 10 0 1 10 1 1 1 1 0 0 0 1 10 1 1 1 1 1 1 10 10 1 10 1 1 10 0 10 1 0 1 1 1 1 1 1 0 0 1 1 1 0 1 1 1 1 10 0 1 1 1 0 0 1 1 1 1 1 1 0 0 1 1 0 0 0 10 1 1
0 1 1 1 0 1 1 0 0 0 1 0 0 0 1 10 0 0 1 1 1 0 0 1 1 10 0 0 1 1 0 1 1 0 0 0 0 1 10 0 1 1 1 1 0 1 1 1 1 1 1 10 0 10 0 0 0 1 1 1 1 1 0 0 0 0 1 0 1 0 1 1 1 0 1 1 1 0 0 1 0 1 1 1 0 0 0 1 0 0 0 0 1 1 1
1 10 0 0 1 0 0 1 0 1 0 0 1 1 0 0 0 0 1 1 0 0 0 0 0 0 0 0 1 1 0 1 0 0 1 1 0 0 0 0 1 0 1 0 0 1 0 0 1 1 0 0 1 1 1 1 0 1 0 0 1 1 0 10 0 0 0 1 0 0 1 1 1 0 0 10 10 1 1 1 0 1 1 1 0 1 1 0 1 0 1 0 0 0 0
1 1 1 0 1 1 1 1 0 1 1 1 1 0 0 1 0 1 1 1 0 1 1 0 10 1 1 1 0 1 0 10 1 0 1 1 1 1 10 0 1 10 0 0 1 0 1 0 0 10 0 1 1 10 1 0 0 10 0 0 1 0 0 10 1 0 10 10 0 0 1 1 1 0 10 1 1 1 10 10 1 1 0 1 0 1 1 0 0 0 1 0 0 1 1
10 10 0 1 1 1 0 0 0 1 0 1 10 1 1 1 0 0 10 100 10 0 0 10 0 10 1 1 1 0 1 1 0 1 1 1 0 1 1 1 0 0 1 1 1 10 1 1 10 10 1 1 1 10 10 0 1 1 1 1 0 1 0 1 1 1 0 1 1 1 0 10 1 0 0 10 10 1 1 0 1 0 1 0 1 1 0 1 1 0 1 0 10 0 0
10 0 0 1 10 1 1 0 0 1 0 10 1 1 1 0 10 1 1 1 10 1 10 1 0 1 0 0 0 1 0 0 0 10 1 0 0 1 0 100 1 1 0 0 1 1 10 0 1 0 10 1 10 0 10 10 1 1 0 1 1 1 1 0 1 1 0 0 0 1 1 1 1 0 0 0 0 10 0 0 1 0 1 0 10 0 0 1 10 1 0 1 1 1 0
1 1 1 0 1 0 10 0 1 1 10 0 10 1 1 1 0 1 1 1 0 0 0 1 10 1 1 1 10 1 0 0 1 0 1 1 0 0 1 0 1 1 0 0 1 0 1 0 0 1 0 1 1 10 1 0 1 10 0 1 1 0 0 1 0 0 10 1 1 0 1 1 1 1 1 1 1 1 10 1 0 1 0 1 0 1 0 1 0 1 1 0 1 1 10
0 0 1 0 0 0 1 0 0 0 1 0 0 0 0 1 0 0 0 0 0 0 0 0 1 1 1 0 1 0 0 1 0 0 0 0 0 0 1 0 1 1 0 0 0 0 1 0 0 0 0 1 0 1 0 0 0 1 0 0 1 0 0 0 0 0 1 0 0 0 1 0 1 0 1 0 0 0 0 1 0 1 0 1 0 0 0 0 0 0 0 0 0 1 1
10 0 0 1 1 1 1 0 0 0 0 10 1 1 0 0 1 1 0 1 1 1 1 1 0 1 0 0 0 1 10 0 0 0 0 0 0 0 0 10 1 0 0 0 1 1 10 0 1 0 1 1 1 0 1 1 1 1 0 1 1 1 0 0 1 1 0 0 0 1 1 1 1 0 0 0 0 1 0 0 1 0 0 0 10 0 0 0 10 0 0 0 1 0 0
1 1 0 0 10 0 0 0 0 10 0 0 1 0 1 0 1 0 10 1 1 0 1 0 0 0 0 1 1 1 1 1 0 0 0 1 0 1 0 1 0 1 0 0 0 0 0 0 0 1 1 0 10 1 10 1 0 1 0 0 0 0 1 1 0 0 0 1 0 0 0 1 0 0 0 1 1 10 1 0 0 0 1 0 0 1 0 1 0 1 1 1 0 1 0
1 1 0 0 1 0 0 0 0 1 0 0 1 0 0 0 0 0 1 1 0 0 0 0 0 0 0 1 1 1 0 1 0 0 1 0 0 0 0 0 0 0 0 0 0 0 0 0 0 1 0 0 1 1 1 0 0 1 0 0 0 0 0 1 0 0 0 1 0 0 0 1 0 0 0 1 1 1 1 0 0 0 0 0 0 1 0 0 0 0 1 0 0 0 0
0 0 0 0 0 1 0 1 0 0 0 1 0 0 0 0 0 1 0 0 0 1 1 0 1 0 0 0 1 0 0 0 0 0 0 0 0 1 1 0 0 1 0 0 1 0 0 0 0 1 0 0 0 0 0 0 0 0 0 0 0 0 0 1 1 0 1 1 0 0 0 0 0 0 1 0 0 0 1 1 1 0 0 0 0 0 1 0 0 0 0 0 0 0 0
0 1 0 1 1 10 0 1 0 1 0 1 0 0 10 1 1 1 10 1 10 1 10 1 1 1 1 0 1 1 1 0 0 0 1 0 1 0 10 1 0 10 1 1 1 1 0 1 1 10 10 1 1 1 1 1 0 0 1 1 0 1 1 1 1 0 1 1 1 0 0 1 0 0 1 1 1 1 1 1 1 0 10 0 0 0 1 10 0 1 0 1 1 1 0
0 1 1 1 0 10 1 1 0 0 1 1 0 0 1 10 0 1 1 1 1 1 1 1 10 10 10 0 10 1 0 1 1 0 0 0 1 10 0 0 1 10 1 1 1 1 1 1 1 10 1 10 0 10 0 0 0 1 1 1 1 1 0 1 1 0 10 1 1 0 1 1 1 0 10 1 1 0 1 10 1 1 1 1 0 0 1 1 0 0 0 0 1 1 1
10 0 0 1 10 1 1 0 0 1 0 10 1 1 1 0 10 1 1 1 10 1 10 1 0 1 0 0 0 1 100 0 0 10 1 0 0 1 0 0 1 1 0 0 1 1 10 0 1 0 10 1 10 0 10 10 1 1 0 1 1 1 1 0 1 1 0 0 0 1 1 1 1 0 0 0 0 10 0 0 1 0 1 0 10 0 0 1 10 1 0 1 1 1 0
1 1 1 1 1 1 10 1 0 0 1 1 0 1 0 1 1 1 0 0 0 1 1 0 1 1 1 1 1 0 1 1 1 1 0 0 0 0 1 1 0 1 1 0 0 1 10 0 1 0 1 10 1 1 0 10 0 10 0 1 100 10 0 1 0 0 1 0 0 0 100 1 10 0 1 1 1 1 0 10 0 10 1 10 1 0 1 0 10 0 0 0 0 1 1
0 0 1 0 1 1 1 1 0 1 1 1 0 0 1 1 1 1 1 0 1 1 10 0 10 1 1 0 10 0 1 1 1 0 1 0 1 10 10 1 1 0 0 0 1 0 1 0 0 1 1 1 1 1 1 1 0 1 0 0 1 0 1 1 1 0 10 1 0 0 1 0 1 0 10 0 0 1 1 10 1 1 1 1 0 0 1 1 0 1 0 1 0 10 1
0 10 0 1 0 1 0 1 0 0 0 0 0 1 1 1 0 0 1 1 1 0 0 1 0 1 1 1 0 1 0 0 0 0 0 0 0 1 1 0 1 0 0 1 0 10 0 1 10 1 1 1 0 1 0 1 0 0 1 1 1 10 0 1 0 0 0 0 1 0 1 1 1 0 0 10 10 0 0 1 0 1 10 1 0 0 1 1 1 0 0 0 1 0 0
0 1 0 1 0 1 0 0 0 0 0 0 0 0 1 1 0 0 1 1 1 0 0 1 0 1 1 0 0 1 0 0 0 0 0 0 0 1 1 0 0 0 1 0 0 1 0 1 1 1 1 1 0 1 0 0 0 0 1 1 0 1 0 0 0 0 0 0 1 0 0 1 0 0 0 1 1 0 0 0 0 0 1 0 0 0 0 1 0 0 0 0 1 0 0
1 0 0 0 0 1 1 1 1 0 1 10 10 10 1 0 0 10 0 1 1 1 1 10 10 1 0 0 1 1 1 1 0 1 0 0 1 1 1 1 0 1 0 0 0 1 1 0 1 1 0 0 0 0 1 0 10 0 0 1 0 0 0 1 10 1 10 1 1 1 0 0 1 1 1 0 0 0 10 1 10 0 0 0 1 0 1 1 1 1 0 0 10 0 1
1 10 0 1 0 1 0 1 0 0 0 1 1 10 1 1 0 0 1 10 10 0 0 10 0 10 1 1 0 10 1 0 0 1 0 0 0 1 1 1 1 0 10 1 1 0 1 1 100 1 1 1 0 1 1 1 1 0 1 1 1 10 0 1 1 1 0 0 1 1 1 1 10 0 0 10 10 0 0 1 1 1 10 1 1 0 1 1 10 0 0 0 10 0 0
10 0 1 1 1 1 10 0 0 0 1 10 1 1 0 1 1 1 0 1 1 1 1 1 1 10 1 0 1 1 10 1 1 10 0 0 0 0 1 10 10 1 0 0 1 1 0 0 1 0 1 10 1 1 1 1 1 10 0 1 10 1 0 0 1 1 1 0 0 1 10 1 10 0 1 0 0 1 0 1 1 1 0 1 10 0 0 0 10 0 0 0 1 1 1
0 1 0 1 0 1 0 0 0 0 0 0 0 0 1 1 0 0 1 1 1 0 0 1 0 1 1 0 0 1 0 0 0 0 0 0 0 1 1 0 0 0 1 1 0 1 0 0 1 1 1 1 0 1 0 0 0 0 1 1 0 1 0 0 0 0 0 0 1 0 0 1 0 0 0 1 1 0 0 0 0 0 1 0 0 0 0 1 0 0 0 0 1 0 0
1 10 0 1 0 1 0 1 0 0 0 1 1 10 1 1 0 0 1 10 10 0 0 10 0 10 1 1 0 10 1 0 0 1 0 0 0 1 1 1 1 0 10 1 1 100 1 1 0 1 1 1 0 1 1 1 1 0 1 1 1 10 0 1 1 1 0 0 1 1 1 1 10 0 0 10 10 0 0 1 1 1 10 1 1 0 1 1 10 0 0 0 10 0 0
1 10 0 1 1 10 0 1 0 1 0 1 1 0 1 1 0 1 10 10 1 1 1 1 1 1 1 1 10 10 0 1 0 0 1 1 1 10 10 0 0 1 1 1 1 1 0 1 1 0 1 1 1 10 1 0 0 1 1 1 0 1 0 10 1 0 1 10 1 0 0 10 0 0 1 10 10 1 10 1 1 0 1 0 0 1 1 1 0 0 1 0 1 0 0
1 1 0 10 10 10 1 0 0 1 0 1 0 0 10 1 10 1 10 1 10 1 10 1 0 1 1 0 0 1 10 0 0 1 1 0 0 10 1 10 1 1 1 1 0 1 1 1 1 1 0 10 10 1 1 10 0 1 1 10 1 10 1 0 0 0 0 0 1 0 1 10 0 0 0 1 1 10 0 0 0 0 10 0 1 0 0 10 1 1 0 1 1 1 0
1 1 1 10 1 10 10 0 0 0 1 1 0 0 1 10 1 1 1 1 1 1 1 1 1 10 10 0 1 1 1 1 1 1 0 0 0 1 10 1 10 1 1 1 0 1 10 1 1 1 10 0 1 10 0 1 0 10 1 10 10 10 0 0 0 0 1 0 1 0 10 10 1 0 1 1 1 1 0 1 0 1 1 1 1 0 0 1 1 0 0 0 1 1 1
10 1 0 1 100 1 1 0 0 10 0 1 1 0 1 0 10 1 10 1 1 1 10 0 0 0 0 1 1 1 10 1 0 1 10 1 0 1 0 10 1 1 0 0 0 0 1 0 0 1 10 1 0 1 10 10 0 10 0 1 1 1 1 1 0 0 0 1 0 0 1 10 0 0 0 1 1 100 1 0 0 0 1 0 1 1 0 1 1 1 1 1 0 1 0
1 10 1 1 1 1 1 0 0 1 1 0 1 0 1 10 0 0 10 10 1 0 0 1 1 10 10 1 10 10 0 10 1 0 1 1 0 1 10 0 1 1 1 1 0 1 1 1 1 10 1 10 1 0 1 0 0 10 1 1 1 1 0 1 0 0 1 1 1 0 1 10 1 0 1 10 10 1 1 1 0 1 1 1 0 1 0 1 0 0 1 0 1 1 1
10 1 0 0 10 0 0 0 0 10 0 1 10 1 1 0 1 0 10 10 10 0 1 1 0 1 0 1 1 10 10 1 0 1 10 1 0 1 0 10 0 1 0 0 1 1 1 0 1 1 1 0 10 1 0 1 1 1 0 0 0 0 1 1 1 1 0 1 0 1 0 1 1 0 0 1 1 10 1 0 1 0 1 0 1 1 0 1 1 1 1 1 1 1 0
1 1 0 1 10 1 1 1 0 1 0 1 0 1 1 0 10 1 1 0 1 1 10 0 0 0 0 1 0 0 10 0 0 1 1 0 0 1 0 10 10 1 1 0 0 1 1 0 1 0 10 1 10 0 1 0 0 1 0 1 10 10 1 1 0 0 0 0 0 0 10 1 1 0 0 1 1 10 0 1 0 1 10 1 1 0 1 1 10 1 0 1 0 1 0
1 0 0 0 0 0 1 0 1 0 1 1 10 10 1 0 0 1 0 1 1 0 0 10 1 1 0 0 0 1 1 1 0 1 0 0 0 0 0 1 0 0 0 0 10 1 1 0 1 0 0 0 0 0 1 0 0 0 0 1 0 0 0 0 1 1 1 0 1 1 0 0 1 1 0 0 0 0 1 0 1 0 0 0 1 0 0 1 1 1 0 0 10 0 1
10 1 1 1 10 1 10 0 0 1 1 1 1 0 0 1 1 1 1 1 0 1 1 0 1 1 1 1 10 1 1 10 1 1 1 1 0 0 1 1 10 1 0 0 0 0 10 0 0 1 1 10 10 10 1 1 0 0 0 1 10 1 0 1 0 0 1 1 0 0 10 10 1 0 1 1 1 10 1 1 0 1 0 1 1 1 0 0 1 0 1 0 0 1 1
0 1 0 1 0 1 0 0 0 0 0 0 0 0 1 1 0 0 1 1 1 0 0 1 0 1 1 0 0 1 0 0 0 0 0 0 0 1 1 0 0 0 1 1 0 1 0 1 1 1 1 1 0 1 0 0 0 0 0 1 0 1 0 0 0 0 0 0 1 0 0 1 0 0 0 1 1 0 0 0 0 0 1 0 0 0 0 1 0 0 0 0 1 0 0
1 1 0 10 1 10 10 0 1 0 1 1 1 1 10 1 1 10 1 1 1 1 1 10 1 1 1 0 0 1 1 1 0 1 0 0 0 1 1 1 1 0 1 1 1 1 1 1 1 1 10 10 1 1 0 1 1 1 1 0 1 10 0 0 0 0 1 0 10 0 1 10 0 1 0 1 1 1 1 0 0 0 1 0 1 0 0 10 1 1 0 0 10 0 1
1 1 1 1 1 1 10 1 0 0 1 1 0 1 0 1 1 1 0 0 0 1 1 0 1 1 1 1 1 0 1 1 1 1 0 0 0 0 1 1 100 1 1 0 0 1 10 0 1 0 1 10 1 1 0 10 0 10 0 1 0 10 0 1 0 0 1 0 0 0 100 1 10 0 1 1 1 1 0 10 0 10 1 10 1 0 1 0 10 0 0 0 0 1 1
1 10 0 10 1 10 1 1 0 0 0 1 0 1 1 1 1 1 1 1 1 1 1 1 0 1 1 1 0 1 1 0 0 1 0 0 0 1 1 1 10 0 10 1 0 10 1 1 10 1 10 10 1 1 0 10 0 1 1 10 10 0 0 1 0 0 0 0 1 0 10 10 1 0 0 10 10 1 0 1 0 1 10 1 1 0 1 1 10 0 0 0 1 0 0
0 0 0 0 1 0 0 0 0 1 0 0 0 0 1 0 1 0 1 0 1 0 1 0 0 0 0 0 0 0 1 0 0 0 1 0 0 1 0 1 0 1 0 0 0 0 0 0 0 0 1 0 1 0 1 1 0 0 0 0 0 0 0 0 0 0 0 0 0 0 0 0 0 0 0 0 0 1 0 0 0 0 1 0 0 0 0 1 0 1 0 1 0 1 0
1 10 0 0 1 1 0 10 0 1 0 1 1 1 0 0 0 1 1 1 0 1 1 0 1 0 0 10 10 1 0 1 0 0 1 1 1 1 1 0 1 1 1 0 1 1 0 0 1 10 0 0 1 1 1 1 0 1 0 0 1 1 0 0 1 0 1 10 0 0 1 1 1 0 1 10 10 1 10 10 1 1 1 1 0 1 10 0 1 0 1 0 0 0 0
1 0 0 0 0 1 0 1 0 0 0 10 1 1 0 0 0 1 0 1 1 1 1 1 1 1 0 0 1 1 1 0 0 1 0 0 1 1 1 1 0 1 0 0 10 1 1 0 1 1 0 0 0 0 1 0 1 0 0 0 0 0 0 1 0 1 1 1 0 1 0 0 1 0 1 0 0 0 1 1 10 0 0 0 1 0 1 0 1 0 0 0 1 0 0
1 0 0 0 0 0 0 0 0 0 0 1 1 1 0 0 0 0 0 1 1 0 0 1 0 1 0 0 0 1 1 0 0 1 0 0 0 0 0 1 0 0 0 0 1 1 1 0 1 0 0 0 0 0 1 0 1 0 0 0 0 0 0 0 1 0 0 0 0 1 0 0 1 0 0 0 0 0 0 0 1 0 0 0 1 0 0 0 1 0 0 0 1 0 0
0 0 1 0 0 1 10 1 1 0 10 1 1 1 1 1 0 10 0 0 0 1 1 1 100 1 1 0 10 0 0 10 1 0 0 0 1 1 10 0 1 10 0 0 10 0 1 0 0 1 0 1 0 1 0 0 1 1 0 1 1 0 0 1 1 0 0 1 1 0 1 0 1 1 10 0 0 0 10 10 1 1 0 1 0 0 1 1 0 1 0 0 1 1 10
1 1 0 0 1 1 0 1 0 1 0 1 1 0 0 0 0 1 1 1 0 1 1 0 1 0 0 1 10 1 0 1 0 0 1 1 1 1 1 0 0 1 0 0 1 0 0 0 0 10 0 0 1 1 1 0 0 1 0 0 0 0 0 10 1 0 1 0 0 0 0 1 0 0 1 1 1 1 10 1 1 0 0 0 0 1 1 0 0 0 1 0 0 0 0
0 1 0 1 0 1 1 0 1 0 1 0 1 1 10 1 0 1 1 1 1 0 0 10 1 1 1 0 0 1 0 1 0 0 0 0 0 1 1 0 0 0 1 1 1 1 0 1 1 1 1 1 0 1 0 0 1 0 1 10 0 1 0 0 0 0 1 0 0 0 0 1 0 1 0 1 1 0 1 0 0 0 1 0 0 0 0 10 0 1 0 0 10 0 1
1 0 0 0 0 0 0 0 0 0 0 1 1 1 0 0 0 0 0 1 1 0 0 1 0 1 0 0 0 1 1 0 0 1 0 0 0 0 0 1 0 0 0 0 1 1 1 0 1 0 0 0 0 0 1 0 1 0 0 0 0 0 0 0 1 1 0 0 0 0 0 0 1 0 0 0 0 0 0 0 1 0 0 0 1 0 0 0 1 0 0 0 1 0 0
1 1 1 1 1 1 10 1 0 0 1 1 0 1 0 1 1 1 0 0 0 1 1 0 1 1 1 1 1 0 1 1 1 1 0 0 0 0 1 1 100 1 1 0 0 1 10 0 1 0 1 10 1 1 0 10 0 10 0 1 100 10 0 1 0 0 1 0 0 0 0 1 10 0 1 1 1 1 0 10 0 10 1 10 1 0 1 0 10 0 0 0 0 1 1
10 10 0 10 10 10 1 0 0 1 0 1 1 0 1 1 1 1 10 10 1 1 1 1 0 1 1 1 1 10 1 1 0 1 1 1 0 1 1 1 1 0 1 1 0 1 1 1 1 10 10 10 10 10 1 1 0 10 1 10 1 10 0 1 0 0 0 1 1 0 1 0 0 0 0 10 10 10 1 0 0 0 1 0 1 1 0 1 1 0 1 0 1 0 0
1 1 1 0 0 0 1 1 0 0 1 1 1 10 0 1 0 0 0 1 1 0 0 1 1 10 1 1 1 1 1 1 1 1 0 0 0 0 1 1 10 1 1 0 1 10 10 0 10 0 0 1 0 1 1 1 1 1 0 0 10 1 0 1 1 1 1 0 0 1 10 0 0 0 1 1 1 0 0 10 1 10 1 10 1 0 1 0 10 0 0 0 1 1 1
0 0 0 0 0 0 1 0 1 0 1 0 1 1 1 0 0 1 0 0 0 0 0 1 1 0 0 0 0 0 0 1 0 0 0 0 0 0 0 0 0 0 0 0 1 0 0 0 0 0 0 0 0 0 0 0 1 0 0 1 0 0 0 0 0 0 1 0 1 0 0 0 0 0 0 0 0 0 1 0 0 0 0 0 0 0 0 1 0 1 0 0 1 0 1
0 0 1 0 0 1 1 1 0 0 1 1 0 0 0 1 0 1 0 0 0 1 1 0 10 1 1 0 10 0 0 1 1 0 0 0 1 1 10 0 1 10 0 0 1 0 1 0 0 1 0 1 0 1 0 0 0 1 0 0 1 0 0 1 1 0 10 1 0 0 1 0 1 0 0 0 0 0 1 10 1 1 0 1 0 0 1 0 0 0 0 0 0 1 1
1 100 0 1 1 1 0 1 0 1 0 0 1 1 1 1 0 0 10 10 1 0 0 1 0 1 1 10 1 10 0 1 0 0 1 1 0 1 1 0 1 0 10 1 0 10 0 1 10 10 1 1 1 10 1 1 0 1 1 1 1 10 0 10 0 0 0 1 1 0 1 10 1 0 0 0 100 1 1 1 0 1 10 1 0 1 1 1 1 0 1 0 1 0 0
1 100 0 1 1 1 0 1 0 1 0 0 1 1 1 1 0 0 10 10 1 0 0 1 0 1 1 10 1 10 0 1 0 0 1 1 0 1 1 0 1 0 10 1 0 10 0 1 10 10 1 1 1 10 1 1 0 1 1 1 1 10 0 10 0 0 0 1 1 0 1 10 1 0 0 100 0 1 1 1 0 1 10 1 0 1 1 1 1 0 1 0 1 0 0
10 1 0 1 100 1 1 0 0 10 0 1 1 0 1 0 10 1 10 1 1 1 10 0 0 0 0 1 1 1 10 1 0 1 10 1 0 1 0 10 1 1 0 0 0 0 1 0 0 1 10 1 100 1 10 10 0 10 0 1 1 1 1 1 0 0 0 1 0 0 1 10 0 0 0 1 1 0 1 0 0 0 1 0 1 1 0 1 1 1 1 1 0 1 0
1 1 0 0 1 1 1 1 1 1 1 1 10 1 1 0 0 10 1 1 0 1 1 1 10 0 0 1 10 1 0 10 0 0 1 1 1 1 1 0 0 1 0 0 10 0 0 0 0 10 0 0 1 1 1 0 1 1 0 1 0 0 0 10 1 0 10 10 1 0 0 1 0 1 1 1 1 1 0 1 1 0 0 0 0 1 1 1 0 1 1 0 1 0 1
0 1 1 0 0 1 1 10 0 0 1 1 0 1 0 1 0 1 0 0 0 1 1 0 10 1 1 1 10 0 0 1 1 0 0 0 1 1 10 0 10 10 1 0 1 1 1 0 1 1 0 1 0 1 0 1 0 1 0 0 10 1 0 10 1 0 10 1 0 0 10 0 10 0 10 1 1 0 1 0 1 10 1 10 0 0 10 0 1 0 0 0 0 1 1
1 0 0 0 0 1 0 1 0 0 0 10 1 1 0 0 0 1 0 1 1 1 1 1 1 1 0 0 1 1 1 0 0 1 0 0 1 1 1 1 0 1 0 0 10 1 1 0 1 1 0 0 0 0 1 0 1 0 0 0 0 0 0 1 10 1 1 1 0 1 0 0 1 0 1 0 0 0 1 1 0 0 0 0 1 0 1 0 1 0 0 0 1 0 0
0 1 1 0 0 0 1 1 0 0 1 0 0 1 0 1 0 0 0 0 0 0 0 0 1 1 1 1 1 0 0 1 1 0 0 0 0 0 1 0 10 1 1 0 0 1 1 0 1 0 0 1 0 1 0 1 0 1 0 0 10 1 0 1 0 0 1 0 0 0 10 0 10 0 1 1 1 0 0 10 0 0 1 10 0 0 1 0 1 0 0 0 0 1 1
0 10 0 1 1 1 0 1 0 1 0 0 0 1 10 1 1 0 10 1 10 0 1 1 0 1 1 1 0 1 1 0 0 0 1 0 0 10 1 1 1 1 10 1 0 10 0 1 10 1 10 1 1 1 1 10 0 0 1 1 1 10 1 1 0 0 0 0 1 0 1 1 1 0 0 10 10 1 0 1 0 1 0 1 0 0 1 10 1 1 0 1 1 1 0
0 1 1 0 0 0 1 1 0 0 1 0 0 1 0 1 0 0 0 0 0 0 0 0 1 1 1 1 1 0 0 1 1 0 0 0 0 0 1 0 10 1 1 0 0 1 1 0 1 0 0 1 0 1 0 1 0 1 0 0 10 1 0 1 0 0 1 0 0 0 10 0 10 0 1 1 1 0 0 10 0 10 1 0 0 0 1 0 1 0 0 0 0 1 1
10 0 0 1 1 1 1 0 0 0 0 10 1 1 0 0 1 1 0 1 1 1 1 1 0 1 0 0 0 1 10 0 0 10 0 0 0 0 0 10 1 0 0 0 1 1 10 0 1 0 1 1 1 0 1 1 1 1 0 1 1 1 0 0 1 1 0 0 0 1 1 1 1 0 0 0 0 1 0 0 1 0 0 0 0 0 0 0 10 0 0 0 1 0 0
1 1 0 0 1 0 0 0 0 1 0 0 1 0 0 0 0 0 1 1 0 0 0 0 0 0 0 1 1 1 0 1 0 0 1 1 0 0 0 0 0 0 0 0 0 0 0 0 0 1 0 0 1 1 1 0 0 1 0 0 0 0 0 1 0 0 0 1 0 0 0 1 0 0 0 1 1 1 1 0 0 0 0 0 0 0 0 0 0 0 1 0 0 0 0
0 1 0 0 0 1 0 10 0 0 0 1 0 1 0 0 0 1 0 0 0 1 1 0 1 0 0 1 1 0 0 0 0 0 0 0 1 1 1 0 1 1 1 0 1 1 0 0 1 1 0 0 0 0 0 1 0 0 0 0 1 1 0 10 1 0 1 1 0 0 1 0 1 0 1 1 1 0 1 10 1 1 1 1 0 0 0 0 1 0 0 0 0 0 0
0 1 0 1 1 1 1 0 1 1 1 0 1 1 100 1 1 1 10 1 10 0 1 10 1 1 1 0 0 1 1 1 0 0 1 0 0 10 1 1 0 1 1 1 1 1 0 1 1 1 10 1 1 1 1 1 1 0 1 10 0 1 1 0 0 0 1 0 10 0 0 1 0 1 0 1 1 1 1 0 0 0 10 0 0 0 0 0 0 10 0 1 10 1 1
10 1 0 1 1 1 1 1 0 0 0 10 1 10 0 0 1 1 0 1 1 1 1 1 0 1 0 1 0 1 10 0 0 10 0 0 0 0 0 10 10 0 1 0 1 10 10 0 10 0 1 1 1 0 1 10 1 1 0 1 10 10 0 1 1 1 0 0 0 1 10 1 10 0 0 1 1 1 0 1 1 1 1 1 10 0 1 0 0 0 0 0 1 0 0
0 0 0 0 1 0 1 0 1 1 1 0 1 1 10 0 1 1 1 0 1 0 1 1 1 0 0 0 0 0 1 1 0 0 1 0 0 1 0 1 0 1 0 0 1 0 0 0 0 0 1 0 1 0 1 1 1 0 0 1 0 0 1 0 0 0 1 0 1 0 0 0 0 1 0 0 0 1 1 0 0 0 1 0 0 0 0 10 0 0 0 1 1 1 1
1 1 0 0 1 0 0 0 0 1 0 0 1 0 0 0 0 0 1 1 0 0 0 0 0 0 0 1 1 1 0 1 0 0 1 1 0 0 0 0 0 0 0 0 0 0 0 0 0 1 0 0 1 1 1 0 0 1 0 0 0 0 0 1 0 0 0 1 0 0 0 1 0 0 0 1 1 1 1 0 0 0 0 0 0 1 0 0 0 0 0 0 0 0 0
0 0 0 0 1 0 0 0 0 1 0 0 0 0 1 0 1 0 1 0 1 0 1 0 0 0 0 0 0 0 1 0 0 0 1 0 0 1 0 1 0 1 0 0 0 0 0 0 0 0 1 0 1 0 1 1 0 0 0 0 0 0 1 0 0 0 0 0 0 0 0 0 0 0 0 0 0 1 0 0 0 0 1 0 0 0 0 1 0 1 0 0 0 1 0
1 1 0 1 0 1 1 0 1 0 1 1 10 10 10 1 0 1 1 10 10 0 0 100 1 10 1 0 0 10 1 1 0 1 0 0 0 1 1 1 0 0 1 1 10 10 1 1 10 1 1 1 0 1 1 0 10 0 1 10 0 1 0 0 1 1 1 0 10 1 0 1 1 1 0 1 1 0 1 0 1 0 1 0 1 0 0 10 1 1 0 0 0 0 1
0 0 1 0 1 0 1 0 0 1 1 0 0 0 1 1 1 0 1 0 1 0 1 0 1 1 1 0 1 0 1 1 1 0 1 0 0 1 1 1 1 10 0 0 0 0 1 0 0 0 1 1 1 1 1 1 0 1 0 0 1 0 1 0 0 0 1 0 0 0 1 0 1 0 1 0 0 1 0 1 0 1 1 1 0 0 0 1 0 1 0 1 0 0 1
0 0 1 0 0 0 10 0 1 0 10 0 1 1 1 1 0 1 0 0 0 0 0 1 10 1 1 0 1 0 0 10 1 0 0 0 0 0 1 0 1 1 0 0 1 0 1 0 0 0 0 1 0 1 0 0 1 1 0 1 1 0 0 0 0 0 10 0 1 0 1 0 1 1 1 0 0 0 1 1 0 1 0 1 0 0 0 1 0 1 0 0 1 1 0
4
3 4 3
4 9 3
5 1 3
6 7 3
5
4 4 
1 3
2 3
3 5
4 3
2 4 
1 3
1 4
2 6
2 6
3 7 
1 4
1 4
2 6
2 6
2 6
3 4
3 4
2 3 
1 4
1 4
2 6
1 3 
1 4
1 4
1 6
95 9
3 3 4 5
3 4 6 7
1 8
2 5 6
3 2 4 5
3 1 5 6
3 0 5 8
2 1 7
1 0
2 2 4
2 0 8
3 1 3 5
3 0 3 4
3 0 3 7
3 0 2 6
2 6 8
2 2 5
3 0 1 5
3 2 4 6
3 3 4 6
3 2 3 6
2 1 5
3 1 2 5
3 0 3 6
3 0 1 8
3 3 6 8
2 6 8
2 4 7
3 1 4 8
3 3 4 6
3 2 3 5
3 0 4 8
1 8
2 3 5
2 2 4
1 4
1 1
3 1 2 6
3 1 6 8
3 2 3 5
3 5 7 8
3 1 2 8
2 6 7
1 6
3 0 1 3
3 3 6 7
3 3 5 8
1 6
3 3 6 7
3 1 4 6
3 2 5 6
3 5 6 8
3 2 4 5
3 4 6 8
3 2 3 4
3 2 5 7
2 0 3
3 4 5 8
1 6
3 0 5 6
3 5 7 8
3 5 6 7
1 2
3 1 4 7
2 1 3
1 3
3 0 1 8
2 1 4
2 0 6
1 3
3 5 7 8
3 4 5 6
3 3 7 8
1 0
2 1 8
3 4 6 7
3 4 6 7
3 2 4 5
3 0 1 4
3 1 7 8
2 1 3
2 7 8
3 2 6 7
2 7 8
2 3 5
1 4
2 1 7
3 0 2 6
3 3 5 7
2 0 2
1 4
1 2
3 0 3 6
2 2 8
2 0 8
95 283
5 175 198 201 245 4
3 134 240 34
3 229 248 68
6 214 235 28 35 39 92
5 103 204 3 67 73
2 11 43
5 120 181 212 218 69
7 101 119 136 159 247 248 87
4 109 198 252 31
5 137 144 210 241 75
4 217 234 246 248
4 18 225 233 62
6 0 130 207 239 240 38
6 106 227 232 236 253 6
6 203 21 233 252 40 57
4 138 165 187 245
1 234
4 124 228 37 95
4 100 226 252 88
5 12 231 235 33 84
4 162 17 226 63
3 188 242 98
3 102 180 205
4 123 220 231 251
3 173 206 7
4 194 203 215 47
4 237 247 252 96
5 111 145 182 222 251
2 221 245
1 207
4 127 220 224 77
6 110 146 167 177 216 238
3 15 214 22
8 157 166 176 209 238 241 253 90
2 147 250
4 135 189 210 89
4 112 19 240 30
4 151 202 233 242
3 117 132 79
8 108 155 171 183 230 239 253 41
1 218
5 104 14 195 253 94
8 148 168 20 212 216 228 56 82
3 225 44 91
4 116 164 221 46
4 217 232 249 59
2 58 86
5 163 172 219 226 231
2 126 196
7 152 191 192 208 244 26 48
2 244 249
4 150 227 239 93
4 179 249 250 251
3 193 243 9
5 142 208 229 250 53
4 197 236 24 55
5 205 25 45 66 81
4 227 237 241 246
4 236 51 8 99
6 10 122 23 248 251 80
2 118 200
4 128 230 253 50
1 54
2 105 204
3 125 156 202
8 140 160 199 209 211 230 245 74
5 149 154 200 234 61
5 121 169 174 222 32
2 131 201
3 115 170 238
2 133 42
5 107 114 13 139 249
4 186 199 235 247
5 129 242 243 253 72
4 1 184 223 60
2 206 5
2 141 64
6 196 2 213 219 27 83
3 158 195 232
3 213 228 251
7 113 16 211 244 250 252 71
6 153 223 244 247 36 52
4 178 246 65 78
4 190 215 49 85
4 143 161 224 237
4 197 246 29 76
3 185 70 97
3 229 243 253
3 254 255 256
5 257 258 259 260 261
6 262 263 264 265 266 267
4 268 269 270 271
5 272 273 274 275 276
3 277 278 279
3 280 281 282
