95
0 1 1 10 1 1 1 0 10 1 10 1 1 1 1 0 1 1 10 0 0 1 10 0 10 10 1 0 10 0 1 0 0 0 1 1 0 1 1 1 10 1 1 10 1 0 0 10 1 10 1 0 0 0 1 0 0 10 0 0 1 10 1 0 10 0 0 1 0 1 1 1 1 1 10 1 1 1 10 1 10 1 0 0 1 10 1 1 1 1 1 1 1 0 0
1 0 1 0 0 0 0 0 1 0 10 0 0 1 10 0 0 1 1 0 0 1 0 0 1 0 0 0 1 0 0 0 0 1 0 0 0 0 0 1 1 0 0 0 0 1 1 1 0 1 0 1 0 0 10 0 1 0 1 0 0 1 0 0 1 1 0 0 0 10 0 1 0 0 1 1 1 0 0 1 1 0 1 1 0 0 1 0 0 0 0 0 1 1 0
1 1 0 10 1 0 0 0 1 10 10 1 10 0 1 1 1 0 0 0 0 10 1 0 1 1 0 0 0 0 10 1 0 1 10 1 0 0 1 1 0 10 0 1 10 10 10 1 1 10 1 1 0 0 1 1 1 1 1 1 1 0 0 1 10 1 0 1 1 1 1 0 1 1 0 10 1 10 1 10 0 0 1 10 10 1 0 1 10 1 1 1 10 1 0
10 0 10 0 1 1 1 0 1 10 1 10 10 0 0 1 1 0 1 0 0 1 10 0 1 10 1 0 1 0 10 1 0 0 10 1 0 1 1 1 1 10 1 10 10 1 1 10 10 10 10 0 0 0 0 1 0 10 0 1 1 1 1 1 10 0 0 10 1 0 1 0 1 1 1 10 1 10 10 1 1 1 0 1 10 10 0 1 10 10 10 1 1 0 0
1 0 1 1 0 1 10 1 10 10 1 0 1 1 0 0 1 1 1 0 1 1 1 0 10 10 0 10 0 1 1 1 0 1 10 10 1 0 1 1 0 10 0 1 10 0 0 0 1 1 0 1 0 1 0 0 0 10 0 0 10 0 1 0 1 0 0 1 1 0 1 1 100 10 0 0 0 1 1 1 1 0 1 0 1 10 10 1 10 0 0 10 1 0 10
1 0 0 1 1 0 10 1 1 0 0 1 0 1 1 1 0 1 10 1 1 1 10 1 0 1 1 10 1 1 0 0 0 1 0 1 0 1 0 1 1 0 1 1 0 0 0 1 1 0 1 0 0 1 0 0 1 1 1 0 1 1 100 1 0 0 1 1 10 0 1 1 1 1 1 1 1 1 1 0 1 10 1 0 1 1 1 0 1 10 10 0 0 0 1
1 0 0 1 10 10 0 1 1 1 0 1 0 1 0 0 0 1 10 0 1 0 1 0 1 10 1 10 1 1 0 1 0 1 1 1 1 1 0 10 1 1 1 1 1 0 0 1 10 0 1 1 0 1 0 0 0 10 0 0 1 1 10 0 0 0 0 10 1 0 0 1 10 1 1 1 1 0 1 0 10 1 1 0 0 10 10 0 1 1 1 1 0 0 10
0 0 0 0 1 1 1 0 1 0 0 0 0 0 0 0 0 1 1 0 0 0 0 0 0 0 0 1 0 0 0 0 0 0 0 1 0 0 0 0 0 0 0 0 0 0 0 0 0 0 0 0 0 1 0 0 0 0 0 0 1 0 1 0 0 0 0 0 1 0 0 1 1 1 0 0 0 0 0 0 0 0 1 0 0 0 1 0 1 0 0 0 0 0 1
10 1 1 1 10 1 1 1 0 1 10 0 1 1 1 0 1 10 10 0 0 1 1 0 10 1 0 1 1 0 1 0 0 0 1 10 0 0 1 0 1 1 0 1 1 0 0 1 0 10 0 0 0 1 1 0 0 1 0 0 10 1 1 0 10 0 0 0 1 1 1 10 10 10 1 0 0 1 1 1 1 0 1 0 1 1 10 1 10 0 0 1 1 0 1
1 0 10 10 10 0 1 0 1 0 1 1 10 1 0 1 1 0 0 0 1 1 1 0 10 10 0 1 0 1 10 10 0 1 100 1 1 0 1 1 0 100 0 1 100 1 1 1 10 10 1 1 0 0 0 1 0 10 0 1 1 0 0 1 10 0 0 10 1 0 1 0 10 1 0 1 0 10 1 1 1 0 0 1 10 10 1 1 10 1 1 10 1 0 1
10 10 10 1 1 0 0 0 10 1 0 0 1 1 10 0 1 1 1 0 0 10 1 0 10 1 0 0 1 0 1 0 0 1 1 1 0 0 1 1 1 1 0 1 1 1 1 1 0 10 0 1 0 0 10 0 1 1 1 0 1 1 0 0 10 1 0 0 0 10 1 1 1 1 1 1 1 1 1 10 1 0 1 1 1 1 1 1 1 0 0 1 10 1 0
1 0 1 10 0 1 1 0 0 1 0 0 1 0 0 1 0 0 1 0 0 0 1 0 0 1 1 0 1 0 1 1 0 0 1 0 0 1 0 1 1 1 1 1 1 1 1 10 10 1 10 0 0 0 0 1 0 1 0 1 0 1 1 1 1 0 0 10 1 0 0 0 0 0 1 10 1 1 1 0 1 1 0 1 1 1 0 0 1 10 10 0 0 0 0
1 0 10 10 1 0 0 0 1 10 1 1 0 0 0 1 1 0 0 0 0 1 1 0 1 1 0 0 0 0 10 1 0 0 10 1 0 0 1 0 0 10 0 1 10 1 1 1 1 10 1 0 0 0 0 1 0 1 0 1 1 0 0 1 10 0 0 1 1 0 1 0 1 1 0 1 0 10 1 1 0 0 0 1 10 1 0 1 10 1 1 1 1 0 0
1 1 0 0 1 1 1 0 1 1 1 0 0 0 10 1 0 1 1 1 10 1 1 1 10 1 0 10 1 10 0 1 0 10 1 0 1 0 0 1 1 1 0 0 1 0 0 1 1 1 0 1 0 0 1 0 1 1 1 0 0 1 1 1 1 0 1 1 1 1 1 1 1 0 1 0 0 1 0 0 10 1 0 0 1 1 10 0 0 1 1 1 0 0 1
1 10 1 0 0 1 0 0 1 0 10 0 0 10 0 1 0 1 1 1 1 10 1 1 1 0 0 1 1 1 0 0 0 10 0 0 0 0 0 1 1 0 0 0 0 1 1 1 0 1 0 1 0 0 10 0 10 0 10 0 0 1 1 1 1 1 1 0 1 10 1 1 0 0 1 1 1 1 0 1 1 1 1 1 1 0 1 0 0 1 1 0 1 1 0
0 0 1 1 0 1 0 0 0 1 0 1 1 1 1 0 0 0 0 1 1 1 1 1 0 0 0 1 0 1 1 1 0 1 1 0 0 0 0 0 0 1 0 0 1 1 1 1 1 1 1 0 0 0 0 1 1 0 1 1 0 0 1 10 1 0 1 1 10 0 1 0 0 0 0 1 0 10 0 0 0 1 0 1 10 0 0 0 1 10 10 0 0 0 0
1 0 1 1 1 0 0 0 1 1 1 0 1 0 0 0 0 0 0 0 0 1 1 0 1 1 0 0 0 0 1 0 0 0 1 1 0 0 1 0 0 1 0 1 1 0 0 0 0 1 0 0 0 0 0 0 0 1 0 0 1 0 0 0 1 0 0 0 0 0 1 0 1 1 0 0 0 1 1 1 0 0 0 0 1 1 0 1 1 0 0 1 1 0 0
1 1 0 0 1 1 1 1 10 0 1 0 0 1 1 0 0 0 10 0 0 0 0 0 1 0 0 1 1 0 0 0 0 0 0 1 0 0 0 0 1 0 0 0 0 0 0 1 0 1 0 0 0 1 1 0 0 0 0 0 1 1 1 0 1 0 0 0 1 1 0 10 1 1 1 0 0 0 0 0 1 0 1 0 0 0 10 0 1 0 0 0 0 0 1
10 1 0 1 1 10 10 1 10 0 1 1 0 1 1 0 0 10 0 0 0 0 1 0 1 1 1 1 10 0 0 0 0 0 0 1 0 1 0 1 10 0 1 1 0 0 0 10 1 1 1 0 0 1 1 0 0 1 0 0 1 10 10 0 1 0 0 1 1 1 0 10 1 1 10 1 1 0 1 0 10 1 1 0 0 1 10 0 1 1 1 0 0 0 1
0 0 0 0 0 1 0 0 0 0 0 0 0 1 1 1 0 0 0 0 1 1 1 1 0 0 0 1 0 1 0 0 0 1 0 0 0 0 0 0 0 0 0 0 0 0 0 0 0 0 0 0 0 0 0 0 1 0 1 0 0 0 1 1 0 0 1 0 1 0 1 0 0 0 0 0 0 1 0 0 0 1 0 0 1 0 0 0 0 1 1 0 0 0 0
0 0 0 0 1 1 1 0 0 1 0 0 0 10 1 1 0 0 0 1 0 1 1 1 1 1 0 10 0 10 0 1 0 10 1 0 1 0 0 1 0 1 0 0 1 0 0 0 1 0 0 1 0 0 0 0 1 1 1 0 0 0 1 1 0 0 1 1 1 0 1 0 1 0 0 0 0 1 0 0 1 1 0 0 1 1 1 0 0 1 1 1 0 0 1
1 1 10 1 1 1 0 0 1 1 10 0 1 1 10 1 1 0 0 1 1 0 10 1 1 1 0 1 0 1 1 0 0 10 1 1 0 0 1 1 0 1 0 1 1 1 1 0 0 1 0 1 0 0 1 0 10 1 10 0 1 0 1 1 1 1 1 0 1 1 10 0 1 1 0 1 1 10 1 10 0 1 1 1 10 1 0 1 1 1 1 1 10 1 0
10 0 1 10 1 10 1 0 1 1 1 1 1 1 1 1 1 0 1 1 1 10 0 1 1 10 1 1 1 1 1 0 0 1 1 1 0 1 1 1 1 1 1 10 1 0 0 1 1 1 1 0 0 0 0 0 1 10 1 0 1 1 10 1 1 0 1 1 1 0 10 0 1 1 1 1 1 10 10 1 1 10 0 0 10 10 0 1 1 10 10 1 1 0 0
0 0 0 0 0 1 0 0 0 0 0 0 0 1 1 1 0 0 0 1 1 1 1 0 0 0 0 1 0 1 0 0 1 1 0 1 0 0 1 0 0 0 0 1 0 0 1 0 0 0 1 0 1 0 0 1 1 0 1 0 0 0 1 1 0 1 10 0 1 1 10 1 0 1 0 0 1 1 0 1 0 1 0 0 1 0 0 1 0 1 1 0 1 1 1
10 1 1 1 10 0 1 0 10 10 10 0 1 10 1 0 1 1 1 0 1 1 1 0 0 10 0 1 1 1 1 1 0 1 10 1 1 0 1 1 1 10 0 1 10 0 0 1 1 10 0 1 0 0 1 0 0 10 0 0 1 1 0 0 10 0 0 1 0 1 1 1 10 1 1 0 0 1 1 1 10 0 0 0 1 10 10 1 1 0 0 10 1 0 1
10 0 1 10 10 1 10 0 1 10 1 1 1 1 0 0 1 0 1 0 1 1 10 0 10 0 1 1 1 1 1 1 0 1 10 1 1 1 1 10 1 10 1 10 10 0 0 1 10 1 1 1 0 0 0 0 0 100 0 0 1 1 1 0 1 0 0 10 0 0 1 0 10 1 1 1 1 1 10 1 10 1 0 0 1 100 1 1 1 1 1 10 1 0 1
1 0 0 1 0 1 1 0 0 0 0 1 0 0 0 0 0 0 1 0 0 0 1 0 0 1 0 0 1 0 0 0 0 0 0 0 0 1 0 1 1 0 1 1 0 0 0 1 1 0 1 0 0 0 0 0 0 1 0 0 0 1 1 0 0 0 0 1 0 0 0 0 0 0 1 1 1 0 1 0 1 1 0 0 0 1 0 0 0 1 1 0 0 0 0
0 0 0 0 10 10 10 1 1 1 0 0 0 10 1 1 0 1 1 1 10 1 1 1 1 1 0 0 0 10 0 1 0 10 1 1 1 0 0 1 0 1 0 0 1 0 0 0 1 0 0 1 0 1 0 0 1 1 1 0 1 0 10 1 0 0 1 1 10 0 1 1 10 1 0 0 0 1 0 0 1 1 1 0 1 1 10 0 1 1 1 1 0 0 10
10 1 0 1 0 1 1 0 1 0 1 1 0 1 1 0 0 1 10 0 0 0 1 0 1 1 1 0 0 0 0 0 0 0 0 0 0 1 0 1 10 0 1 1 0 0 0 10 1 1 1 0 0 0 1 0 0 1 0 0 0 10 1 0 1 0 0 1 0 1 0 1 0 0 10 1 1 0 1 0 10 1 0 0 0 1 1 0 0 1 1 0 0 0 0
0 0 0 0 1 1 1 0 0 1 0 0 0 10 1 1 0 0 0 1 10 1 1 1 1 1 0 10 0 0 0 1 0 10 1 0 1 0 0 1 0 1 0 0 1 0 0 0 1 0 0 1 0 0 0 0 1 1 1 0 0 0 1 1 0 0 1 1 1 0 1 0 1 0 0 0 0 1 0 0 1 1 0 0 1 1 1 0 0 1 1 1 0 0 1
1 0 10 10 1 0 0 0 1 10 1 1 10 0 0 1 1 0 0 0 0 1 1 0 1 1 0 0 0 0 0 1 0 0 10 1 0 0 1 0 0 10 0 1 10 1 1 1 1 10 1 0 0 0 0 1 0 1 0 1 1 0 0 1 10 0 0 1 1 0 1 0 1 1 0 1 0 10 1 1 0 0 0 1 10 1 0 1 10 1 1 1 1 0 0
0 0 1 1 1 0 1 0 0 10 0 1 1 1 0 1 0 0 0 0 1 0 0 0 1 1 0 1 0 1 1 0 0 1 10 0 1 0 0 1 0 10 0 0 10 1 1 1 10 1 1 1 0 0 0 1 0 1 0 1 0 0 0 1 1 0 0 10 1 0 0 0 1 0 0 1 0 1 0 0 1 0 0 1 1 1 1 0 1 1 1 1 0 0 1
0 0 0 0 0 0 0 0 0 0 0 0 0 0 0 0 0 0 0 0 0 0 0 1 0 0 0 0 0 0 0 0 0 0 0 1 0 0 1 0 0 0 0 1 0 0 1 0 0 0 1 0 1 0 0 1 0 0 0 0 0 0 0 0 0 1 1 0 0 1 1 1 0 1 0 0 1 0 0 1 0 0 0 0 0 0 0 1 0 0 0 0 1 1 1
0 1 1 0 1 1 1 0 0 1 1 0 0 10 10 1 0 0 0 1 10 10 1 1 1 1 0 10 0 10 0 1 0 0 1 0 1 0 0 10 0 1 0 0 1 1 1 0 1 0 0 10 0 0 1 0 10 1 10 0 0 0 1 1 0 1 1 1 1 1 1 0 1 0 0 1 1 1 0 1 1 1 1 1 1 1 1 0 0 1 1 1 1 1 1
1 0 10 10 10 0 1 0 1 100 1 1 10 1 0 1 1 0 0 0 1 1 1 0 10 10 0 1 0 1 10 10 0 1 0 1 1 0 1 1 0 100 0 1 100 1 1 1 10 10 1 1 0 0 0 1 0 10 0 1 1 0 0 1 10 0 0 10 1 0 1 0 10 1 0 1 0 10 1 1 1 0 0 1 10 10 1 1 10 1 1 10 1 0 1
1 0 1 1 10 1 1 1 10 1 1 0 1 0 0 0 1 1 1 0 0 1 1 1 1 1 0 1 0 0 1 0 1 0 1 0 0 0 10 0 0 1 0 10 1 0 1 0 0 1 1 0 1 1 0 1 0 1 0 0 10 0 1 0 1 1 1 0 1 1 10 10 10 100 0 0 1 1 1 10 0 0 1 0 1 1 1 10 10 0 0 1 10 1 10
0 0 0 0 1 0 1 0 0 1 0 0 0 1 0 0 0 0 0 0 1 0 0 0 1 1 0 1 0 1 0 1 0 1 1 0 0 0 0 1 0 1 0 0 1 0 0 0 1 0 0 1 0 0 0 0 0 1 0 0 0 0 0 0 0 0 0 1 0 0 0 0 1 0 0 0 0 0 0 0 1 0 0 0 0 1 1 0 0 0 0 1 0 0 1
1 0 0 1 0 1 1 0 0 0 0 1 0 0 0 0 0 0 1 0 0 0 1 0 0 1 1 0 1 0 0 0 0 0 0 0 0 0 0 1 1 0 1 1 0 0 0 1 1 0 1 0 0 0 0 0 0 1 0 0 0 1 1 0 0 0 0 1 0 0 0 0 0 0 1 1 1 0 1 0 1 1 0 0 0 1 0 0 0 1 1 0 0 0 0
1 0 1 1 1 0 0 0 1 1 1 0 1 0 0 0 1 0 0 0 0 1 1 1 1 1 0 0 0 0 1 0 1 0 1 10 0 0 0 0 0 1 0 10 1 0 1 0 0 1 1 0 1 0 0 1 0 1 0 0 1 0 0 0 1 1 1 0 0 1 10 1 1 10 0 0 1 1 1 10 0 0 0 0 1 1 0 10 1 0 0 1 10 1 1
1 1 1 1 1 1 10 0 0 1 1 1 0 1 1 0 0 0 1 0 1 1 1 0 1 10 1 1 1 1 0 1 0 10 1 0 1 1 0 0 1 1 1 1 1 1 1 1 10 0 1 10 0 0 1 0 1 10 1 0 0 1 1 0 0 1 0 10 0 1 0 0 1 0 1 10 10 0 1 1 10 1 1 1 0 10 1 0 0 1 1 1 1 1 1
10 1 0 1 0 1 1 0 1 0 1 1 0 1 1 0 0 1 10 0 0 0 1 0 1 1 1 0 10 0 0 0 0 0 0 0 0 1 0 1 0 0 1 1 0 0 0 10 1 1 1 0 0 0 1 0 0 1 0 0 0 10 1 0 1 0 0 1 0 1 0 1 0 0 10 1 1 0 1 0 10 1 0 0 0 1 1 0 0 1 1 0 0 0 0
1 0 10 10 10 0 1 0 1 100 1 1 10 1 0 1 1 0 0 0 1 1 1 0 10 10 0 1 0 1 10 10 0 1 100 1 1 0 1 1 0 0 0 1 100 1 1 1 10 10 1 1 0 0 0 1 0 10 0 1 1 0 0 1 10 0 0 10 1 0 1 0 10 1 0 1 0 10 1 1 1 0 0 1 10 10 1 1 10 1 1 10 1 0 1
1 0 0 1 0 1 1 0 0 0 0 1 0 0 0 0 0 0 1 0 0 0 1 0 0 1 1 0 1 0 0 0 0 0 0 0 0 1 0 1 1 0 0 1 0 0 0 1 1 0 1 0 0 0 0 0 0 1 0 0 0 1 1 0 0 0 0 1 0 0 0 0 0 0 1 1 1 0 1 0 1 1 0 0 0 1 0 0 0 1 1 0 0 0 0
10 0 1 10 1 1 1 0 1 1 1 1 1 0 0 0 1 0 1 0 0 1 10 1 1 10 1 0 1 0 1 0 1 0 1 10 0 1 10 1 1 1 1 0 1 0 1 1 1 1 10 0 1 0 0 1 0 10 0 0 1 1 1 0 1 1 1 1 0 1 10 1 1 10 1 1 10 1 10 10 1 1 0 0 1 10 0 10 1 1 1 1 10 1 1
1 0 10 10 10 0 1 0 1 100 1 1 10 1 0 1 1 0 0 0 1 1 1 0 10 10 0 1 0 1 10 10 0 1 100 1 1 0 1 1 0 100 0 1 0 1 1 1 10 10 1 1 0 0 0 1 0 10 0 1 1 0 0 1 10 0 0 10 1 0 1 0 10 1 0 1 0 10 1 1 1 0 0 1 10 10 1 1 10 1 1 10 1 0 1
0 1 10 1 0 0 0 0 0 1 1 1 1 0 1 1 0 0 0 0 0 1 0 0 0 0 0 0 0 0 1 1 0 1 1 0 0 0 0 1 0 1 0 0 1 0 10 1 1 1 1 1 0 0 1 1 1 0 1 1 0 0 0 1 1 1 0 1 1 1 0 0 0 0 0 10 1 1 0 1 0 0 1 10 1 0 0 0 1 1 1 0 1 1 0
0 1 10 1 0 0 0 0 0 1 1 1 1 0 1 1 0 0 0 0 0 1 0 1 0 0 0 0 0 0 1 1 1 1 1 1 0 0 1 1 0 1 0 1 1 10 0 1 1 1 10 1 1 0 1 10 1 0 1 1 0 0 0 1 1 10 1 1 1 10 1 1 0 1 0 10 10 1 0 10 0 0 1 10 1 0 0 1 1 1 1 0 10 10 1
10 1 1 10 0 1 1 0 1 1 1 10 1 1 1 1 0 1 10 0 0 0 1 0 1 1 1 0 10 0 1 1 0 0 1 0 0 1 0 1 10 1 1 1 1 1 1 0 10 10 10 0 0 0 1 1 0 1 0 1 0 10 1 1 10 0 0 10 1 1 0 1 0 0 10 10 1 1 1 0 10 1 0 1 1 1 1 0 1 10 10 0 0 0 0
1 0 1 10 1 1 10 0 0 10 0 10 1 1 0 1 0 0 1 0 1 0 1 0 1 10 1 1 1 1 1 10 0 1 10 0 1 1 0 10 1 10 1 1 10 1 1 10 0 1 10 1 0 0 0 1 0 10 0 1 0 1 1 1 1 0 0 100 1 0 0 0 1 0 1 10 1 1 1 0 10 1 0 1 1 10 1 0 1 10 10 1 0 0 1
10 1 10 10 1 0 0 0 10 10 10 1 10 1 1 1 1 1 1 0 0 1 1 0 10 1 0 0 1 0 10 1 0 0 10 1 0 0 1 0 1 10 0 1 10 1 1 10 1 0 1 0 0 0 1 1 0 1 0 1 1 1 0 1 100 0 0 1 1 1 1 1 1 1 1 1 0 10 1 1 1 0 0 1 10 1 1 1 10 1 1 1 1 0 0
1 0 1 10 0 1 1 0 0 1 0 10 1 0 0 1 0 0 1 0 0 0 1 1 0 1 1 0 1 0 1 1 1 0 1 1 0 1 1 1 1 1 1 10 1 1 10 10 10 1 0 0 1 0 0 10 0 1 0 1 0 1 1 1 1 1 1 10 1 1 1 1 0 1 1 10 10 1 1 1 1 1 0 1 1 1 0 1 1 10 10 0 1 1 1
0 1 1 0 1 0 1 0 0 1 1 0 0 1 1 0 0 0 0 0 1 1 0 0 1 1 0 1 0 1 0 1 0 10 1 0 1 0 0 10 0 1 0 0 1 1 1 0 1 0 0 0 0 0 1 0 1 1 1 0 0 0 0 0 0 1 0 1 0 1 0 0 1 0 0 1 1 0 0 1 1 0 1 1 0 1 1 0 0 0 0 1 1 1 1
0 0 0 0 0 0 0 0 0 0 0 0 0 0 0 0 0 0 0 0 0 0 0 1 0 0 0 0 0 0 0 0 1 0 0 1 0 0 1 0 0 0 0 1 0 0 1 0 0 0 1 0 0 0 0 1 0 0 0 0 0 0 0 0 0 1 1 0 0 1 1 1 0 1 0 0 1 0 0 1 0 0 0 0 0 0 0 1 0 0 0 0 1 1 1
0 0 0 0 1 1 1 1 1 0 0 0 0 0 0 0 0 1 1 0 0 0 0 0 0 0 0 1 0 0 0 0 0 0 0 1 0 0 0 0 0 0 0 0 0 0 0 0 0 0 0 0 0 0 0 0 0 0 0 0 1 0 1 0 0 0 0 0 1 0 0 1 1 1 0 0 0 0 0 0 0 0 1 0 0 0 1 0 1 0 0 0 0 0 1
1 10 1 0 0 0 0 0 1 0 10 0 0 1 10 0 0 1 1 0 0 1 0 0 1 0 0 0 1 0 0 0 0 1 0 0 0 0 0 1 1 0 0 0 0 1 1 1 0 1 0 1 0 0 0 0 1 0 1 0 0 1 0 0 1 1 0 0 0 10 0 1 0 0 1 1 1 0 0 1 1 0 1 1 0 0 1 0 0 0 0 0 1 1 0
0 0 1 1 0 0 0 0 0 1 0 1 1 0 0 1 0 0 0 0 0 0 0 1 0 0 0 0 0 0 1 1 1 0 1 1 0 0 1 0 0 1 0 1 1 1 10 1 1 1 10 0 1 0 0 0 0 0 0 1 0 0 0 1 1 1 1 1 1 1 1 1 0 1 0 1 1 1 0 1 0 0 0 1 1 0 0 1 1 1 1 0 1 1 1
0 1 1 0 0 1 0 0 0 0 1 0 0 1 10 1 0 0 0 1 1 10 1 1 0 0 0 1 0 1 0 0 0 10 0 0 0 0 0 1 0 0 0 0 0 1 1 0 0 0 0 1 0 0 1 0 0 0 10 0 0 0 1 1 0 1 1 0 1 1 1 0 0 0 0 1 1 1 0 1 0 1 1 1 1 0 0 0 0 1 1 0 1 1 0
10 0 1 10 10 1 10 0 1 10 1 1 1 1 0 0 1 0 1 0 1 1 10 0 10 100 1 1 1 1 1 1 0 1 10 1 1 1 1 10 1 10 1 10 10 0 0 1 10 1 1 1 0 0 0 0 0 0 0 0 1 1 1 0 1 0 0 10 0 0 1 0 10 1 1 1 1 1 10 1 10 1 0 0 1 100 1 1 1 1 1 10 1 0 1
0 1 1 0 0 1 0 0 0 0 1 0 0 1 10 1 0 0 0 1 1 10 1 1 0 0 0 1 0 1 0 0 0 10 0 0 0 0 0 1 0 0 0 0 0 1 1 0 0 0 0 1 0 0 1 0 10 0 0 0 0 0 1 1 0 1 1 0 1 1 1 0 0 0 0 1 1 1 0 1 0 1 1 1 1 0 0 0 0 1 1 0 1 1 0
0 0 1 1 0 0 0 0 0 1 0 1 1 0 0 1 0 0 0 0 0 0 0 0 0 0 0 0 0 0 1 1 0 0 1 0 0 0 0 0 0 1 0 0 1 1 1 1 1 1 1 0 0 0 0 1 0 0 0 0 0 0 0 1 1 0 0 1 1 0 0 0 0 0 0 1 0 1 0 0 0 0 0 1 1 0 0 0 1 1 1 0 0 0 0
1 0 1 1 10 1 1 1 10 1 1 0 1 0 0 0 1 1 1 0 0 1 1 0 1 1 0 1 0 0 1 0 0 0 1 10 0 0 1 0 0 1 0 1 1 0 0 0 0 1 0 0 0 1 0 0 0 1 0 0 0 0 1 0 1 0 0 0 1 0 1 1 10 10 0 0 0 1 1 1 0 0 1 0 1 1 1 1 10 0 0 1 1 0 1
10 1 0 1 0 1 1 0 1 0 1 1 0 1 1 0 0 1 10 0 0 0 1 0 1 1 1 0 10 0 0 0 0 0 0 0 0 1 0 1 10 0 1 1 0 0 0 10 1 1 1 0 0 0 1 0 0 1 0 0 0 0 1 0 1 0 0 1 0 1 0 1 0 0 10 1 1 0 1 0 10 1 0 0 0 1 1 0 0 1 1 0 0 0 0
1 0 0 1 1 100 10 1 1 0 0 1 0 1 1 1 0 1 10 1 1 1 10 1 0 1 1 10 1 1 0 0 0 1 0 1 0 1 0 1 1 0 1 1 0 0 0 1 1 0 1 0 0 1 0 0 1 1 1 0 1 1 0 1 0 0 1 1 10 0 1 1 1 1 1 1 1 1 1 0 1 10 1 0 1 1 1 0 1 10 10 0 0 0 1
0 0 1 1 0 1 0 0 0 1 0 1 1 1 1 10 0 0 0 1 1 1 1 1 0 0 0 1 0 1 1 1 0 1 1 0 0 0 0 0 0 1 0 0 1 1 1 1 1 1 1 0 0 0 0 1 1 0 1 1 0 0 1 0 1 0 1 1 10 0 1 0 0 0 0 1 0 10 0 0 0 1 0 1 10 0 0 0 1 10 10 0 0 0 0
10 1 10 10 1 0 0 0 10 10 10 1 10 1 1 1 1 1 1 0 0 1 1 0 10 1 0 0 1 0 10 1 0 0 10 1 0 0 1 0 1 10 0 1 10 1 1 10 1 100 1 0 0 0 1 1 0 1 0 1 1 1 0 1 0 0 0 1 1 1 1 1 1 1 1 1 0 10 1 1 1 0 0 1 10 1 1 1 10 1 1 1 1 0 0
0 1 1 0 0 0 0 0 0 0 1 0 0 0 1 0 0 0 0 0 0 1 0 1 0 0 0 0 0 0 0 0 1 1 0 1 0 0 1 1 0 0 0 1 0 1 10 0 0 0 1 1 1 0 1 1 1 0 1 0 0 0 0 0 0 0 1 0 0 10 1 1 0 1 0 1 10 0 0 10 0 0 1 1 0 0 0 1 0 0 0 0 10 10 1
0 0 0 0 0 1 0 0 0 0 0 0 0 1 1 1 0 0 0 1 1 1 1 10 0 0 0 1 0 1 0 0 1 1 0 1 0 0 1 0 0 0 0 1 0 0 1 0 0 0 1 0 1 0 0 1 1 0 1 0 0 0 1 1 0 1 0 0 1 1 10 1 0 1 0 0 1 1 0 1 0 1 0 0 1 0 0 1 0 1 1 0 1 1 1
1 0 1 10 1 1 10 0 0 10 0 10 1 1 0 1 0 0 1 0 1 0 1 0 1 10 1 1 1 1 1 10 0 1 10 0 1 1 0 10 1 10 1 1 10 1 1 10 100 1 10 1 0 0 0 1 0 10 0 1 0 1 1 1 1 0 0 0 1 0 0 0 1 0 1 10 1 1 1 0 10 1 0 1 1 10 1 0 1 10 10 1 0 0 1
0 0 1 1 1 10 1 1 1 1 0 1 1 1 1 10 0 1 1 1 1 1 1 1 0 0 0 10 0 1 1 1 0 1 1 1 0 0 0 0 0 1 0 0 1 1 1 1 1 1 1 0 0 1 0 1 1 0 1 1 1 0 10 10 1 0 1 1 0 0 1 1 1 1 0 1 0 10 0 0 0 1 1 1 10 0 1 0 10 10 10 0 0 0 1
1 10 1 0 0 0 0 0 1 0 10 0 0 1 10 0 0 1 1 0 0 1 0 1 1 0 0 0 1 0 0 0 1 1 0 1 0 0 1 1 1 0 0 1 0 1 10 1 0 1 1 1 1 0 10 1 1 0 1 0 0 1 0 0 1 10 1 0 0 0 1 10 0 1 1 1 10 0 0 10 1 0 1 1 0 0 1 1 0 0 0 0 10 10 1
1 0 1 1 1 1 0 0 1 1 1 0 1 1 1 1 1 0 0 1 1 10 10 10 1 1 0 1 0 1 1 0 1 1 1 10 0 0 10 0 0 1 0 10 1 0 1 0 0 1 1 0 1 0 0 1 1 1 1 0 1 0 1 1 1 1 10 0 1 1 0 1 1 10 0 0 1 10 1 10 0 1 0 0 10 1 0 10 1 1 1 1 10 1 1
1 1 0 0 1 1 1 1 10 0 1 0 0 1 1 0 0 10 10 0 0 0 0 1 1 0 0 1 1 0 0 0 1 0 0 10 0 0 1 0 1 0 0 1 0 0 1 1 0 1 1 0 1 1 1 1 0 0 0 0 1 1 1 0 1 1 1 0 1 10 1 0 1 10 1 0 1 0 0 1 1 0 1 0 0 0 10 1 1 0 0 0 1 1 10
1 0 1 1 100 1 10 1 10 10 1 0 1 1 0 0 1 1 1 0 1 1 1 0 10 10 0 10 0 1 1 1 0 1 10 10 1 0 1 1 0 10 0 1 10 0 0 0 1 1 0 1 0 1 0 0 0 10 0 0 10 0 1 0 1 0 0 1 1 0 1 1 0 10 0 0 0 1 1 1 1 0 1 0 1 10 10 1 10 0 0 10 1 0 10
1 0 1 1 10 1 1 1 10 1 1 0 1 0 0 0 1 1 1 0 0 1 1 1 1 1 0 1 0 0 1 0 1 0 1 100 0 0 10 0 0 1 0 10 1 0 1 0 0 1 1 0 1 1 0 1 0 1 0 0 10 0 1 0 1 1 1 0 1 1 10 10 10 0 0 0 1 1 1 10 0 0 1 0 1 1 1 10 10 0 0 1 10 1 10
10 1 0 1 0 1 1 0 1 0 1 1 0 1 1 0 0 1 10 0 0 0 1 0 1 1 1 0 10 0 0 0 0 0 0 0 0 1 0 1 10 0 1 1 0 0 0 10 1 1 1 0 0 0 1 0 0 1 0 0 0 10 1 0 1 0 0 1 0 1 0 1 0 0 0 1 1 0 1 0 10 1 0 0 0 1 1 0 0 1 1 0 0 0 0
1 1 10 10 0 1 1 0 0 1 1 10 1 0 1 1 0 0 1 0 0 1 1 0 0 1 1 0 1 0 1 1 0 1 1 0 0 1 0 10 1 1 1 1 1 10 10 10 10 1 10 1 0 0 1 1 1 1 1 1 0 1 1 1 1 1 0 10 1 1 0 0 0 0 1 0 10 1 1 1 1 1 1 10 1 1 0 0 1 10 10 0 1 1 0
1 1 1 1 0 1 1 0 0 0 1 1 0 0 1 0 0 0 1 0 0 1 1 1 0 1 1 0 1 0 0 0 1 1 0 1 0 1 1 10 1 0 1 10 0 1 10 1 1 0 10 1 1 0 1 1 1 1 1 0 0 1 1 0 0 10 1 1 0 10 1 1 0 1 1 10 0 0 1 10 1 1 1 1 0 1 0 1 0 1 1 0 10 10 1
1 0 10 10 1 1 0 0 1 10 1 1 10 1 1 10 1 0 0 1 1 10 10 1 1 1 0 1 0 1 10 1 0 1 10 1 0 0 1 0 0 10 0 1 10 1 1 1 1 10 1 0 0 0 0 1 1 1 1 1 1 0 1 10 10 0 1 1 10 0 10 0 1 1 0 1 0 0 1 1 0 1 0 1 100 1 0 1 10 10 10 1 1 0 0
10 0 1 10 1 1 1 0 1 1 1 1 1 0 0 0 1 0 1 0 0 1 10 0 1 10 1 0 1 0 1 0 0 0 1 1 0 1 1 1 1 1 1 10 1 0 0 1 1 1 1 0 0 0 0 0 0 10 0 0 1 1 1 0 1 0 0 1 0 0 1 0 1 1 1 1 1 1 0 1 1 1 0 0 1 10 0 1 1 1 1 1 1 0 0
1 1 10 1 1 0 0 0 1 1 10 0 1 0 1 0 1 0 0 0 0 10 1 1 1 1 0 0 0 0 1 0 1 1 1 10 0 0 10 1 0 1 0 10 1 1 10 0 0 1 1 1 1 0 1 1 1 1 1 0 1 0 0 0 1 10 1 0 0 10 10 1 1 10 0 1 10 1 1 0 0 0 1 1 1 1 0 10 1 0 0 1 100 10 1
10 1 0 1 1 1 10 0 1 1 1 1 0 10 1 0 0 1 10 0 1 0 1 0 10 10 1 1 10 1 0 1 0 1 1 0 1 1 0 10 10 1 1 1 1 0 0 10 10 1 1 1 0 0 1 0 0 10 0 0 0 10 1 0 1 0 0 10 0 1 0 1 1 0 10 1 1 0 1 0 0 1 0 0 0 10 10 0 0 1 1 1 0 0 1
1 0 0 1 0 10 1 0 0 0 0 1 0 1 1 1 0 0 1 1 1 1 10 1 0 1 1 1 1 1 0 0 0 1 0 0 0 1 0 1 1 0 1 1 0 0 0 1 1 0 1 0 0 0 0 0 1 1 1 0 0 1 10 1 0 0 1 1 1 0 1 0 0 0 1 1 1 1 1 0 1 0 0 0 1 1 0 0 0 10 10 0 0 0 0
0 1 1 0 1 1 1 1 1 0 1 0 0 0 1 0 0 1 1 0 0 1 0 0 0 0 0 1 0 0 0 0 0 1 0 1 0 0 0 1 0 0 0 0 0 1 1 0 0 0 0 1 0 1 1 0 1 0 1 0 1 0 1 0 0 1 0 0 1 1 0 1 1 1 0 1 1 0 0 1 0 0 0 1 0 0 1 0 1 0 0 0 1 1 1
0 1 10 1 0 0 0 0 0 1 1 1 1 0 1 1 0 0 0 0 0 1 0 0 0 0 0 0 0 0 1 1 0 1 1 0 0 0 0 1 0 1 0 0 1 10 10 1 1 1 1 1 0 0 1 1 1 0 1 1 0 0 0 1 1 1 0 1 1 1 0 0 0 0 0 10 1 1 0 1 0 0 1 0 1 0 0 0 1 1 1 0 1 1 0
1 0 10 10 1 1 0 0 1 10 1 1 10 1 1 10 1 0 0 1 1 10 10 1 1 1 0 1 0 1 10 1 0 1 10 1 0 0 1 0 0 10 0 1 10 1 1 1 1 10 1 0 0 0 0 1 1 1 1 1 1 0 1 10 10 0 1 1 10 0 10 0 1 1 0 1 0 100 1 1 0 1 0 1 0 1 0 1 10 10 10 1 1 0 0
10 0 1 10 10 1 10 0 1 10 1 1 1 1 0 0 1 0 1 0 1 1 10 0 10 100 1 1 1 1 1 1 0 1 10 1 1 1 1 10 1 10 1 10 10 0 0 1 10 1 1 1 0 0 0 0 0 100 0 0 1 1 1 0 1 0 0 10 0 0 1 0 10 1 1 1 1 1 10 1 10 1 0 0 1 0 1 1 1 1 1 10 1 0 1
1 1 0 0 10 1 10 1 10 1 1 0 0 10 1 0 0 10 10 0 1 0 0 0 10 1 0 10 1 1 0 1 0 1 1 1 1 0 0 1 1 1 0 0 1 0 0 1 1 1 0 1 0 1 1 0 0 1 0 0 1 1 1 0 1 0 0 1 1 1 0 10 10 1 1 0 0 0 0 0 10 0 1 0 0 1 0 0 1 0 0 1 0 0 10
1 0 1 1 1 0 0 0 1 1 1 0 1 0 0 0 1 0 0 0 0 1 1 1 1 1 0 0 0 0 1 0 1 0 1 10 0 0 10 0 0 1 0 10 1 0 1 0 0 1 1 0 1 0 0 1 0 1 0 0 1 0 0 0 1 1 1 0 0 1 10 1 1 10 0 0 1 1 1 10 0 0 0 0 1 1 0 0 1 0 0 1 10 1 1
1 0 10 10 10 1 1 1 10 10 1 1 10 0 0 1 1 1 1 0 0 1 1 0 1 1 0 1 0 0 10 1 0 0 10 10 0 0 1 0 0 10 0 1 10 1 1 1 1 10 1 0 0 1 0 1 0 1 0 1 10 0 1 1 10 0 0 1 10 0 1 1 10 10 0 1 0 10 1 1 0 0 1 1 10 1 1 1 0 1 1 1 1 0 1
1 0 1 10 0 10 1 0 0 1 0 10 1 1 1 10 0 0 1 1 1 1 10 1 0 1 1 1 1 1 1 1 0 1 1 0 0 1 0 1 1 1 1 1 1 1 1 10 10 1 10 0 0 0 0 1 1 1 1 1 0 1 10 10 1 0 1 10 10 0 1 0 0 0 1 10 1 10 1 0 1 10 0 1 10 1 0 0 1 0 100 0 0 0 0
1 0 1 10 0 10 1 0 0 1 0 10 1 1 1 10 0 0 1 1 1 1 10 1 0 1 1 1 1 1 1 1 0 1 1 0 0 1 0 1 1 1 1 1 1 1 1 10 10 1 10 0 0 0 0 1 1 1 1 1 0 1 10 10 1 0 1 10 10 0 1 0 0 0 1 10 1 10 1 0 1 10 0 1 10 1 0 0 1 100 0 0 0 0 0
1 0 1 1 10 0 1 0 1 10 1 0 1 1 0 0 1 0 0 0 1 1 1 0 10 10 0 1 0 1 1 1 0 1 10 1 1 0 1 1 0 10 0 1 10 0 0 0 1 1 0 1 0 0 0 0 0 10 0 0 1 0 0 0 1 0 0 1 0 0 1 0 10 1 0 0 0 1 1 1 1 0 0 0 1 10 1 1 1 0 0 0 1 0 1
1 1 10 1 1 0 0 0 1 1 10 0 1 0 1 0 1 0 0 0 0 10 1 1 1 1 0 0 0 0 1 0 1 1 1 10 0 0 10 1 0 1 0 10 1 1 10 0 0 1 1 1 1 0 1 1 1 1 1 0 1 0 0 0 1 10 1 0 0 10 10 1 1 10 0 1 10 1 1 100 0 0 1 1 1 1 0 10 1 0 0 1 0 10 1
0 1 1 0 0 0 0 0 0 0 1 0 0 0 1 0 0 0 0 0 0 1 0 1 0 0 0 0 0 0 0 0 1 1 0 1 0 0 1 1 0 0 0 1 0 1 10 0 0 0 1 1 1 0 1 1 1 0 1 0 0 0 0 0 0 10 1 0 0 10 1 1 0 1 0 1 10 0 0 10 0 0 1 1 0 0 0 1 0 0 0 0 10 0 1
0 0 0 0 10 1 10 1 1 1 0 0 0 1 0 0 0 1 1 0 1 0 0 1 1 1 0 10 0 1 0 1 1 1 1 10 1 0 1 1 0 1 0 1 1 0 1 0 1 0 1 1 1 1 0 1 0 1 0 0 1 0 1 0 0 1 1 1 1 1 1 10 10 10 0 0 1 0 0 1 1 0 1 0 0 1 10 1 1 0 0 1 1 1 0
4
3 4 3
4 9 3
5 1 3
6 7 3
5
4 4 
1 3
2 3
3 5
4 3
2 4 
1 3
1 4
2 6
2 6
3 7 
1 4
1 4
2 6
2 6
2 6
3 4
3 4
2 3 
1 4
1 4
2 6
1 3 
1 4
1 4
1 6
95 9
3 6 7 8
2 5 7
3 4 5 6
3 4 6 8
3 2 3 6
3 0 2 8
3 2 3 8
1 2
3 2 6 7
3 3 4 6
3 5 6 7
2 4 8
2 4 6
3 0 3 7
3 0 5 7
2 0 4
1 6
2 2 7
3 2 7 8
1 0
2 0 3
3 0 5 6
3 0 6 8
2 0 1
3 3 6 7
3 3 6 8
1 8
3 0 2 3
2 7 8
2 0 3
2 4 6
2 3 4
1 1
3 0 3 5
3 3 4 6
3 1 2 6
1 3
1 8
2 1 6
3 3 5 8
2 7 8
3 3 4 6
1 8
3 1 6 8
3 3 4 6
2 4 5
3 1 4 5
3 4 7 8
3 3 4 8
3 4 6 7
3 1 4 8
2 3 5
1 1
1 2
2 5 7
2 1 4
2 0 5
3 3 6 8
2 0 5
1 4
2 2 6
2 7 8
3 0 2 8
2 0 4
3 4 6 7
2 1 5
2 0 1
3 3 4 8
3 0 2 4
3 1 5 7
3 0 1 6
3 1 2 7
3 2 3 6
3 1 2 6
2 7 8
3 4 5 8
3 1 5 8
3 0 4 6
2 6 8
3 1 5 6
3 3 7 8
2 0 8
2 2 5
2 4 5
3 0 4 6
3 3 6 8
3 2 3 7
2 1 6
3 2 4 6
3 0 4 8
3 0 4 8
2 3 6
3 1 5 6
2 1 5
3 1 2 3
95 260
5 164 242 246 53 57
2 69 80
5 143 199 44 48 82
3 124 49 56
5 107 150 199 204 209
3 184 83 96
5 100 151 232 46 88
4 121 171 182 249
4 159 242 245 26
4 157 234 249 85
4 12 123 233 98
4 11 15 28 66
2 2 24
1 230
3 111 137 41
3 160 223 4
4 1 175 231 45
2 17 248
2 145 190
3 224 245 74
7 112 152 192 229 252 61 9
3 226 35 92
2 197 37
2 148 236
1 246
3 133 215 91
3 139 206 209
5 113 125 205 221 240
6 23 235 253 31 40 90
5 10 103 217 241 253
4 138 232 239 55
3 225 235 71
1 22
5 120 127 166 253 8
5 118 221 226 243 244
6 135 196 202 236 246 86
1 241
3 224 226 52
4 122 211 219 7
2 165 176
3 110 146 34
4 185 238 244 70
5 119 181 188 68 94
2 153 235
3 102 177 84
2 212 238
8 109 14 142 174 229 237 27 75
2 163 59
2 39 99
6 130 205 247 252 3 51
8 0 136 214 228 238 252 253 42
2 210 231
6 168 225 228 231 243 62
7 126 129 196 227 232 250 87
4 116 141 195 54
2 114 5
6 140 233 237 245 252 36
2 198 89
3 216 246 252
4 161 206 230 25
2 13 244
6 101 169 213 214 250 81
5 154 173 200 234 251
5 179 242 251 6 64
3 134 215 79
4 131 203 223 233
8 106 108 155 172 21 217 230 253
3 194 222 250
8 210 212 218 239 29 63 65 78
5 132 183 229 240 32
4 105 219 58 77
5 195 234 236 248 251
3 201 204 73
3 19 243 251
2 191 244
4 180 193 208 227
3 186 38 47
6 104 144 207 216 247 253
4 198 203 218 43
5 170 18 189 197 250
3 245 251 97
1 158
4 117 147 187 211
3 16 222 247
2 200 253
4 115 167 213 237
7 178 207 208 239 248 30 33
5 162 220 60 76 95
4 128 201 248 249
5 20 220 228 241 247
4 149 202 72 93
2 156 240
4 227 249 50 67
4 254 255 256 257
2 258 259
