95
0 0 0 0 0 0 1 1 0 1 1 1 0 0 0 0 0 0 0 1 0 0 1 1 0 0 1 0 0 0 1 0 0 1 0 0 1 0 1 1 1 0 1 0 0 0 0 0 0 1 1 0 0 0 1 1 0 0 0 1 0 0 0 0 0 0 0 0 0 0 0 0 0 1 0 0 0 0 0 0 0 0 1 0 0 0 1 0 0 0 0 1 0 0 0
0 0 1 0 0 1 0 1 1 1 1 1 0 1 0 0 0 0 0 0 0 1 10 1 0 1 1 0 1 1 1 0 0 0 0 1 0 1 1 0 0 0 0 1 0 10 10 1 1 1 0 10 10 10 0 1 0 1 0 0 0 1 0 1 0 1 1 0 0 1 0 0 1 0 1 0 10 10 10 1 0 10 1 1 1 1 0 1 1 1 0 1 0 1 0
0 1 0 1 1 10 0 0 1 0 1 1 0 1 1 1 0 1 0 1 0 1 1 1 0 10 0 0 1 0 0 1 1 0 1 0 0 1 10 0 0 1 1 10 0 1 10 0 10 1 1 1 1 0 1 0 0 0 1 0 0 0 1 10 1 0 1 1 1 1 1 1 1 1 1 0 10 1 0 1 1 0 1 10 1 0 1 10 1 1 10 1 1 0 1
0 0 1 0 10 1 1 1 10 1 0 1 1 0 1 1 1 1 10 1 1 1 0 0 1 10 1 1 10 0 1 1 1 0 1 1 10 1 0 0 0 1 10 1 1 1 0 1 10 1 0 1 0 1 1 1 1 1 1 0 1 0 1 1 0 1 0 10 0 1 1 1 1 1 1 1 1 1 1 0 10 1 1 10 1 1 1 1 10 1 10 0 1 0 1
0 0 1 10 0 1 1 0 10 1 0 1 1 1 10 10 1 10 1 1 0 1 0 1 1 1 0 10 1 1 0 1 10 0 0 1 1 1 0 0 1 0 10 0 1 1 0 1 1 1 0 1 0 1 1 1 10 10 10 0 0 0 1 0 1 1 0 100 0 1 10 1 0 10 0 10 1 1 1 1 10 0 1 1 10 0 10 1 1 0 1 0 10 0 0
0 1 10 1 1 0 0 0 1 1 1 10 1 1 10 10 0 10 1 10 0 10 1 1 0 1 0 1 0 0 0 1 10 0 1 1 1 10 10 0 0 1 1 10 1 10 10 0 1 10 1 0 1 1 0 1 1 1 10 0 0 0 1 10 1 0 1 1 1 10 10 0 1 0 1 1 1 0 1 1 1 0 10 1 0 0 0 1 0 1 1 1 10 0 1
1 0 0 1 1 0 0 10 0 1 1 1 0 1 1 1 10 1 1 1 1 0 1 10 10 1 10 1 1 1 10 10 1 1 1 0 10 0 1 1 10 1 1 1 0 0 0 10 1 1 1 0 0 0 1 1 1 1 1 1 1 0 10 1 1 10 0 1 0 0 1 0 1 10 1 1 0 0 0 1 0 1 1 1 1 1 10 0 1 1 1 1 1 0 1
1 1 0 1 0 0 10 0 1 1 10 1 0 0 0 0 1 0 1 1 1 0 1 1 1 1 10 0 10 0 100 1 0 1 1 1 10 0 1 1 1 1 1 1 0 1 1 1 1 1 1 1 0 1 1 10 0 1 0 1 1 1 1 1 0 10 1 0 0 0 0 0 1 1 1 0 1 1 1 1 0 10 1 1 0 10 1 1 10 1 1 1 0 1 1
0 1 1 10 10 1 0 1 0 1 1 1 1 0 1 1 0 1 1 1 0 1 0 0 0 1 0 1 10 0 1 0 1 0 0 10 1 1 0 0 0 0 10 0 1 10 1 0 1 1 0 10 0 10 1 10 1 10 1 0 0 1 0 0 0 1 1 10 0 1 1 1 0 1 0 1 10 10 10 1 10 1 1 1 1 1 1 10 10 0 1 0 1 1 0
1 1 0 1 1 1 1 1 1 0 1 10 1 1 1 1 0 1 1 10 0 10 10 1 0 0 10 1 0 1 1 0 1 1 0 1 10 10 1 1 1 0 10 0 1 1 0 1 0 10 1 1 1 10 1 10 1 1 1 1 0 0 0 0 0 0 0 1 0 10 1 0 0 1 0 1 0 1 10 0 1 1 10 0 1 0 1 0 0 1 0 1 1 0 0
1 1 1 0 0 1 1 10 1 1 0 1 0 1 1 1 0 1 0 10 0 1 1 1 0 0 1 0 1 0 10 1 1 1 1 1 1 1 10 1 1 1 1 1 0 1 10 0 0 1 10 1 0 1 1 10 0 1 1 1 0 1 1 1 1 1 10 0 1 1 1 0 0 1 0 0 1 1 1 10 0 1 1 0 0 1 1 10 1 1 1 1 1 1 1
1 1 1 1 1 10 1 1 1 10 1 0 1 0 1 1 0 1 1 10 0 1 10 10 0 1 1 1 0 0 1 0 1 1 0 1 10 1 10 1 1 0 10 1 1 10 1 0 1 100 1 0 1 1 1 10 1 1 1 1 0 0 0 1 0 0 0 1 0 1 1 0 1 1 1 1 1 0 1 0 1 0 100 1 0 0 1 0 0 0 0 10 1 0 0
0 0 0 1 1 1 0 0 1 1 0 1 0 0 1 1 0 1 1 1 0 1 0 0 0 0 0 1 0 0 0 0 1 0 0 1 1 1 0 0 0 0 1 0 1 1 0 0 0 1 0 0 0 1 0 1 1 1 1 0 0 0 0 0 0 0 0 1 0 1 1 0 0 0 0 1 0 0 1 0 1 0 1 0 0 0 0 0 0 0 0 0 1 0 0
0 1 1 0 1 1 1 0 0 1 1 0 0 0 10 10 1 10 0 1 0 10 1 1 1 0 1 1 0 10 0 10 10 0 1 0 0 10 1 0 1 1 0 1 0 0 1 10 0 0 1 1 1 1 0 0 1 1 10 0 0 0 10 1 10 1 1 1 1 10 10 0 0 1 0 1 0 1 1 10 0 1 0 0 10 0 1 1 0 10 1 0 10 0 1
0 0 1 1 10 10 1 0 1 1 1 1 1 10 0 100 1 100 1 10 0 10 0 1 1 0 0 10 0 1 0 10 100 0 1 1 1 10 1 0 1 1 1 1 1 1 1 1 0 1 1 0 0 1 0 1 10 10 100 0 0 0 10 1 10 1 1 10 1 10 100 0 0 1 0 10 0 0 1 10 1 0 1 0 1 0 1 1 0 1 1 0 100 0 1
0 0 1 1 10 10 1 0 1 1 1 1 1 10 100 0 1 100 1 10 0 10 0 1 1 0 0 10 0 1 0 10 100 0 1 1 1 10 1 0 1 1 1 1 1 1 1 1 0 1 1 0 0 1 0 1 10 10 100 0 0 0 10 1 10 1 1 10 1 10 100 0 0 1 0 10 0 0 1 10 1 0 1 0 1 0 1 1 0 1 1 0 100 0 1
0 0 0 1 1 0 10 1 0 0 0 0 0 1 1 1 0 1 1 0 1 0 0 1 10 1 1 1 1 1 1 10 1 0 1 0 1 0 0 0 1 1 0 1 0 0 0 10 1 0 0 0 0 0 0 0 1 1 1 0 1 0 10 1 1 10 0 1 0 0 1 0 1 1 1 1 0 0 0 1 0 1 0 1 1 1 1 0 1 1 1 0 1 0 1
0 0 1 1 10 10 1 0 1 1 1 1 1 10 100 100 1 0 1 10 0 10 0 1 1 0 0 10 0 1 0 10 100 0 1 1 1 10 1 0 1 1 1 1 1 1 1 1 0 1 1 0 0 1 0 1 10 10 100 0 0 0 10 1 10 1 1 10 1 10 100 0 0 1 0 10 0 0 1 10 1 0 1 0 1 0 1 1 0 1 1 0 100 0 1
0 0 0 10 1 1 1 1 1 1 0 1 1 0 1 1 1 1 0 1 1 1 0 0 1 1 1 1 1 0 1 1 1 0 1 1 10 1 0 0 0 1 1 1 1 1 0 1 1 1 0 0 0 1 0 1 1 1 1 0 1 0 1 1 0 1 0 1 0 1 1 0 1 0 1 1 0 0 1 0 1 1 1 1 0 1 0 0 1 1 1 0 1 0 1
1 0 1 1 1 10 1 1 1 10 10 10 1 1 10 10 0 10 1 0 0 10 1 1 0 0 1 1 0 0 1 1 10 1 1 1 10 10 10 1 1 1 10 1 1 1 1 0 0 10 10 0 0 1 1 10 1 1 10 1 0 0 1 1 1 0 1 1 1 10 10 0 0 1 0 1 0 0 1 1 1 0 10 0 0 0 1 1 0 1 1 1 10 0 1
0 0 0 1 0 0 1 1 0 0 0 0 0 0 0 0 1 0 1 0 0 0 0 0 1 1 1 0 1 0 1 1 0 0 1 0 1 0 0 0 0 1 0 1 0 0 0 1 1 0 0 0 0 0 0 0 0 0 0 0 1 0 1 1 0 1 0 0 0 0 0 0 1 0 1 0 0 0 0 0 0 1 0 1 0 1 0 0 1 1 1 0 0 0 1
0 1 1 1 1 10 0 0 1 10 1 1 1 10 10 10 0 10 1 10 0 0 1 0 0 0 1 1 0 1 0 1 10 0 1 1 1 100 1 0 0 1 1 1 1 1 1 1 0 1 1 1 1 10 0 1 1 1 10 0 0 0 1 1 1 0 1 1 1 100 10 0 0 0 0 1 0 1 10 1 1 1 1 0 1 0 0 1 0 10 1 0 10 0 1
1 10 1 0 0 1 1 1 0 10 1 10 0 1 0 0 0 0 0 1 0 1 0 10 0 1 10 0 0 1 1 0 0 1 0 0 1 1 10 1 1 0 1 1 0 1 1 1 1 10 1 1 10 1 1 1 0 0 0 1 0 0 0 1 0 0 0 0 0 1 0 0 1 1 1 0 1 1 1 0 0 1 10 1 1 0 1 0 0 1 0 10 0 0 0
1 1 1 0 1 1 10 1 0 1 1 10 0 1 1 1 1 1 0 1 0 0 10 0 1 1 1 1 0 1 1 1 1 1 0 0 1 0 10 1 10 0 1 1 0 1 1 1 1 10 1 0 1 0 1 1 1 1 1 1 0 0 1 1 1 1 0 1 0 0 1 0 1 10 1 1 1 0 0 1 0 0 10 1 1 0 10 0 0 0 0 10 1 0 0
0 0 0 1 1 0 10 1 0 0 0 0 0 1 1 1 10 1 1 0 1 0 0 1 0 1 1 1 1 1 1 10 1 0 1 0 1 0 0 0 1 1 0 1 0 0 0 10 1 0 0 0 0 0 0 0 1 1 1 0 1 0 10 1 1 10 0 1 0 0 1 0 1 1 1 1 0 0 0 1 0 1 0 1 1 1 1 0 1 1 1 0 1 0 1
0 1 10 10 1 1 1 1 1 0 0 1 0 0 0 0 1 0 1 0 1 0 1 1 1 0 1 0 10 0 1 1 0 0 1 0 1 0 1 0 0 1 1 10 0 1 1 1 100 1 0 1 1 0 1 0 0 0 0 0 1 0 1 10 0 1 0 1 0 0 0 1 10 1 10 0 10 1 0 0 1 1 1 100 1 1 1 1 10 1 10 1 0 0 1
1 1 0 1 0 0 10 10 0 10 1 1 0 1 0 0 1 0 1 1 1 1 10 1 1 1 0 0 1 1 10 1 0 1 1 0 10 1 1 1 1 1 1 1 0 0 0 10 1 1 1 1 1 1 1 1 0 0 0 1 1 0 1 1 0 1 0 0 0 1 0 0 1 1 1 0 0 1 1 0 0 10 1 1 1 1 1 0 1 10 1 1 0 0 1
0 0 0 1 10 1 1 0 1 1 0 1 1 1 10 10 1 10 1 1 0 1 0 1 1 0 0 0 0 1 0 1 10 0 0 1 1 1 0 0 1 0 1 0 1 1 0 1 0 1 0 0 0 1 0 1 10 10 10 0 0 0 1 0 1 1 0 10 0 1 10 0 0 1 0 10 0 0 1 1 1 0 1 0 1 0 1 0 0 0 0 0 10 0 0
0 1 1 10 1 0 1 10 10 0 1 0 0 0 0 0 1 0 1 0 1 0 0 0 1 10 1 0 0 0 10 1 0 0 1 1 1 0 0 0 0 1 1 1 0 1 1 1 10 0 0 10 0 1 1 1 0 1 0 0 1 1 1 1 0 10 1 1 0 0 0 1 1 1 1 0 10 10 1 1 1 10 0 10 1 10 1 10 100 1 10 0 0 1 1
0 1 0 0 1 0 1 0 0 1 0 0 0 10 1 1 1 1 0 0 0 1 1 1 1 0 1 1 0 0 0 1 1 0 0 0 0 1 0 0 1 0 0 0 0 0 0 10 0 0 0 1 1 1 0 0 1 1 1 0 0 0 1 0 1 1 0 1 0 1 1 0 0 1 0 1 0 1 1 1 0 1 0 0 10 0 1 0 0 1 0 0 1 0 0
1 1 0 1 0 0 10 100 1 1 10 1 0 0 0 0 1 0 1 1 1 0 1 1 1 1 10 0 10 0 0 1 0 1 1 1 10 0 1 1 1 1 1 1 0 1 1 1 1 1 1 1 0 1 1 10 0 1 0 1 1 1 1 1 0 10 1 0 0 0 0 0 1 1 1 0 1 1 1 1 0 10 1 1 0 10 1 1 10 1 1 1 0 1 1
0 0 1 1 1 1 10 1 0 0 1 0 0 10 10 10 10 10 1 1 1 1 0 1 10 1 1 1 1 1 1 0 10 0 10 0 1 1 1 0 1 10 0 10 0 0 1 10 1 0 1 0 0 0 0 0 1 1 10 0 1 0 100 10 10 10 1 1 1 1 10 0 1 1 1 1 0 0 0 10 0 1 0 1 1 1 1 1 1 10 10 0 10 0 10
0 0 1 1 10 10 1 0 1 1 1 1 1 10 100 100 1 100 1 10 0 10 0 1 1 0 0 10 0 1 0 10 0 0 1 1 1 10 1 0 1 1 1 1 1 1 1 1 0 1 1 0 0 1 0 1 10 10 100 0 0 0 10 1 10 1 1 10 1 10 100 0 0 1 0 10 0 0 1 10 1 0 1 0 1 0 1 1 0 1 1 0 100 0 1
1 0 0 0 0 0 1 1 0 1 1 1 0 0 0 0 0 0 0 1 0 0 1 1 0 0 1 0 0 0 1 0 0 0 0 0 1 0 1 1 1 0 1 0 0 0 0 0 0 1 1 0 0 0 1 1 0 0 0 1 0 0 0 0 0 0 0 0 0 0 0 0 0 1 0 0 0 0 0 0 0 0 1 0 0 0 1 0 0 0 0 1 0 0 0
0 0 1 1 0 1 1 1 0 0 1 0 0 1 1 1 1 1 1 1 1 1 0 0 1 1 1 0 1 0 1 10 1 0 0 0 1 1 1 0 0 10 0 10 0 0 1 1 1 0 1 0 0 0 0 0 0 0 1 0 1 0 10 10 1 1 1 0 1 1 1 0 1 0 1 0 0 0 0 1 0 1 0 1 0 1 0 1 1 10 10 0 1 0 10
0 1 0 1 1 1 0 1 10 1 1 1 1 0 1 1 0 1 1 1 0 1 0 0 0 0 0 1 1 0 1 0 1 0 0 0 1 1 0 0 0 0 1 0 1 10 1 0 0 1 0 1 0 10 0 10 1 10 1 0 0 1 0 0 0 1 1 1 0 1 1 0 0 0 0 1 1 1 10 1 1 1 1 0 0 1 0 1 1 0 0 0 1 1 0
1 0 0 10 1 1 10 10 1 10 1 10 1 0 1 1 1 1 10 10 1 1 1 1 1 1 10 1 1 0 10 1 1 1 1 1 0 1 1 1 1 1 10 1 1 1 0 1 1 10 1 0 0 1 1 10 1 1 1 1 1 0 1 1 0 1 0 1 0 1 1 0 1 1 1 1 0 0 1 0 1 1 10 1 0 1 1 0 1 1 1 1 1 0 1
0 1 1 1 1 10 0 0 1 10 1 1 1 10 10 10 0 10 1 10 0 100 1 0 0 0 1 1 0 1 0 1 10 0 1 1 1 0 1 0 0 1 1 1 1 1 1 1 0 1 1 1 1 10 0 1 1 1 10 0 0 0 1 1 1 0 1 1 1 100 10 0 0 0 0 1 0 1 10 1 1 1 1 0 1 0 0 1 0 10 1 0 10 0 1
1 1 10 0 0 10 1 1 0 1 10 10 0 1 1 1 0 1 0 10 0 1 10 10 0 1 1 0 0 0 1 1 1 1 1 0 1 1 0 1 1 1 1 10 0 1 10 0 1 10 10 0 1 0 1 1 0 0 1 1 0 0 1 10 1 0 1 0 1 1 1 0 1 1 1 0 1 0 0 1 0 0 10 1 0 0 1 1 0 1 1 10 1 0 1
1 0 0 0 0 0 1 1 0 1 1 1 0 0 0 0 0 0 0 1 0 0 1 1 0 0 1 0 0 0 1 0 0 1 0 0 1 0 1 0 1 0 1 0 0 0 0 0 0 1 1 0 0 0 1 1 0 0 0 1 0 0 0 0 0 0 0 0 0 0 0 0 0 1 0 0 0 0 0 0 0 0 1 0 0 0 1 0 0 0 0 1 0 0 0
1 0 0 0 1 0 10 1 0 1 1 1 0 1 1 1 1 1 0 1 0 0 1 10 1 0 1 1 0 1 1 1 1 1 0 0 1 0 1 1 0 0 1 0 0 0 0 1 0 1 1 0 0 0 1 1 1 1 1 1 0 0 1 0 1 1 0 1 0 0 1 0 0 10 0 1 0 0 0 1 0 0 1 0 1 0 10 0 0 0 0 1 1 0 0
0 0 1 1 0 1 1 1 0 0 1 0 0 1 1 1 1 1 1 1 1 1 0 0 1 1 1 0 1 0 1 10 1 0 10 0 1 1 1 0 0 0 0 10 0 0 1 1 1 0 1 0 0 0 0 0 0 0 1 0 1 0 10 10 1 1 1 0 1 1 1 0 1 0 1 0 0 0 0 1 0 1 0 1 0 1 0 1 1 10 10 0 1 0 10
1 0 1 10 10 1 1 1 10 10 1 10 1 0 1 1 0 1 1 10 0 1 1 1 0 1 1 1 1 0 1 0 1 1 0 1 10 1 1 1 1 0 0 0 1 1 0 0 1 10 1 1 0 1 10 10 1 1 1 1 0 0 0 0 0 0 0 10 0 1 1 1 0 10 0 1 1 1 1 0 10 0 10 1 1 0 10 1 1 0 1 1 1 0 0
0 1 10 1 0 10 1 1 0 0 1 1 0 1 1 1 1 1 1 1 1 1 1 1 1 10 1 0 1 0 1 10 1 0 10 0 1 1 10 0 0 10 0 0 0 1 10 1 10 1 1 0 1 0 0 0 0 0 1 0 1 0 10 100 1 1 1 0 1 1 1 0 10 0 10 0 1 0 0 1 0 1 1 10 0 1 0 1 1 10 10 1 1 0 10
0 0 0 1 1 1 0 0 1 1 0 1 1 0 1 1 0 1 1 1 0 1 0 0 0 0 0 1 0 0 0 0 1 0 0 1 1 1 0 0 0 0 1 0 0 1 0 0 0 1 0 0 0 1 0 1 1 1 1 0 0 0 0 0 0 0 0 1 0 1 1 0 0 0 0 1 0 0 1 0 1 0 1 0 0 0 0 0 0 0 0 0 1 0 0
0 10 1 1 1 10 0 1 10 1 1 10 1 0 1 1 0 1 1 1 0 1 1 1 0 1 0 1 1 0 1 0 1 0 0 10 1 1 1 0 0 0 1 1 1 0 10 0 1 10 0 1 1 10 0 10 1 10 1 0 0 1 0 1 0 1 1 1 0 1 1 0 1 0 1 1 10 1 10 1 1 1 10 1 0 1 0 1 1 0 0 1 1 1 0
0 10 10 0 0 10 0 1 1 0 10 1 0 1 1 1 0 1 0 1 0 1 1 1 0 1 0 0 1 0 1 1 1 0 1 1 0 1 10 0 0 1 0 10 0 10 0 0 1 1 1 1 1 1 0 1 0 1 1 0 0 1 1 10 1 1 10 0 1 1 1 0 1 0 1 0 10 1 1 10 0 1 1 1 0 1 0 10 1 1 1 1 1 1 1
0 1 0 1 1 0 10 1 0 1 0 0 0 10 1 1 10 1 1 0 1 1 1 1 10 1 10 1 1 10 1 10 1 0 1 0 1 1 0 0 1 1 0 1 0 0 0 0 1 0 0 1 1 1 0 0 1 1 1 0 1 0 10 1 1 10 0 1 0 1 1 0 1 1 1 1 0 1 1 1 0 10 0 1 10 1 1 0 1 10 1 0 1 0 1
0 1 10 10 1 1 1 1 1 0 0 1 0 0 0 0 1 0 1 0 1 0 1 1 1 100 1 0 10 0 1 1 0 0 1 0 1 0 1 0 0 1 1 10 0 1 1 1 0 1 0 1 1 0 1 0 0 0 0 0 1 0 1 10 0 1 0 1 0 0 0 1 10 1 10 0 10 1 0 0 1 1 1 100 1 1 1 1 10 1 10 1 0 0 1
1 1 1 1 1 10 1 1 1 10 1 100 1 0 1 1 0 1 1 10 0 1 10 10 0 1 1 1 0 0 1 0 1 1 0 1 10 1 10 1 1 0 10 1 1 10 1 0 1 0 1 0 1 1 1 10 1 1 1 1 0 0 0 1 0 0 0 1 0 1 1 0 1 1 1 1 1 0 1 0 1 0 100 1 0 0 1 0 0 0 0 10 1 0 0
1 0 1 0 0 1 1 1 0 1 10 1 0 1 1 1 0 1 0 10 0 1 1 1 0 0 1 0 0 0 1 1 1 1 1 0 1 1 10 1 1 1 1 1 0 0 1 0 0 1 0 0 0 0 1 1 0 0 1 1 0 0 1 1 1 0 1 0 1 1 1 0 0 1 0 0 0 0 0 1 0 0 1 0 0 0 1 1 0 1 1 1 1 0 1
0 10 1 1 1 0 0 1 10 1 1 0 0 1 0 0 0 0 0 0 0 1 1 0 0 1 1 0 10 1 1 0 0 0 0 1 0 1 0 0 0 0 1 0 0 1 1 1 1 0 0 0 1 10 1 1 0 1 0 0 0 1 0 0 0 1 1 1 0 1 0 1 0 1 0 0 10 100 10 1 1 10 0 1 10 1 1 10 10 1 1 0 0 1 0
0 10 1 0 0 1 0 0 0 1 0 1 0 1 0 0 0 0 0 0 0 1 10 1 0 1 1 0 0 1 0 0 0 0 0 0 0 1 1 0 0 0 0 1 0 1 1 1 1 1 0 1 0 1 0 0 0 0 0 0 0 0 0 1 0 0 0 0 0 1 0 0 1 0 1 0 1 1 1 0 0 1 1 1 1 0 0 0 0 1 0 1 0 0 0
0 10 0 1 1 1 0 1 10 10 1 1 1 1 1 1 0 1 1 1 0 10 1 0 0 0 1 1 1 1 1 0 1 0 0 10 1 10 0 0 0 0 1 0 1 10 1 1 0 1 0 10 1 0 0 10 1 10 1 0 0 1 0 0 0 1 1 1 0 10 1 0 0 0 0 1 1 10 100 1 1 10 1 0 1 1 0 1 1 1 0 0 1 1 0
1 0 1 1 1 0 1 1 1 1 1 1 0 0 0 0 0 0 0 1 0 0 1 1 0 1 1 0 1 0 1 0 0 1 0 0 1 0 1 1 1 0 10 0 0 0 0 0 1 1 1 1 0 0 0 1 0 0 0 1 0 0 0 0 0 0 0 1 0 0 0 1 0 10 0 0 1 1 0 0 1 0 1 1 1 0 10 1 1 0 1 1 0 0 0
1 1 0 1 1 1 1 10 10 10 10 10 1 0 1 1 0 1 1 10 0 1 1 1 0 0 1 1 1 0 10 0 1 1 0 10 10 1 1 1 1 0 10 0 1 10 1 0 0 10 1 1 0 10 1 0 1 10 1 1 0 1 0 0 0 1 1 1 0 1 1 0 0 1 0 1 1 1 10 1 1 1 10 0 0 1 1 1 1 0 0 1 1 1 0
0 0 0 1 10 1 1 0 1 1 0 1 1 1 10 10 1 10 1 1 0 1 0 1 1 0 0 10 0 1 0 1 10 0 0 1 1 1 0 0 1 0 1 0 1 1 0 1 0 1 0 0 0 1 0 1 0 10 10 0 0 0 1 0 1 1 0 10 0 1 10 0 0 1 0 10 0 0 1 1 1 0 1 0 1 0 1 0 0 0 0 0 10 0 0
0 1 0 1 10 1 1 1 10 1 1 1 1 1 10 10 1 10 1 1 0 1 0 1 1 0 0 10 1 1 1 1 10 0 0 10 1 1 0 0 1 0 1 0 1 10 1 1 0 1 0 1 0 10 0 10 10 0 10 0 0 1 1 0 1 10 1 10 0 1 10 0 0 1 0 10 1 1 10 10 1 1 1 0 1 1 1 1 1 0 0 0 10 1 0
0 0 1 1 10 10 1 0 1 1 1 1 1 10 100 100 1 100 1 10 0 10 0 1 1 0 0 10 0 1 0 10 100 0 1 1 1 10 1 0 1 1 1 1 1 1 1 1 0 1 1 0 0 1 0 1 10 10 0 0 0 0 10 1 10 1 1 10 1 10 100 0 0 1 0 10 0 0 1 10 1 0 1 0 1 0 1 1 0 1 1 0 100 0 1
1 0 0 0 0 0 1 1 0 1 1 1 0 0 0 0 0 0 0 1 0 0 1 1 0 0 1 0 0 0 1 0 0 1 0 0 1 0 1 1 1 0 1 0 0 0 0 0 0 1 1 0 0 0 1 1 0 0 0 0 0 0 0 0 0 0 0 0 0 0 0 0 0 1 0 0 0 0 0 0 0 0 1 0 0 0 1 0 0 0 0 1 0 0 0
0 0 0 1 0 0 1 1 0 0 0 0 0 0 0 0 1 0 1 0 1 0 0 0 1 1 1 0 1 0 1 1 0 0 1 0 1 0 0 0 0 1 0 1 0 0 0 1 1 0 0 0 0 0 0 0 0 0 0 0 0 0 1 1 0 1 0 0 0 0 0 0 1 0 1 0 0 0 0 0 0 1 0 1 0 1 0 0 1 1 1 0 0 0 1
0 1 0 0 0 0 0 1 1 0 1 0 0 0 0 0 0 0 0 0 0 0 0 0 0 0 0 0 1 0 1 0 0 0 0 1 0 0 0 0 0 0 0 0 0 1 1 0 0 0 0 1 0 1 0 1 0 1 0 0 0 0 0 0 0 1 1 0 0 0 0 0 0 0 0 0 1 1 1 1 0 1 0 0 0 1 0 1 1 0 0 0 0 1 0
0 0 1 1 1 1 10 1 0 0 1 0 0 10 10 10 10 10 1 1 1 1 0 1 10 1 1 1 1 1 1 100 10 0 10 0 1 1 1 0 1 10 0 10 0 0 1 10 1 0 1 0 0 0 0 0 1 1 10 0 1 0 0 10 10 10 1 1 1 1 10 0 1 1 1 1 0 0 0 10 0 1 0 1 1 1 1 1 1 10 10 0 10 0 10
0 1 10 1 0 10 1 1 0 0 1 1 0 1 1 1 1 1 1 1 1 1 1 1 1 10 1 0 1 0 1 10 1 0 10 0 1 1 10 0 0 10 0 100 0 1 10 1 10 1 1 0 1 0 0 0 0 0 1 0 1 0 10 0 1 1 1 0 1 1 1 0 10 0 10 0 1 0 0 1 0 1 1 10 0 1 0 1 1 10 10 1 1 0 10
0 0 1 0 1 1 1 0 0 0 1 0 0 10 10 10 1 10 0 1 0 1 0 1 1 0 0 1 0 1 0 10 10 0 1 0 0 1 1 0 1 1 0 1 0 0 1 1 0 0 1 0 0 0 0 0 1 1 10 0 0 0 10 1 0 1 1 1 1 1 10 0 0 1 0 1 0 0 0 10 0 0 0 0 1 0 1 1 0 1 1 0 10 0 1
0 1 0 1 1 0 10 10 1 0 1 0 0 1 1 1 10 1 1 0 1 0 0 1 10 1 1 1 10 1 10 10 1 0 1 1 1 0 0 0 1 1 0 1 0 1 1 10 1 0 0 1 0 1 0 1 1 10 1 0 1 1 10 1 1 0 1 1 0 0 1 0 1 1 1 1 1 1 1 10 0 10 0 1 1 10 1 1 10 1 1 0 1 1 1
0 1 1 0 0 1 0 1 1 0 10 0 0 1 1 1 0 1 0 1 0 1 0 0 0 0 0 0 1 0 1 1 1 0 1 1 0 1 1 0 0 1 0 1 0 1 10 0 0 0 1 1 0 1 0 1 0 1 1 0 0 1 1 1 1 1 0 0 1 1 1 0 0 0 0 0 1 1 1 10 0 1 0 0 0 1 0 10 1 1 1 0 1 1 1
0 0 1 10 100 1 1 0 10 1 0 1 1 1 10 10 1 10 1 1 0 1 0 1 1 1 0 10 1 1 0 1 10 0 0 1 1 1 0 0 1 0 10 0 1 1 0 1 1 1 0 1 0 1 1 1 10 10 10 0 0 0 1 0 1 1 0 0 0 1 10 1 0 10 0 10 1 1 1 1 10 0 1 1 10 0 10 1 1 0 1 0 10 0 0
0 0 1 0 0 1 0 0 0 0 1 0 0 1 1 1 0 1 0 1 0 1 0 0 0 0 0 0 0 0 0 1 1 0 1 0 0 1 1 0 0 1 0 1 0 0 1 0 0 0 1 0 0 0 0 0 0 0 1 0 0 0 1 1 1 0 1 0 0 1 1 0 0 0 0 0 0 0 0 1 0 0 0 0 0 0 0 1 0 1 1 0 1 0 1
0 1 1 1 1 10 0 0 1 10 1 1 1 10 10 10 0 10 1 10 0 100 1 0 0 0 1 1 0 1 0 1 10 0 1 1 1 100 1 0 0 1 1 1 1 1 1 1 0 1 1 1 1 10 0 1 1 1 10 0 0 0 1 1 1 0 1 1 1 0 10 0 0 0 0 1 0 1 10 1 1 1 1 0 1 0 0 1 0 10 1 0 10 0 1
0 0 1 1 10 10 1 0 1 1 1 1 1 10 100 100 1 100 1 10 0 10 0 1 1 0 0 10 0 1 0 10 100 0 1 1 1 10 1 0 1 1 1 1 1 1 1 1 0 1 1 0 0 1 0 1 10 10 100 0 0 0 10 1 10 1 1 10 1 10 0 0 0 1 0 10 0 0 1 10 1 0 1 0 1 0 1 1 0 1 1 0 100 0 1
0 0 1 1 1 0 0 0 1 0 0 0 0 0 0 0 0 0 0 0 0 0 0 0 0 1 0 0 1 0 0 0 0 0 0 0 0 0 0 0 0 0 1 0 0 0 0 0 1 0 0 1 0 0 1 0 0 0 0 0 0 0 0 0 0 0 0 1 0 0 0 0 0 1 0 0 1 1 0 0 1 0 0 1 1 0 1 1 1 0 1 0 0 0 0
0 1 1 1 0 1 1 1 0 0 0 1 0 0 0 0 1 0 1 0 1 0 1 1 1 10 1 0 1 0 1 1 0 0 1 0 1 0 1 0 0 1 0 10 0 1 1 1 10 1 0 0 1 0 0 0 0 0 0 0 1 0 1 10 0 1 0 0 0 0 0 0 0 0 10 0 1 0 0 0 0 1 1 10 0 1 0 0 1 1 1 1 0 0 1
1 0 1 1 10 0 10 1 1 1 1 1 0 1 1 1 1 1 0 1 0 0 1 10 1 1 1 1 1 1 1 1 1 1 0 0 1 0 1 1 10 0 10 0 0 0 0 1 1 1 1 1 0 0 10 1 1 1 1 1 0 0 1 0 1 1 0 10 0 0 1 1 0 0 0 1 1 1 0 1 1 0 1 1 10 0 100 1 1 0 1 1 1 0 0
0 1 1 1 0 1 1 1 0 0 0 1 0 0 0 0 1 0 1 0 1 0 1 1 1 10 1 0 1 0 1 1 0 0 1 0 1 0 1 0 0 1 0 10 0 1 1 1 10 1 0 0 1 0 0 0 0 0 0 0 1 0 1 10 0 1 0 0 0 0 0 0 10 0 0 0 1 0 0 0 0 1 1 10 0 1 0 0 1 1 1 1 0 0 1
0 0 0 1 10 1 1 0 1 1 0 1 1 1 10 10 1 10 1 1 0 1 0 1 1 0 0 10 0 1 0 1 10 0 0 1 1 1 0 0 1 0 1 0 1 1 0 1 0 1 0 0 0 1 0 1 10 10 10 0 0 0 1 0 1 1 0 10 0 1 10 0 0 1 0 0 0 0 1 1 1 0 1 0 1 0 1 0 0 0 0 0 10 0 0
0 10 10 1 1 1 0 1 10 0 1 1 0 0 0 0 0 0 0 0 0 0 1 1 0 10 0 0 10 0 1 0 0 0 0 1 0 0 1 0 0 0 1 1 0 10 10 0 10 1 0 10 1 1 1 1 0 1 0 0 0 1 0 1 0 1 1 1 0 0 0 1 1 1 1 0 0 10 1 1 1 1 1 10 1 1 1 10 10 0 1 1 0 1 0
0 10 1 1 1 0 0 1 10 1 1 0 0 1 0 0 0 0 0 0 0 1 1 0 0 1 1 0 10 1 1 0 0 0 0 1 0 1 0 0 0 0 1 0 0 1 1 1 1 0 0 100 1 10 1 1 0 1 0 0 0 1 0 0 0 1 1 1 0 1 0 1 0 1 0 0 10 0 10 1 1 10 0 1 10 1 1 10 10 1 1 0 0 1 0
0 10 0 1 1 1 0 1 10 10 1 1 1 1 1 1 0 1 1 1 0 10 1 0 0 0 1 1 1 1 1 0 1 0 0 10 1 10 0 0 0 0 1 0 1 10 1 1 0 1 0 10 1 100 0 10 1 10 1 0 0 1 0 0 0 1 1 1 0 10 1 0 0 0 0 1 1 10 0 1 1 10 1 0 1 1 0 1 1 1 0 0 1 1 0
0 1 1 0 1 1 1 1 1 0 10 0 0 10 10 10 1 10 0 1 0 1 0 1 1 0 0 1 1 1 1 10 10 0 1 1 0 1 1 0 1 1 0 1 0 1 10 1 0 0 1 1 0 1 0 1 1 10 10 0 0 1 10 1 10 10 10 1 1 1 10 0 0 1 0 1 1 1 1 0 0 1 0 0 1 1 1 10 1 1 1 0 10 1 1
0 0 1 10 10 1 0 0 10 1 0 1 1 0 1 1 0 1 1 1 0 1 0 0 0 1 0 1 1 0 0 0 1 0 0 1 1 1 0 0 0 0 10 0 1 1 0 0 1 1 0 1 0 1 1 1 1 1 1 0 0 0 0 0 0 0 0 10 0 1 1 1 0 1 0 1 1 1 1 0 0 0 1 1 1 0 1 1 1 0 1 0 1 0 0
0 10 0 1 0 0 1 10 1 1 1 0 0 1 0 0 1 0 1 0 1 1 1 0 1 1 10 0 10 1 10 1 0 0 1 1 1 1 0 0 0 1 0 1 0 1 1 10 1 0 0 10 1 10 0 1 0 1 0 0 1 1 1 1 0 10 1 0 0 1 0 0 1 0 1 0 1 10 10 1 0 0 0 1 1 10 0 1 10 10 1 0 0 1 1
1 1 1 1 1 10 1 1 1 10 1 100 1 0 1 1 0 1 1 10 0 1 10 10 0 1 1 1 0 0 1 0 1 1 0 1 10 1 10 1 1 0 10 1 1 10 1 0 1 100 1 0 1 1 1 10 1 1 1 1 0 0 0 1 0 0 0 1 0 1 1 0 1 1 1 1 1 0 1 0 1 0 0 1 0 0 1 0 0 0 0 10 1 0 0
0 1 10 10 1 1 1 1 1 0 0 1 0 0 0 0 1 0 1 0 1 0 1 1 1 100 1 0 10 0 1 1 0 0 1 0 1 0 1 0 0 1 1 10 0 1 1 1 100 1 0 1 1 0 1 0 0 0 0 0 1 0 1 10 0 1 0 1 0 0 0 1 10 1 10 0 10 1 0 0 1 1 1 0 1 1 1 1 10 1 10 1 0 0 1
0 1 1 1 10 0 1 0 1 1 0 0 0 10 1 1 1 1 0 0 0 1 1 1 1 1 1 1 1 10 0 1 1 0 0 0 0 1 0 0 1 0 1 0 0 0 0 10 1 0 0 10 1 1 1 0 1 1 1 0 0 0 1 0 1 1 0 10 0 1 1 1 0 10 0 1 1 10 1 1 1 1 0 1 0 0 10 1 1 1 1 0 1 0 0
0 1 0 1 0 0 1 10 1 0 1 0 0 0 0 0 1 0 1 0 1 0 0 0 1 1 1 0 10 0 10 1 0 0 1 1 1 0 0 0 0 1 0 1 0 1 1 1 1 0 0 1 0 1 0 1 0 1 0 0 1 1 1 1 0 10 1 0 0 0 0 0 1 0 1 0 1 1 1 1 0 10 0 1 0 0 0 1 10 1 1 0 0 1 1
1 0 1 1 10 0 10 1 1 1 1 1 0 1 1 1 1 1 0 1 0 0 1 10 1 1 1 1 1 1 1 1 1 1 0 0 1 0 1 1 10 0 10 0 0 0 0 1 1 1 1 1 0 0 10 1 1 1 1 1 0 0 1 0 1 1 0 10 0 0 1 1 0 100 0 1 1 1 0 1 1 0 1 1 10 0 0 1 1 0 1 1 1 0 0
0 1 10 1 1 1 0 1 10 0 10 0 0 1 1 1 0 1 0 1 0 1 0 0 0 1 0 0 10 0 1 1 1 0 1 1 0 1 1 0 0 1 1 1 0 1 10 0 1 0 1 10 0 1 1 1 0 1 1 0 0 1 1 1 1 1 10 1 1 1 1 1 0 1 0 0 10 10 1 10 1 1 0 1 1 1 1 0 10 1 10 0 1 1 1
0 1 1 10 1 0 1 10 10 0 1 0 0 0 0 0 1 0 1 0 1 0 0 0 1 10 1 0 100 0 10 1 0 0 1 1 1 0 0 0 0 1 1 1 0 1 1 1 10 0 0 10 0 1 1 1 0 1 0 0 1 1 1 1 0 10 1 1 0 0 0 1 1 1 1 0 10 10 1 1 1 10 0 10 1 10 1 10 0 1 10 0 0 1 1
0 1 1 1 0 1 1 1 0 1 1 0 0 10 1 1 1 1 1 1 1 10 1 0 1 1 10 0 1 1 1 10 1 0 10 0 1 10 1 0 0 10 0 10 0 0 1 10 1 0 1 1 1 1 0 0 0 0 1 0 1 0 10 10 1 1 1 0 1 10 1 0 1 0 1 0 0 1 1 1 0 10 0 1 1 1 0 1 1 0 10 0 1 0 10
0 0 10 10 1 1 1 1 1 0 1 0 0 1 1 1 1 1 1 1 1 1 0 0 1 10 1 0 10 0 1 10 1 0 10 0 1 1 1 0 0 10 1 10 0 0 1 1 10 0 1 1 0 0 1 0 0 0 1 0 1 0 10 10 1 1 1 1 1 1 1 1 1 1 1 0 1 1 0 1 1 1 0 10 1 1 1 10 10 10 0 0 1 0 10
1 1 1 0 0 1 1 1 0 1 1 10 0 0 0 0 0 0 0 1 0 0 10 10 0 1 1 0 0 0 1 0 0 1 0 0 1 0 10 1 1 0 1 1 0 1 1 0 1 10 1 0 1 0 1 1 0 0 0 1 0 0 0 1 0 0 0 0 0 0 0 0 1 1 1 0 1 0 0 0 0 0 10 1 0 0 1 0 0 0 0 0 0 0 0
0 0 1 1 10 10 1 0 1 1 1 1 1 10 100 100 1 100 1 10 0 10 0 1 1 0 0 10 0 1 0 10 100 0 1 1 1 10 1 0 1 1 1 1 1 1 1 1 0 1 1 0 0 1 0 1 10 10 100 0 0 0 10 1 10 1 1 10 1 10 100 0 0 1 0 10 0 0 1 10 1 0 1 0 1 0 1 1 0 1 1 0 0 0 1
0 1 0 0 0 0 0 1 1 0 1 0 0 0 0 0 0 0 0 0 0 0 0 0 0 0 0 0 1 0 1 0 0 0 0 1 0 0 0 0 0 0 0 0 0 1 1 0 0 0 0 1 0 1 0 1 0 1 0 0 0 1 0 0 0 1 1 0 0 0 0 0 0 0 0 0 1 1 1 1 0 1 0 0 0 1 0 1 1 0 0 0 0 0 0
0 0 1 1 0 1 1 1 0 0 1 0 0 1 1 1 1 1 1 1 1 1 0 0 1 1 1 0 1 0 1 10 1 0 10 0 1 1 1 0 0 10 0 10 0 0 1 1 1 0 1 0 0 0 0 0 0 0 1 0 1 0 10 10 1 1 1 0 1 1 1 0 1 0 1 0 0 0 0 1 0 1 0 1 0 1 0 1 1 10 10 0 1 0 0
4
3 4 3
4 9 3
5 1 3
6 7 3
5
4 4 
1 3
2 3
3 5
4 3
2 4 
1 3
1 4
2 6
2 6
3 7 
1 4
1 4
2 6
2 6
2 6
3 4
3 4
2 3 
1 4
1 4
2 6
1 3 
1 4
1 4
1 6
95 9
1 1
3 2 4 8
3 3 4 5
3 5 6 7
3 0 5 6
3 3 4 6
3 0 1 7
3 1 7 8
3 5 6 8
3 1 2 6
3 1 3 8
3 1 4 6
1 6
3 0 2 3
3 0 3 6
3 0 3 6
2 0 7
3 0 3 6
2 6 7
3 1 3 6
1 7
3 2 3 6
3 1 2 4
3 0 1 4
2 0 7
3 4 5 7
3 1 2 7
2 0 6
3 5 7 8
2 0 2
3 1 7 8
3 0 3 7
3 0 3 6
1 1
2 3 7
2 6 8
3 1 6 7
3 2 3 6
3 1 3 4
1 1
2 0 1
2 3 7
3 1 5 6
3 3 4 7
1 6
3 4 6 8
3 3 4 8
3 0 2 7
3 4 5 7
3 1 4 6
2 1 3
3 2 5 8
2 2 4
3 2 6 8
2 1 5
3 1 6 8
2 0 6
3 0 6 8
3 0 3 6
1 1
1 7
1 8
3 0 3 7
3 3 4 7
2 0 3
3 0 7 8
2 3 8
3 0 5 6
1 3
3 2 3 6
3 0 3 6
1 5
2 4 7
3 0 1 5
2 4 7
2 0 6
3 4 5 8
3 2 5 8
3 2 6 8
3 0 3 8
2 5 6
3 2 7 8
3 1 4 6
3 4 5 7
3 0 2 5
2 7 8
3 0 1 5
3 3 5 8
3 5 7 8
3 2 3 7
3 3 5 7
2 1 4
3 0 3 6
1 8
2 3 7
95 280
2 102 248
2 249 78
5 104 151 153 197 253
6 209 216 230 244 251 252
2 154 250
7 105 135 194 230 232 244 29
4 137 141 191 45
3 157 22 226
3 225 233 5
2 110 240
5 1 207 238 38 49
4 138 169 198 252
4 161 251 35 95
2 124 252
5 121 149 196 219 71
5 109 178 199 240 47
4 127 145 150 253
5 160 193 212 228 237
6 215 218 246 253 70 97
2 241 250
4 131 225 230 40
2 202 96
5 125 231 252 55 94
4 213 217 239 51
4 197 228 32 46
5 183 215 220 221 23
8 133 139 243 34 62 80 85 89
4 175 200 212 234
6 113 190 2 201 205 84
5 232 237 58 90 91
4 118 18 235 41
5 243 246 249 43 57
3 203 227 63
2 166 65
3 0 130 245
3 202 234 86
3 103 16 181
3 172 207 64
5 155 163 192 229 247
5 114 173 223 227 77
4 129 213 220 241
7 107 152 200 216 233 238 241
3 205 247 253
2 42 88
2 196 73
4 123 128 177 251
7 10 126 165 204 210 66 83
3 179 195 204
2 156 245
3 203 244 53
6 117 201 232 240 37 98
4 231 239 52 67
3 199 226 235
6 171 211 248 249 250 251
8 101 115 12 13 182 248 31 4
2 119 242
3 140 174 92
2 24 72
6 184 188 206 214 237 44
2 218 245
4 106 162 228 249
7 15 187 206 209 223 229 7
5 17 247 25 68 99
2 195 234
3 142 217 28
2 198 233
4 211 222 226 251
3 219 246 87
1 235
2 56 76
7 108 148 221 243 245 253 59
6 185 208 224 27 30 61
4 14 164 189 50
5 100 144 176 208 93
4 132 167 227 242
4 231 238 244 81
1 248
5 136 147 210 229 253
8 143 168 236 239 242 247 8 9
4 122 180 74 79
5 134 19 20 26 39
8 111 112 120 146 222 252 253 60
8 159 186 214 224 236 36 54 75
2 116 82
4 11 21 3 33
1 48
5 158 170 250 6 69
4 236 246 254 255
4 256 257 258 259
4 260 261 262 263
4 264 265 266 267
4 268 269 270 271
2 272 273
4 274 275 276 277
2 278 279
