155
0 0 0 1 0 0 0 0 1 1 1 0 1 1 0 10 0 1 1 0 0 0 0 1 1 1 0 0 0 0 1 0 1 1 10 1 10 0 0 0 1 1 0 1 0 0 0 1 0 1 1 0 10 0 0 0 1 0 1 0 0 1 0 1 0 0 0 1 0 0 0 0 1 0 1 0 0 0 0 0 1 1 0 0 0 0 1 1 0 0 0 1 0 1 1 1 1 0 1 0 0 0 0 1 10 0 0 1 1 0 0 1 0 0 0 0 0 0 0 1 0 0 1 1 1 0 0 0 1 0 1 0 0 0 1 1 0 0 0 10 0 1 0 0 1 1 0 1 0 0 0 0 0 0 0
0 0 1 1 10 1 0 1 0 10 1 1 0 1 1 0 0 0 0 0 1 1 0 1 0 0 1 1 1 0 0 0 0 1 1 1 0 0 0 0 1 0 1 0 1 1 1 1 0 0 0 1 0 1 10 0 0 0 0 0 1 1 1 0 0 1 10 0 1 1 0 1 0 10 1 1 0 0 1 0 0 0 0 0 0 1 10 0 1 0 1 0 1 0 0 1 0 0 0 1 1 0 10 0 0 1 0 1 0 10 0 0 0 0 0 1 100 1 1 0 1 1 0 0 1 0 10 0 1 1 0 1 0 10 0 0 0 1 10 0 1 0 10 1 0 1 0 0 0 0 0 1 10 1 1
0 1 0 1 0 1 0 0 0 1 0 1 0 1 1 0 0 1 0 0 1 0 1 1 0 1 0 0 0 0 1 1 0 0 0 0 0 0 1 1 1 1 10 0 1 0 10 0 0 0 1 0 0 1 1 0 0 0 0 1 1 0 0 1 1 1 1 0 0 0 0 1 0 1 0 0 1 1 0 1 0 1 1 0 1 1 0 0 1 0 10 1 0 0 0 1 0 1 0 0 1 0 1 0 0 0 0 0 0 0 10 0 0 0 0 1 1 0 0 1 1 0 0 1 1 0 0 1 0 1 1 1 0 1 1 0 0 0 1 0 0 1 10 1 1 1 1 0 0 0 1 1 1 0 0
1 1 1 0 0 0 0 0 1 10 1 1 0 10 0 1 0 1 1 0 0 0 0 10 0 0 0 0 0 1 0 0 1 1 1 0 1 0 0 0 1 1 1 1 10 0 10 10 0 1 1 0 1 1 1 0 0 0 0 0 1 0 0 1 0 1 1 0 0 0 0 0 10 1 1 0 0 0 0 1 0 0 0 0 0 1 0 0 0 1 1 1 1 0 1 1 1 0 0 0 1 0 1 1 1 0 0 1 1 0 0 1 0 0 1 1 1 1 0 1 1 0 0 10 10 0 0 0 0 10 0 1 0 1 1 1 0 0 1 10 0 1 1 0 0 0 0 0 1 1 0 0 1 1 0
0 10 0 0 0 1 0 1 1 1 1 1 0 1 1 0 0 0 0 1 1 1 0 1 0 0 1 1 10 1 0 0 0 1 1 1 0 0 0 0 0 0 0 0 0 1 0 1 0 0 0 1 0 1 1 0 0 0 0 1 1 1 10 0 0 0 10 1 1 10 0 1 0 1 1 1 0 0 1 0 0 1 1 0 0 0 10 0 1 1 0 0 1 0 0 0 1 0 0 1 0 0 1 0 0 1 1 1 0 10 0 1 0 1 1 0 10 1 1 0 0 1 0 0 0 0 10 0 1 0 0 0 0 10 0 0 0 1 1 0 1 0 1 1 0 1 0 1 0 0 0 1 1 10 1
0 1 1 0 1 0 0 1 0 0 1 1 0 0 10 1 1 1 0 1 10 0 0 0 0 0 1 10 1 0 1 1 1 1 0 1 0 0 1 1 0 1 1 0 0 0 1 0 0 0 1 1 0 0 1 0 1 0 1 1 0 1 1 0 1 0 1 0 10 1 1 1 1 0 0 0 0 1 1 0 1 0 1 1 0 0 1 0 10 0 1 1 0 0 0 0 0 0 0 10 1 0 0 0 0 1 0 1 0 1 10 1 0 0 0 1 1 0 1 10 0 1 0 1 0 0 1 0 0 0 1 1 1 1 1 0 1 1 0 0 1 1 0 1 0 1 0 0 0 0 1 1 0 1 1
0 0 0 0 0 0 0 0 1 0 1 0 0 0 0 0 0 0 1 0 0 0 1 0 1 0 0 0 0 0 0 0 0 0 0 0 1 0 1 1 0 0 0 0 0 1 0 0 0 1 0 1 0 0 0 0 0 0 0 0 0 0 0 0 1 1 0 0 0 0 0 0 0 0 0 0 0 0 0 1 0 0 0 0 0 1 0 0 0 0 0 0 0 0 0 0 0 0 0 0 1 0 0 1 0 0 0 0 0 0 0 0 0 0 0 1 0 1 0 0 1 0 0 0 1 1 0 0 0 0 0 0 1 0 0 0 0 0 0 0 0 0 0 0 0 0 0 0 0 0 0 0 0 0 1
0 1 0 0 1 1 0 0 0 1 0 1 0 0 1 1 1 0 0 1 0 1 0 0 0 0 0 1 10 0 0 1 1 1 1 0 0 1 1 1 0 0 0 1 0 1 0 1 0 0 1 10 1 1 1 1 1 1 1 0 0 0 0 0 1 0 0 0 1 0 1 0 1 1 1 10 0 1 1 0 1 0 0 1 1 1 1 0 0 0 0 0 1 0 0 0 0 0 0 1 1 0 1 0 1 10 0 10 1 10 1 1 0 0 0 1 1 1 100 1 0 0 0 0 0 0 1 1 1 0 0 1 1 0 0 0 1 10 1 0 0 1 1 0 0 1 0 0 1 0 1 1 10 0 10
1 0 0 1 1 0 1 0 0 1 10 1 0 10 0 1 0 1 10 1 0 0 1 10 1 0 0 0 1 1 0 0 0 1 1 0 10 0 1 1 0 1 0 0 0 1 0 1 0 10 1 1 1 0 0 0 0 0 0 1 1 0 1 1 1 1 1 1 0 1 0 0 1 0 1 0 0 0 0 1 0 1 1 0 0 1 0 0 0 1 0 1 0 0 1 0 10 0 0 0 1 0 0 10 1 0 1 1 1 0 0 10 0 1 1 1 0 1 0 1 1 0 0 1 10 1 0 0 0 0 0 0 1 1 1 1 0 0 0 1 0 1 0 0 0 0 0 1 0 0 0 0 0 1 1
1 10 1 10 1 0 0 1 1 0 1 1 0 10 0 1 0 1 1 0 0 1 0 10 0 0 0 0 1 0 0 0 0 1 10 0 1 0 0 0 1 1 1 0 1 1 1 10 0 1 1 1 1 1 1 0 0 0 0 0 1 0 0 1 0 1 1 0 0 0 0 0 1 10 10 1 0 0 0 0 0 0 0 0 0 1 1 0 0 0 1 1 1 0 1 1 1 0 0 0 1 0 10 1 1 1 0 10 1 1 0 1 0 0 0 1 10 1 1 1 1 0 0 1 10 0 1 0 1 1 0 1 0 1 1 1 0 1 10 1 0 1 10 0 0 1 0 0 0 0 0 1 10 0 1
1 1 0 1 1 1 1 0 10 1 0 0 0 1 1 1 0 1 10 0 1 0 1 1 1 0 1 1 0 0 0 0 0 10 1 1 10 0 1 1 0 1 0 0 0 1 0 1 0 10 1 1 1 0 1 0 0 0 0 0 0 1 1 1 1 1 1 0 1 1 0 1 1 0 1 0 0 0 1 1 0 0 0 0 0 1 1 0 1 0 0 1 0 0 1 0 1 0 0 1 1 0 0 10 1 0 0 1 1 1 0 1 0 0 0 1 1 1 0 1 1 1 0 1 10 1 1 0 0 0 0 0 1 1 1 1 0 0 0 1 1 1 0 1 0 0 0 0 0 0 0 0 0 1 1
0 1 1 1 1 1 0 1 1 1 0 0 0 10 0 1 1 0 0 10 0 0 0 10 0 0 0 1 10 1 0 1 1 0 0 0 0 0 0 1 1 0 1 0 1 0 1 0 0 0 0 1 0 0 1 0 1 0 1 1 10 0 1 0 1 1 10 1 1 1 1 0 1 1 0 0 0 0 0 0 1 1 1 1 0 1 0 0 0 1 1 0 0 0 0 1 1 0 0 1 10 0 1 0 0 1 1 1 0 0 1 10 0 1 1 10 1 0 1 1 1 0 0 0 1 0 0 0 0 1 0 10 1 10 0 0 1 1 1 0 0 1 1 0 0 0 0 1 0 0 1 0 1 1 1
1 0 0 0 0 0 0 0 0 0 0 0 0 0 0 1 1 0 1 0 0 0 0 0 10 10 1 0 0 0 1 0 1 0 1 1 1 1 0 0 10 0 0 1 0 1 0 0 1 0 0 0 1 0 0 0 1 0 1 1 0 10 0 0 0 0 0 1 0 0 0 0 0 0 1 0 1 1 0 0 1 1 1 0 0 0 1 10 0 0 0 0 0 1 0 1 0 1 1 1 0 1 0 0 1 0 0 0 0 0 0 0 1 0 0 0 0 0 0 0 0 0 1 0 0 0 0 0 1 1 1 0 1 0 0 0 0 1 0 1 0 0 0 1 10 1 0 1 1 1 0 0 0 0 0
1 1 1 10 1 0 0 0 10 10 1 10 0 0 0 1 0 1 1 1 0 0 0 100 0 0 0 0 1 1 0 0 0 1 1 0 1 0 0 0 1 1 1 0 1 0 1 1 0 1 1 0 1 0 1 0 0 0 0 1 10 0 1 1 0 1 10 1 0 1 0 0 1 1 1 0 0 0 0 0 0 1 1 0 0 1 0 0 0 1 1 1 0 0 1 1 10 0 0 0 1 0 1 1 1 0 1 1 1 0 0 10 0 1 1 1 1 0 0 1 1 0 0 1 10 0 0 0 0 1 0 1 0 10 1 1 0 0 1 1 0 1 1 0 0 0 0 1 0 0 0 0 1 1 0
0 1 1 0 1 10 0 1 0 0 1 0 0 0 0 0 0 1 0 0 10 0 0 0 0 0 1 1 0 0 1 0 0 10 0 1 0 1 10 0 0 1 1 1 0 0 1 0 0 0 10 0 1 0 10 1 0 1 0 1 0 1 1 0 0 0 1 0 1 1 0 1 0 0 0 1 0 10 10 0 0 0 1 0 1 1 1 0 10 0 1 1 0 0 0 0 0 0 0 1 0 0 0 0 1 0 0 0 1 10 1 0 0 0 0 0 1 0 1 1 0 1 0 1 0 0 1 1 0 0 1 0 0 1 1 0 0 0 0 0 1 0 0 1 0 1 0 0 1 0 0 1 1 1 0
10 0 0 1 0 1 0 1 1 1 1 1 1 1 0 0 1 1 1 1 0 0 0 1 1 1 0 1 1 0 1 1 10 1 10 1 10 0 0 1 1 1 0 1 0 0 0 1 0 1 1 1 10 0 0 0 10 0 10 0 0 1 0 1 1 0 0 1 1 0 1 0 10 0 1 0 0 0 0 0 10 1 0 1 0 0 1 1 0 0 0 1 0 1 1 1 1 0 1 1 1 0 0 1 10 1 0 10 1 0 1 10 0 0 0 1 0 0 1 10 0 0 1 1 1 0 0 0 1 0 1 1 1 0 1 1 1 1 0 10 0 10 0 0 1 1 0 1 0 0 1 0 0 0 1
0 0 0 0 0 1 0 1 0 0 0 1 1 0 0 1 0 0 1 1 0 0 0 0 1 1 1 1 1 0 0 1 1 0 0 0 0 1 0 1 1 0 0 0 0 1 0 0 1 0 0 1 0 0 0 0 1 0 1 1 0 1 0 0 1 0 0 0 1 0 1 0 1 0 1 0 1 1 0 0 1 0 1 1 0 0 0 1 0 0 0 0 0 0 0 0 0 1 0 10 1 1 0 0 0 1 0 1 0 0 1 1 1 0 0 1 0 0 1 1 0 0 0 0 0 0 0 0 0 1 0 1 10 0 0 0 1 10 0 0 0 1 0 1 1 0 0 0 1 1 1 0 0 0 1
1 0 1 1 0 1 0 0 1 1 1 0 0 1 1 1 0 0 1 0 1 0 0 1 0 0 0 0 0 0 1 0 0 1 1 0 1 0 1 0 0 10 1 0 0 0 1 1 0 1 10 0 1 0 0 0 0 0 0 1 0 0 0 1 0 0 0 0 0 0 0 0 1 0 1 0 0 1 0 0 0 0 1 0 0 0 0 0 1 0 1 10 0 0 1 0 1 0 0 0 0 0 0 1 1 0 0 1 1 0 1 1 0 0 0 0 0 0 0 10 0 0 0 10 1 0 0 0 0 0 1 0 0 0 10 1 0 0 0 1 0 1 0 0 0 1 0 0 0 0 0 1 0 0 0
1 0 0 1 0 0 1 0 10 1 10 0 1 1 0 1 1 1 0 0 0 0 1 1 10 1 1 0 0 0 0 0 0 1 1 0 10 1 1 1 1 1 0 0 0 10 0 1 1 10 1 1 1 0 0 0 0 0 0 1 0 1 0 1 1 1 0 0 0 0 0 0 1 0 10 0 1 1 0 1 0 0 1 0 0 1 0 1 0 0 0 1 0 0 1 0 1 1 0 1 1 1 0 10 1 0 0 1 1 0 0 1 1 0 0 1 0 1 0 1 1 0 0 1 10 1 0 0 0 1 0 0 10 0 1 1 0 1 0 1 0 1 0 1 1 0 0 0 1 1 0 0 0 0 1
0 0 0 0 1 1 0 1 1 0 0 10 0 1 0 1 1 0 0 0 0 0 0 1 0 0 0 1 10 1 0 1 1 0 0 0 0 0 0 1 0 0 0 0 0 0 0 0 0 0 0 1 0 0 0 0 1 0 1 1 1 0 1 0 1 0 1 1 1 1 1 0 1 0 0 0 0 0 0 0 1 1 1 1 0 0 0 0 0 1 0 0 0 0 0 0 1 0 0 1 1 0 0 0 0 1 1 1 0 0 1 10 0 1 1 1 0 0 1 1 0 0 0 0 0 0 0 0 0 0 0 1 1 1 0 0 1 1 0 0 0 1 0 0 0 0 0 1 0 0 1 0 0 1 1
0 1 1 0 1 10 0 0 0 0 1 0 0 0 10 0 0 1 0 0 0 0 0 0 0 0 1 1 0 0 1 0 0 1 0 1 0 0 1 0 0 1 1 0 0 0 1 0 0 0 1 0 0 0 1 0 0 0 0 1 0 1 1 0 0 0 1 0 1 1 0 1 0 0 0 0 0 1 1 0 0 0 1 0 0 0 1 0 10 0 1 1 0 0 0 0 0 0 0 1 0 0 0 0 0 0 0 0 0 1 1 0 0 0 0 0 1 0 0 1 0 1 0 1 0 0 1 0 0 0 1 0 0 1 1 0 0 0 0 0 1 0 0 1 0 1 0 0 0 0 0 1 0 1 0
0 1 0 0 1 0 0 1 0 1 0 0 0 0 0 0 0 0 0 0 0 0 0 0 0 0 0 0 1 0 0 0 0 0 1 0 0 0 0 0 0 0 0 0 0 1 0 1 0 0 0 1 0 1 0 0 0 0 0 0 0 0 0 0 0 0 0 0 0 0 0 0 0 1 1 1 0 0 0 0 0 0 0 0 0 0 1 0 0 0 0 0 1 0 0 0 0 0 0 0 0 0 1 0 0 1 0 1 0 1 0 0 0 0 0 0 1 1 1 0 0 0 0 0 0 0 1 0 1 0 0 0 0 0 0 0 0 1 1 0 0 0 1 0 0 1 0 0 0 0 0 1 1 0 1
0 0 1 0 0 0 1 0 1 0 1 0 0 0 0 0 0 0 1 0 0 0 0 0 1 1 0 0 0 0 0 1 0 0 0 0 1 0 1 10 0 0 0 0 0 1 0 0 0 1 0 1 0 1 0 0 0 0 0 0 0 0 0 1 10 1 0 0 0 0 0 1 0 0 0 0 1 0 0 10 0 1 0 0 1 1 0 0 0 0 0 0 0 0 0 0 0 1 0 0 1 0 0 1 0 0 0 0 0 0 1 0 0 0 0 1 0 1 0 0 1 0 0 0 1 1 0 1 0 0 0 0 1 0 0 0 0 0 0 0 0 1 1 1 1 0 1 0 0 0 1 0 0 0 1
1 1 1 10 1 0 0 0 10 10 1 10 0 100 0 1 0 1 1 1 0 0 0 0 0 0 0 0 1 1 0 0 0 1 1 0 1 0 0 0 1 1 1 0 1 0 1 1 0 1 1 0 1 0 1 0 0 0 0 1 10 0 1 1 0 1 10 1 0 1 0 0 1 1 1 0 0 0 0 0 0 1 1 0 0 1 0 0 0 1 1 1 0 0 1 1 10 0 0 0 1 0 1 1 1 0 1 1 1 0 0 10 0 1 1 1 1 0 0 1 1 0 0 1 10 0 0 0 0 1 0 1 0 10 1 1 0 0 1 1 0 1 1 0 0 0 0 1 0 0 0 0 1 1 0
1 0 0 0 0 0 1 0 1 0 1 0 10 0 0 1 1 0 10 0 0 0 1 0 0 10 1 0 0 0 1 0 1 0 1 1 10 1 1 1 10 0 0 1 0 10 0 0 1 1 0 1 1 0 0 0 1 0 1 1 0 10 0 0 1 1 0 1 0 0 0 0 0 0 1 0 1 1 0 1 1 1 1 0 0 1 1 10 0 0 0 0 0 1 0 1 0 1 1 1 1 1 0 1 1 0 0 0 0 0 0 0 1 0 0 1 0 1 0 0 1 0 1 0 1 1 0 0 1 1 1 0 10 0 0 0 0 1 0 1 0 0 0 1 10 1 0 1 1 1 0 0 0 0 1
1 0 1 0 0 0 0 0 0 0 0 0 10 0 0 1 1 0 1 0 0 0 1 0 10 0 1 0 0 0 1 1 1 0 1 1 1 1 0 1 10 0 0 1 0 1 0 0 1 0 0 0 1 1 0 0 1 0 1 1 0 10 0 1 1 0 0 1 0 0 0 1 0 0 1 0 10 1 0 1 1 10 1 0 1 0 1 10 0 0 0 0 0 1 0 1 0 10 1 1 0 1 0 0 1 0 0 0 0 0 1 0 1 0 0 0 0 0 0 0 0 0 1 0 0 0 0 1 1 1 1 0 1 0 0 0 0 1 0 1 0 1 1 10 100 1 1 1 1 1 1 0 0 0 0
0 1 0 0 1 1 0 0 0 0 1 0 1 0 1 0 1 0 1 0 1 0 0 0 1 1 0 1 0 1 0 0 0 1 0 1 0 1 0 0 1 0 0 0 0 1 0 0 1 0 0 0 0 0 1 0 0 0 0 1 0 10 1 0 0 1 1 0 10 1 1 10 0 1 1 1 1 1 10 0 1 0 1 1 1 0 1 1 10 0 1 1 0 0 0 0 0 1 1 10 0 1 0 0 0 0 1 0 1 1 0 0 10 0 1 0 1 0 0 0 0 1 1 0 0 0 1 0 0 1 0 1 1 1 0 1 0 1 1 0 1 0 0 10 1 0 0 0 1 10 0 0 0 1 0
0 1 0 0 1 10 0 1 0 0 1 1 0 0 1 1 1 0 0 1 1 0 0 0 0 0 1 0 1 0 0 1 1 1 0 1 0 0 0 1 0 0 0 0 0 0 0 0 0 0 0 1 0 0 1 0 1 0 1 0 0 1 1 0 1 0 1 0 10 1 1 1 1 0 0 0 0 0 1 0 1 0 0 1 0 0 1 0 1 0 0 0 0 0 0 0 0 0 0 10 1 0 0 0 0 1 0 1 0 1 1 1 0 0 0 1 1 0 1 1 0 1 0 0 0 0 1 0 0 0 0 1 1 1 0 0 1 1 0 0 1 1 0 1 0 0 0 0 0 0 1 0 0 1 1
0 1 0 0 10 1 0 10 1 1 0 10 0 1 0 1 1 0 0 10 0 1 0 1 0 0 0 1 0 1 0 1 1 0 1 0 0 0 0 1 0 0 0 0 0 1 0 1 0 0 0 10 0 1 0 0 1 0 1 1 1 0 1 0 1 0 1 1 1 1 1 0 1 1 1 1 0 0 0 0 1 1 1 1 0 0 1 0 0 1 0 0 1 0 0 0 1 0 0 1 1 0 1 0 0 10 1 10 0 1 1 10 0 1 1 1 1 1 10 1 0 0 0 0 0 0 1 0 1 0 0 1 1 1 0 0 1 10 1 0 0 1 1 0 0 1 0 1 0 0 1 1 1 1 10
0 0 0 1 1 0 0 0 1 0 0 1 0 1 0 0 0 0 0 1 0 0 0 1 0 0 1 0 1 0 0 0 1 0 0 0 0 0 0 0 0 0 0 1 1 0 1 1 0 0 0 0 0 1 0 0 0 0 0 1 1 0 1 0 0 1 1 1 1 1 1 1 1 1 0 1 0 0 1 1 1 1 1 1 1 0 0 0 1 10 1 1 1 0 0 0 1 0 1 0 0 0 0 0 0 0 10 0 1 0 0 1 1 1 100 0 0 1 0 0 0 0 1 1 0 0 0 0 0 1 0 1 0 1 0 1 0 0 1 1 0 0 0 0 0 0 0 1 1 10 0 0 0 10 0
1 0 1 0 0 1 0 0 0 0 0 0 1 0 1 1 0 1 0 0 1 0 0 0 1 1 0 0 0 0 0 0 1 0 1 1 1 0 1 0 1 1 1 1 0 0 1 0 0 0 1 0 1 0 0 0 1 0 1 1 0 1 0 0 0 0 0 1 0 0 0 0 0 0 0 0 0 1 0 0 1 1 1 0 0 0 1 1 1 0 1 1 0 1 0 1 0 0 1 0 0 0 0 0 1 0 0 0 0 0 1 0 0 0 0 0 0 0 0 1 0 0 1 1 0 0 0 0 1 0 10 0 0 0 1 0 0 0 0 1 0 0 0 0 1 10 0 1 0 0 0 1 0 0 0
0 0 1 0 0 1 0 1 0 0 0 1 0 0 0 1 1 0 0 1 0 0 1 0 0 1 0 1 1 0 0 0 1 0 0 0 0 0 0 10 0 0 0 0 0 0 0 0 0 0 0 1 0 1 0 0 1 0 1 0 0 0 0 1 10 0 0 0 1 0 1 1 1 0 0 0 1 0 0 1 1 1 0 1 1 0 0 0 0 0 0 0 0 0 0 0 0 1 0 1 1 0 0 0 0 1 0 1 0 0 10 1 0 0 0 1 0 0 1 1 0 0 0 0 0 0 0 1 0 0 0 1 1 0 0 0 1 1 0 0 0 10 1 1 1 0 1 0 0 0 10 0 0 0 1
1 0 0 1 0 1 0 1 0 0 0 1 1 0 0 10 1 0 0 1 0 0 0 0 1 1 0 1 1 1 1 1 0 0 1 1 1 0 0 1 1 0 0 10 1 0 1 1 0 0 0 1 1 1 0 0 10 0 10 0 0 1 0 0 1 0 0 1 1 0 1 0 10 0 0 0 0 0 0 1 10 1 0 1 0 0 1 1 0 1 0 0 1 1 0 1 0 0 1 1 1 0 0 0 1 1 0 1 0 0 1 1 0 0 1 1 0 1 1 1 0 0 1 1 0 0 0 0 1 1 1 1 1 0 0 0 1 1 0 10 0 1 0 0 1 1 0 1 1 1 1 0 0 1 1
1 1 0 1 1 1 0 1 1 1 10 0 0 1 10 1 0 1 1 0 1 0 0 1 0 0 1 1 0 0 0 0 0 0 1 1 1 1 1 0 0 1 0 1 0 0 0 1 0 1 10 0 10 0 10 1 0 1 0 0 0 1 1 1 0 0 1 0 1 1 0 1 1 0 1 1 0 1 10 0 0 0 0 0 1 1 1 0 1 0 0 1 0 0 1 0 1 0 0 1 0 0 0 1 10 0 0 1 10 10 0 1 0 0 0 0 1 0 1 1 0 1 0 1 1 0 1 1 0 0 0 0 0 1 1 1 0 0 0 1 1 1 0 1 0 0 0 0 1 0 0 0 1 1 0
10 1 0 1 1 0 0 1 1 10 1 0 1 1 0 10 0 1 1 0 0 1 0 1 1 1 0 0 1 0 1 0 1 1 0 1 10 0 0 0 1 1 0 1 0 1 0 10 0 1 1 1 10 1 0 0 1 0 1 0 0 1 0 1 0 0 0 1 0 0 0 0 1 1 10 1 0 0 0 0 1 1 0 0 0 0 10 1 0 0 0 1 1 1 1 1 1 0 1 0 0 0 1 1 10 1 0 10 1 1 0 1 0 0 0 0 1 1 1 1 0 0 1 1 1 0 1 0 10 0 1 0 0 0 1 1 0 1 1 10 0 1 1 0 1 10 0 1 0 0 0 1 1 0 1
1 1 0 0 1 1 0 0 0 0 1 0 1 0 1 1 0 0 0 0 1 0 0 0 1 1 1 1 0 0 1 0 1 1 1 0 1 0 0 0 1 0 0 1 0 0 0 0 0 0 0 0 1 0 1 0 1 0 1 0 0 10 1 0 0 0 1 1 1 1 0 1 0 0 0 0 0 0 1 0 1 1 0 0 0 0 10 1 1 0 0 0 0 1 0 1 0 0 1 1 0 0 0 0 1 0 0 0 0 1 0 0 0 0 0 0 1 0 0 0 0 1 1 0 0 0 1 0 1 0 1 0 0 1 0 0 0 0 0 1 1 0 0 1 1 1 0 1 0 0 0 0 0 1 0
10 0 0 1 0 0 1 0 10 1 10 0 1 1 0 10 0 1 10 0 0 0 1 1 10 1 0 0 0 0 1 0 1 1 10 1 0 0 1 1 1 1 0 1 0 1 0 1 0 10 1 1 10 0 0 0 1 0 1 0 0 1 0 1 1 1 0 1 0 0 0 0 1 0 1 0 0 0 0 1 1 1 0 0 0 1 1 1 0 0 0 1 0 1 1 1 1 0 1 0 1 0 0 10 10 0 0 1 1 0 0 1 0 0 0 1 0 1 0 1 1 0 1 1 10 1 0 0 1 0 1 0 1 0 1 1 0 0 0 10 0 1 0 0 1 1 0 1 0 0 0 0 0 0 1
0 0 0 0 0 0 0 1 0 0 0 0 1 0 1 0 1 0 1 0 0 0 0 0 1 1 1 0 0 0 0 0 0 1 0 0 0 0 1 0 1 0 0 1 0 1 0 0 1 0 1 0 1 0 1 1 0 1 0 1 0 1 0 0 0 0 0 0 0 0 0 0 0 0 1 1 1 10 1 0 0 0 1 0 1 1 0 1 0 0 0 0 0 0 0 0 0 1 0 1 0 1 0 0 1 0 0 0 1 1 0 0 1 0 0 0 0 0 1 0 0 0 0 0 0 0 0 1 0 1 0 0 1 0 0 0 0 1 0 0 0 0 0 1 1 0 0 0 10 1 0 0 1 0 0
0 0 1 0 0 1 1 1 1 0 1 0 0 0 10 0 0 1 1 0 1 0 1 0 1 0 0 0 0 0 1 0 0 1 0 0 1 1 0 1 0 1 1 1 0 1 1 0 0 1 10 1 1 0 1 1 0 1 0 1 0 0 0 0 1 1 0 0 0 0 0 0 0 0 0 1 0 10 1 1 0 0 1 0 1 10 0 0 1 0 1 1 0 0 0 0 0 0 0 0 1 0 0 1 1 0 0 0 1 1 1 0 0 0 0 1 0 1 1 1 1 0 0 1 1 1 0 1 0 0 1 0 1 0 1 0 0 0 0 0 0 0 0 0 0 1 0 0 1 0 0 1 1 0 1
0 0 1 0 0 1 1 1 1 0 1 1 0 0 0 1 1 0 1 1 0 0 10 0 1 1 0 1 1 0 0 10 1 0 0 0 1 0 1 0 0 0 0 0 0 1 0 0 0 1 0 10 0 1 0 0 1 0 1 0 0 0 0 1 100 1 0 0 1 0 1 1 1 0 0 0 1 0 0 10 1 1 0 1 1 1 0 0 0 0 0 0 0 0 0 0 0 1 0 1 10 0 0 1 0 1 0 1 0 0 10 1 0 0 0 10 0 1 1 1 1 0 0 0 1 1 0 1 0 0 0 1 10 0 0 0 1 1 0 0 0 10 1 1 1 0 1 0 0 0 10 0 0 0 10
1 1 1 1 0 0 0 0 0 1 0 1 10 1 0 1 1 0 1 0 0 0 0 1 10 10 1 0 0 0 1 0 1 0 1 1 1 1 0 0 0 0 1 1 1 1 1 0 1 0 0 0 1 0 1 0 1 0 1 1 1 10 0 0 0 1 1 1 0 0 0 0 0 1 1 0 1 1 0 0 1 1 1 0 0 1 1 10 0 0 1 0 0 1 0 10 0 1 1 1 1 1 1 0 1 0 0 0 0 0 0 0 1 0 0 1 1 0 0 0 1 0 1 0 1 0 0 0 1 10 1 1 1 1 0 0 0 1 1 1 0 0 1 1 10 1 0 1 1 1 0 0 1 0 0
1 0 1 1 0 1 0 0 1 1 1 0 0 1 1 1 0 10 1 0 1 0 0 1 0 0 0 0 0 0 1 0 0 1 1 0 1 0 1 0 0 0 1 0 0 0 1 1 0 1 10 0 1 0 0 0 0 0 0 1 0 0 0 1 0 0 0 0 0 0 0 0 1 0 1 0 0 1 0 0 0 0 1 0 0 0 0 0 1 0 1 10 0 0 1 0 1 0 0 0 0 0 0 1 1 0 0 1 1 0 1 1 0 0 0 0 0 0 0 10 0 0 0 10 1 0 0 0 0 0 1 0 0 0 10 1 0 0 0 1 0 1 0 0 0 1 0 0 0 0 0 1 0 0 0
0 1 10 1 0 1 0 0 0 1 0 1 0 1 1 0 0 1 0 0 1 0 0 1 0 0 0 0 0 0 1 0 0 0 0 0 0 0 1 0 1 1 0 0 1 0 10 0 0 0 1 0 0 0 1 0 0 0 0 1 1 0 0 0 0 1 1 0 0 0 0 0 0 1 0 0 0 1 0 0 0 0 1 0 0 1 0 0 1 0 10 1 0 0 0 1 0 0 0 0 1 0 1 0 0 0 0 0 0 0 1 0 0 0 0 1 1 0 0 1 1 0 0 1 1 0 0 0 0 1 1 1 0 1 1 0 0 0 1 0 0 0 1 0 0 1 0 0 0 0 0 1 1 0 0
1 0 0 1 0 0 0 1 0 0 0 0 1 0 1 1 0 0 0 0 0 0 0 0 1 1 0 0 0 1 1 0 10 1 1 1 1 1 1 0 1 0 0 0 1 0 1 1 0 0 1 0 10 1 1 1 1 1 1 0 0 1 0 0 0 0 0 1 0 0 0 0 1 0 0 1 0 1 1 1 1 1 0 0 1 1 1 1 0 1 0 0 1 1 0 1 0 0 1 0 0 0 0 0 10 0 0 0 1 1 0 0 0 0 1 0 0 1 1 0 0 0 1 1 0 0 0 1 1 1 1 0 0 0 0 0 0 0 0 10 0 0 0 0 1 1 0 1 10 1 0 0 1 1 0
0 1 1 10 0 0 0 0 0 1 0 1 0 1 0 0 0 0 0 0 0 0 0 1 0 0 0 0 0 1 0 0 1 0 0 0 0 0 0 0 1 0 1 1 0 0 10 1 0 0 0 0 0 1 1 0 0 0 0 0 1 0 0 0 0 1 1 0 0 0 0 0 1 1 0 0 0 0 0 1 0 0 0 0 0 1 0 0 0 1 1 0 1 0 0 1 0 0 0 0 1 0 1 0 0 0 0 0 0 0 0 0 0 0 1 1 1 1 0 0 1 0 0 1 1 0 0 0 0 10 0 1 0 1 0 0 0 0 1 1 0 0 1 0 0 0 0 0 1 1 0 0 1 1 0
0 1 0 0 1 0 1 1 1 1 1 0 1 0 0 0 1 0 10 0 0 1 1 0 10 1 1 0 1 0 0 0 0 0 1 0 1 1 1 1 1 0 0 0 0 0 0 1 1 1 0 10 0 1 0 0 0 0 0 1 0 1 0 0 1 1 0 0 0 0 0 0 0 1 10 1 1 1 0 1 0 0 1 0 0 1 1 1 0 0 0 0 1 0 0 0 0 1 0 1 1 1 1 1 0 1 0 1 0 1 0 0 1 0 0 1 1 10 1 0 1 0 0 0 1 1 1 0 1 1 0 0 10 0 0 0 0 10 1 0 0 0 1 1 1 1 0 0 1 1 0 1 1 0 10
0 1 10 10 0 1 0 0 0 1 0 1 0 1 1 0 0 1 0 0 1 0 0 1 0 0 0 0 0 1 1 0 1 0 0 0 0 0 1 0 1 1 10 1 10 0 0 1 0 0 1 0 0 1 1 0 0 0 0 1 1 0 0 0 0 1 1 0 0 0 0 0 1 1 0 0 0 1 0 1 0 0 1 0 0 1 0 0 1 1 10 1 1 0 0 1 0 0 0 0 1 0 1 0 0 0 0 0 0 0 1 0 0 0 1 1 1 1 0 1 1 0 0 10 1 0 0 0 0 10 1 1 0 1 1 0 0 0 1 1 0 0 1 0 0 1 0 0 1 1 0 1 1 1 0
1 1 0 10 1 0 0 1 1 10 1 0 0 1 0 1 0 1 1 0 0 1 0 1 0 0 0 0 1 1 0 0 1 1 10 0 1 0 0 0 0 1 0 1 1 1 1 0 0 1 1 1 1 10 0 0 0 0 0 0 0 0 0 1 0 0 0 0 0 0 0 0 10 1 10 1 0 0 0 1 0 0 0 0 0 0 1 0 0 1 0 1 10 0 1 0 1 0 0 0 0 0 1 1 1 1 0 10 1 1 0 1 0 0 1 0 1 10 1 1 0 0 0 10 1 0 1 0 1 1 0 0 0 0 1 1 0 1 1 10 0 1 1 0 0 1 0 0 1 1 0 1 1 1 1
0 0 0 0 0 0 0 0 0 0 0 0 1 0 0 0 1 0 1 0 0 0 0 0 1 1 1 0 0 0 0 0 0 0 0 0 0 1 0 0 1 0 0 0 0 1 0 0 0 0 0 0 0 0 0 0 0 0 0 1 0 1 0 0 0 0 0 0 0 0 0 0 0 0 1 0 1 1 0 0 0 0 1 0 0 0 0 1 0 0 0 0 0 0 0 0 0 1 0 1 0 1 0 0 0 0 0 0 0 0 0 0 1 0 0 0 0 0 0 0 0 0 0 0 0 0 0 0 0 1 0 0 1 0 0 0 0 1 0 0 0 0 0 1 1 0 0 0 1 1 0 0 0 0 0
1 0 0 1 0 0 1 0 10 1 10 0 0 1 0 1 0 1 10 0 0 0 1 1 1 0 0 0 0 0 0 0 0 1 1 0 10 0 1 1 0 1 0 0 0 1 0 1 0 0 1 1 1 0 0 0 0 0 0 0 0 0 0 1 1 1 0 0 0 0 0 0 1 0 1 0 0 0 0 1 0 0 0 0 0 1 0 0 0 0 0 1 0 0 1 0 1 0 0 0 1 0 0 10 1 0 0 1 1 0 0 1 0 0 0 1 0 1 0 1 1 0 0 1 10 1 0 0 0 0 0 0 1 0 1 1 0 0 0 1 0 1 0 0 0 0 0 0 0 0 0 0 0 0 1
1 0 1 1 0 1 0 1 1 1 1 0 0 1 10 1 0 10 1 0 1 0 0 1 0 0 0 0 0 0 1 0 0 10 1 0 1 1 10 0 0 10 1 1 0 0 1 1 0 1 0 0 10 0 1 1 0 1 0 1 0 0 0 1 0 0 0 0 0 0 0 0 1 0 1 1 0 10 1 0 0 0 1 0 1 1 0 0 1 0 1 10 0 0 1 0 1 0 0 0 0 0 0 1 10 0 0 1 10 1 1 1 0 0 0 0 0 0 1 10 0 0 0 10 1 0 0 1 0 0 1 0 0 0 10 1 0 0 0 1 0 1 0 0 0 1 0 0 1 0 0 1 1 0 0
0 1 0 0 1 1 1 10 1 1 1 1 0 0 0 1 1 0 1 1 0 1 1 0 1 0 0 1 10 0 0 1 1 0 1 0 1 0 1 10 0 0 0 0 0 10 0 1 0 1 0 0 0 1 0 0 1 0 1 0 0 0 0 0 10 1 0 0 1 0 1 0 1 1 1 1 0 0 0 1 1 0 0 1 0 1 1 0 0 0 0 0 1 0 0 0 0 0 0 1 10 0 1 1 0 10 0 10 0 1 1 1 0 0 0 10 1 10 10 1 1 0 0 0 1 1 1 0 1 0 0 1 10 0 0 0 1 10 1 0 0 1 1 0 0 1 0 0 0 0 1 1 1 0 100
10 0 0 1 0 0 0 1 1 1 1 0 1 1 1 10 0 1 1 0 0 0 0 1 1 1 0 0 0 0 1 0 1 10 10 1 10 1 1 0 1 1 0 10 0 0 0 1 0 1 10 0 0 0 1 1 1 1 1 0 0 1 0 1 0 0 0 1 0 0 0 0 1 0 1 1 0 1 1 0 1 1 0 0 1 1 1 1 0 0 0 1 0 1 1 1 1 0 1 0 0 0 0 1 100 0 0 1 10 1 0 1 0 0 0 0 0 0 1 1 0 0 1 1 1 0 0 1 1 0 1 0 0 0 1 1 0 0 0 10 0 1 0 0 1 1 0 1 1 0 0 0 1 0 0
0 1 1 1 1 0 0 1 0 1 0 0 0 0 0 0 0 0 0 0 0 1 1 0 0 1 0 0 1 1 0 1 1 0 1 0 0 0 0 1 0 0 0 1 1 1 1 10 0 0 0 1 0 0 0 0 0 0 0 0 0 0 0 1 1 0 0 0 0 0 0 1 1 1 1 1 1 0 0 10 0 1 0 0 1 0 1 0 0 1 0 0 10 0 0 0 0 1 0 0 0 0 1 0 0 1 0 1 0 1 1 0 0 0 1 0 1 10 1 0 0 0 0 1 0 0 1 1 1 1 0 0 0 0 0 0 0 1 1 1 0 1 10 1 1 1 1 0 1 1 1 1 1 1 1
0 10 1 1 1 1 0 1 0 1 1 1 0 1 10 0 0 0 0 0 1 0 0 1 0 0 1 1 0 0 0 0 0 10 0 1 0 1 1 0 1 0 1 1 1 0 1 0 0 0 1 0 1 0 0 1 0 1 0 0 1 1 1 0 0 1 10 0 1 1 0 1 0 1 0 1 0 1 10 0 0 0 0 0 1 10 1 0 1 0 1 0 0 0 0 1 0 0 0 1 1 0 1 0 1 0 0 0 1 10 0 0 0 0 0 1 10 0 1 0 1 1 0 0 1 0 1 1 0 1 0 1 0 10 0 0 0 0 1 0 1 0 1 1 0 0 0 0 1 0 0 0 10 1 0
0 0 0 0 0 0 0 1 0 0 0 0 0 0 1 0 0 0 0 0 0 0 0 0 0 0 0 0 0 0 0 0 0 1 0 0 0 1 1 0 0 0 0 1 0 0 0 0 0 0 1 0 1 0 1 0 0 1 0 0 0 0 0 0 0 0 0 0 0 0 0 0 0 0 0 1 0 1 1 0 0 0 0 0 1 1 0 0 0 0 0 0 0 0 0 0 0 0 0 0 0 0 0 0 1 0 0 0 1 1 0 0 0 0 0 0 0 0 1 0 0 0 0 0 0 0 0 1 0 0 0 0 0 0 0 0 0 0 0 0 0 0 0 0 0 0 0 0 1 0 0 0 1 0 0
1 0 0 0 0 1 0 1 0 0 0 1 1 0 0 10 1 0 0 1 0 0 0 0 1 1 0 1 1 0 1 1 10 0 1 1 1 0 0 1 1 0 0 1 0 0 0 0 0 0 0 1 1 0 0 0 0 0 10 0 0 1 0 0 1 0 0 1 1 0 1 0 1 0 0 0 0 0 0 0 10 1 0 1 0 0 1 1 0 0 0 0 0 1 0 1 0 0 1 1 1 0 0 0 1 1 0 1 0 0 1 1 0 0 0 1 0 0 1 1 0 0 1 0 0 0 0 0 1 0 1 1 1 0 0 0 1 1 0 1 0 1 0 0 1 1 0 1 0 0 1 0 0 0 1
0 0 0 0 0 0 0 1 0 0 0 0 0 0 1 0 0 0 0 0 0 0 0 0 0 0 0 0 0 0 0 0 0 1 0 0 0 1 1 0 0 0 0 1 0 0 0 0 0 0 1 0 1 0 1 1 0 0 0 0 0 0 0 0 0 0 0 0 0 0 0 0 0 0 0 1 0 1 1 0 0 0 0 0 1 1 0 0 0 0 0 0 0 0 0 0 0 0 0 0 0 0 0 0 1 0 0 0 1 1 0 0 0 0 0 0 0 0 1 0 0 0 0 0 0 0 0 1 0 0 0 0 0 0 0 0 0 0 0 0 0 0 0 0 0 0 0 0 1 0 0 0 1 0 0
1 0 0 0 0 1 0 1 0 0 0 1 1 0 0 10 1 0 0 1 0 0 0 0 1 1 0 1 1 0 1 1 10 0 1 1 1 0 0 1 1 0 0 1 0 0 0 0 0 0 0 1 1 0 0 0 10 0 0 0 0 1 0 0 1 0 0 1 1 0 1 0 1 0 0 0 0 0 0 0 10 1 0 1 0 0 1 1 0 0 0 0 0 1 0 1 0 0 1 1 1 0 0 0 1 1 0 1 0 0 1 1 0 0 0 1 0 0 1 1 0 0 1 0 0 0 0 0 1 0 1 1 1 0 0 0 1 1 0 1 0 1 0 0 1 1 0 1 0 0 1 0 0 0 1
0 0 1 0 1 1 0 0 1 0 0 1 1 1 1 0 1 1 1 1 1 0 0 1 1 1 1 0 1 1 1 0 0 0 0 0 0 1 1 0 1 1 1 0 0 1 1 0 1 0 1 0 0 0 0 0 0 0 0 0 1 1 1 0 0 0 1 1 0 1 0 0 0 0 1 0 1 10 0 0 0 1 100 0 0 0 0 1 1 1 1 1 0 0 0 0 1 1 0 1 0 1 0 0 0 0 1 0 0 0 1 1 1 1 1 0 0 0 0 1 0 0 0 1 0 0 0 0 0 1 1 0 1 1 1 0 0 1 0 0 0 0 0 1 1 1 0 1 1 1 0 1 0 1 0
0 1 1 1 1 0 0 0 1 1 0 10 0 10 0 0 0 0 0 1 0 0 0 10 0 0 0 0 1 1 0 0 0 0 0 0 0 0 0 0 1 0 1 0 1 0 1 0 0 0 0 0 0 0 1 0 0 0 0 1 0 0 1 0 0 1 10 1 0 1 0 0 0 1 0 0 0 0 0 0 0 1 1 0 0 1 0 0 0 1 1 0 0 0 0 1 1 0 0 0 1 0 1 0 0 0 1 0 0 0 0 1 0 1 1 1 1 0 0 0 1 0 0 0 1 0 0 0 0 1 0 1 0 10 0 0 0 0 1 0 0 0 1 0 0 0 0 1 0 0 0 0 1 1 0
1 1 0 0 1 1 0 0 0 0 1 0 10 0 1 1 1 0 1 0 1 0 0 0 10 10 10 1 0 0 1 0 1 1 1 10 1 1 0 0 10 0 0 1 0 1 0 0 1 0 0 0 1 0 1 0 1 0 1 1 0 0 1 0 0 0 1 1 1 1 0 1 0 0 1 0 1 1 1 0 1 1 1 0 0 0 10 10 1 0 0 0 0 1 0 1 0 1 1 10 0 1 0 0 1 0 0 0 0 1 0 0 1 0 0 0 1 0 0 0 0 1 1 0 0 0 1 0 1 1 1 0 1 1 0 0 0 1 0 1 1 0 0 10 10 1 0 1 1 1 0 0 0 1 0
0 1 0 0 10 1 0 0 1 0 1 1 0 1 1 0 0 0 0 1 1 0 0 1 0 0 1 1 1 1 0 0 0 1 0 1 0 0 0 0 0 0 0 0 0 0 0 0 0 0 0 0 0 0 1 0 0 0 0 1 1 1 0 0 0 0 10 1 1 10 0 1 0 0 0 0 0 0 1 0 0 1 1 0 0 0 1 0 1 1 0 0 0 0 0 0 1 0 0 1 0 0 0 0 0 0 1 0 0 1 0 1 0 1 1 0 1 0 0 0 0 1 0 0 0 0 1 0 0 0 0 0 0 10 0 0 0 0 0 0 1 0 0 1 0 0 0 1 0 0 0 0 0 10 0
1 0 1 1 0 0 0 0 1 1 1 0 0 1 0 1 0 1 1 0 0 0 1 1 0 1 0 0 0 0 0 1 0 1 1 0 1 0 0 1 0 1 0 0 0 0 0 1 0 1 1 0 1 1 0 0 0 0 0 0 0 0 0 0 1 0 0 0 0 0 0 1 1 0 1 0 1 0 0 1 0 1 0 0 1 0 0 0 0 0 0 1 0 0 1 0 1 1 0 0 0 0 0 1 1 0 0 1 1 0 1 1 0 0 0 0 0 0 0 1 0 0 0 1 1 0 0 1 0 0 0 0 0 0 1 1 0 0 0 1 0 10 1 1 1 0 1 0 0 0 1 0 0 0 0
0 0 1 0 0 1 1 1 1 0 1 1 0 0 0 1 1 0 1 1 0 0 10 0 1 1 0 1 1 0 0 10 1 0 0 0 1 0 1 100 0 0 0 0 0 1 0 0 0 1 0 10 0 1 0 0 1 0 1 0 0 0 0 1 0 1 0 0 1 0 1 1 1 0 0 0 1 0 0 10 1 1 0 1 1 1 0 0 0 0 0 0 0 0 0 0 0 1 0 1 10 0 0 1 0 1 0 1 0 0 10 1 0 0 0 10 0 1 1 1 1 0 0 0 1 1 0 1 0 0 0 1 10 0 0 0 1 1 0 0 0 10 1 1 1 0 1 0 0 0 10 0 0 0 10
0 1 1 1 0 0 1 0 1 1 1 1 0 1 0 0 0 0 1 0 0 0 1 1 1 0 1 0 0 1 0 0 0 0 0 0 1 0 1 1 1 0 1 0 1 1 1 0 0 1 0 1 0 0 1 0 0 0 0 0 1 0 0 0 1 0 1 0 1 0 1 1 0 10 0 1 0 0 1 1 1 0 0 1 1 10 0 0 1 0 10 1 0 0 0 1 0 0 1 0 10 0 1 1 0 0 1 0 1 0 0 0 1 0 1 10 1 1 0 0 10 0 1 0 10 1 0 0 0 1 0 10 1 1 0 1 0 0 10 0 0 0 1 0 0 0 0 0 0 1 0 0 1 0 1
0 10 1 1 10 1 0 0 1 1 1 10 0 10 1 0 0 0 0 1 1 0 0 10 0 0 1 1 1 1 0 0 0 1 0 1 0 0 0 0 1 0 1 0 1 0 1 0 0 0 0 0 0 0 10 0 0 0 0 1 10 1 10 0 0 1 0 1 1 10 0 1 0 1 0 0 0 0 1 0 0 1 1 0 0 1 1 0 1 1 1 0 0 0 0 1 1 0 0 1 1 0 1 0 0 0 1 0 0 1 0 1 0 1 1 1 10 0 0 0 1 1 0 0 1 0 1 0 0 1 0 1 0 100 0 0 0 0 1 0 1 0 1 1 0 0 0 1 0 0 0 0 1 10 0
1 0 0 0 1 0 0 0 1 0 0 1 1 1 0 1 0 0 0 1 0 0 0 1 1 1 0 0 1 1 1 0 1 0 1 1 1 0 0 0 1 0 0 1 0 0 0 0 0 0 0 0 1 0 0 0 1 0 1 1 1 1 1 0 0 0 1 0 0 1 0 0 0 0 0 0 0 0 0 0 1 10 1 0 0 0 1 1 0 1 0 0 0 1 0 1 1 0 1 0 0 0 0 0 1 0 1 0 0 0 0 1 0 1 1 0 0 0 0 0 0 0 1 0 0 0 0 0 1 0 1 0 0 1 0 0 0 0 0 1 0 0 0 0 1 1 0 10 0 0 0 0 0 1 0
0 1 0 0 1 10 0 1 0 0 1 1 0 0 1 1 1 0 0 1 1 0 0 0 0 0 10 10 1 1 0 1 1 1 0 1 0 0 0 1 0 0 0 0 0 0 0 0 0 0 0 1 0 0 1 0 1 0 1 0 0 1 1 0 1 1 1 0 0 1 10 10 1 1 0 1 0 0 10 0 10 0 0 10 1 0 1 0 10 0 1 1 0 0 0 0 0 0 1 10 1 0 0 0 0 1 1 1 1 1 1 1 1 0 1 1 1 0 1 1 0 1 1 0 0 0 1 0 0 0 0 10 1 1 0 1 1 1 1 0 1 1 0 1 0 0 0 0 0 1 1 0 0 1 1
0 1 0 0 10 1 0 0 1 0 1 1 0 1 1 0 0 0 0 1 1 0 0 1 0 0 1 1 1 1 0 0 0 1 0 1 0 0 0 0 0 0 0 0 0 0 0 0 0 0 0 0 0 0 1 0 0 0 0 1 1 1 10 0 0 0 10 1 1 0 0 1 0 0 0 0 0 0 1 0 0 1 1 0 0 0 1 0 1 1 0 0 0 0 0 0 1 0 0 1 0 0 0 0 0 0 1 0 0 1 0 1 0 1 1 0 1 0 0 0 0 1 0 0 0 0 1 0 0 0 0 0 0 10 0 0 0 0 0 0 1 0 0 1 0 0 0 1 0 0 0 0 0 10 0
0 0 0 0 0 1 0 1 0 0 0 1 0 0 0 1 1 0 0 1 0 0 0 0 0 0 1 1 1 1 0 1 1 0 0 0 0 0 0 1 0 0 0 0 0 0 0 0 0 0 0 1 0 0 0 0 1 0 1 0 0 0 0 0 1 1 0 0 10 0 0 1 1 1 0 1 0 0 1 0 10 0 0 10 1 0 0 0 1 0 1 1 0 0 0 0 0 0 1 1 1 0 0 0 0 1 1 1 1 0 1 1 1 0 1 1 0 0 1 1 0 0 1 0 0 0 0 0 0 0 0 10 1 0 0 1 1 1 1 0 0 1 0 0 0 0 0 0 0 1 1 0 0 0 1
0 1 1 0 1 1 0 0 0 0 1 0 0 0 1 0 0 0 0 0 1 0 1 0 0 1 10 1 0 1 0 1 0 1 0 1 0 0 0 1 0 0 0 0 0 0 0 0 0 0 0 0 0 1 1 0 0 0 0 0 0 1 1 1 1 1 1 0 10 1 1 0 0 1 0 1 1 0 10 1 1 1 0 1 10 0 1 0 10 0 1 1 0 0 0 0 0 1 1 1 0 0 0 0 0 0 1 0 1 1 1 0 1 0 1 0 1 0 0 0 0 1 1 0 0 0 1 1 0 0 0 1 0 1 0 1 0 0 1 0 1 1 1 10 1 0 1 0 0 1 1 0 0 1 0
1 0 0 10 0 1 0 1 1 1 1 1 0 1 0 10 1 1 1 1 0 0 0 1 0 0 0 1 1 1 0 1 10 1 1 0 1 0 0 1 0 1 0 1 1 0 1 10 0 1 1 1 1 1 0 0 1 0 1 0 0 0 0 1 1 0 0 0 1 0 1 0 0 0 1 0 0 0 0 1 1 0 0 1 0 0 0 0 0 1 0 1 1 0 1 0 1 0 0 1 1 0 0 1 1 1 0 10 1 0 1 10 0 0 1 1 0 1 1 10 0 0 0 10 1 0 0 0 0 1 0 1 1 0 1 1 1 1 0 10 0 10 0 0 0 0 0 0 1 1 1 0 0 1 1
0 10 1 1 1 0 0 1 0 10 0 1 0 1 0 0 0 0 0 0 0 1 0 1 0 0 1 0 1 1 0 0 0 0 1 0 0 0 0 0 1 0 1 0 1 1 1 1 0 0 0 1 0 1 1 0 0 0 0 0 1 0 0 0 0 10 1 0 1 0 1 1 0 0 1 10 0 0 1 0 1 0 0 1 1 1 1 0 1 0 10 1 1 0 0 1 0 0 1 0 1 0 10 0 0 1 1 1 1 1 0 0 1 0 1 1 10 1 1 0 1 0 1 0 1 0 1 0 1 1 0 10 0 1 0 1 0 1 100 0 0 0 10 0 0 1 0 0 0 1 0 1 10 0 1
1 1 0 1 1 0 0 1 1 10 1 0 1 1 0 1 1 1 10 0 0 1 0 1 1 1 1 0 1 0 0 0 0 1 10 0 1 1 0 0 1 1 0 0 0 10 0 10 1 1 1 1 1 1 0 0 0 0 0 1 0 1 0 1 0 0 0 0 0 0 0 0 1 1 0 1 1 1 0 0 0 0 1 0 0 0 1 1 0 0 0 1 1 0 1 0 1 1 0 1 0 1 1 1 1 1 0 10 1 1 0 1 1 0 0 0 1 1 1 1 0 0 0 1 1 0 1 0 1 1 0 0 1 0 1 1 0 10 1 1 0 1 1 1 1 1 0 0 1 1 0 1 1 0 1
0 1 0 0 1 0 0 10 0 1 0 0 0 0 1 0 0 0 0 0 0 1 0 0 0 0 1 0 1 1 0 0 0 1 1 0 0 1 1 0 0 0 0 1 0 1 0 1 0 0 1 1 1 1 1 1 0 1 0 0 0 0 0 0 0 1 0 0 1 0 1 1 0 10 1 0 0 1 10 0 1 0 0 1 10 1 1 0 1 0 1 1 1 0 0 0 0 0 1 0 0 0 1 0 1 1 1 1 10 10 0 0 1 0 1 0 1 1 10 0 0 0 1 0 0 0 1 1 1 0 0 1 0 0 0 1 0 1 10 0 0 0 1 0 0 1 0 0 1 1 0 1 10 0 1
0 0 1 0 0 0 0 0 0 0 0 0 1 0 0 0 1 0 1 0 0 0 1 0 1 10 1 0 0 0 0 1 0 0 0 0 0 1 0 1 1 0 0 0 0 1 0 0 1 0 0 0 0 1 0 0 0 0 0 1 0 1 0 1 1 0 0 0 0 0 0 1 0 0 1 0 0 1 0 1 0 1 1 0 1 0 0 1 0 0 0 0 0 0 0 0 0 10 0 1 0 1 0 0 0 0 0 0 0 0 1 0 1 0 0 0 0 0 0 0 0 0 0 0 0 0 0 1 0 1 0 0 1 0 0 0 0 1 0 0 0 1 1 10 10 0 1 0 1 1 1 0 0 0 0
0 0 1 0 0 1 0 1 0 0 0 0 1 0 10 0 1 1 1 0 1 0 0 0 1 1 1 0 0 0 1 0 0 1 0 0 0 10 10 0 1 1 1 1 0 1 1 0 1 0 10 0 1 0 1 1 0 1 0 10 0 1 0 0 0 0 0 0 0 0 0 0 0 0 1 1 1 0 1 0 0 0 10 0 1 1 0 1 1 0 1 1 0 0 0 0 0 1 0 1 0 1 0 0 1 0 0 0 1 1 1 0 1 0 0 0 0 0 1 1 0 0 0 1 0 0 0 1 0 1 1 0 1 0 1 0 0 1 0 0 0 0 0 1 1 1 0 0 10 1 0 1 1 0 0
0 1 0 0 1 1 0 1 0 0 1 0 0 0 10 0 0 0 0 0 1 0 0 0 0 0 10 1 0 1 0 0 0 10 0 1 0 1 1 0 0 0 0 1 0 0 0 0 0 0 1 0 1 0 10 1 0 1 0 0 0 1 1 0 0 1 1 0 10 1 1 10 0 1 0 10 0 1 0 0 1 0 0 1 10 1 1 0 10 0 1 1 0 0 0 0 0 0 1 1 0 0 0 0 1 0 1 0 10 10 0 0 1 0 1 0 1 0 1 0 0 1 1 0 0 0 1 1 0 0 0 1 0 1 0 1 0 0 1 0 1 0 0 1 0 0 0 0 1 1 0 0 1 1 0
0 0 1 1 0 0 1 0 1 0 1 0 0 0 0 0 0 0 1 0 0 0 10 0 1 1 0 0 0 1 0 1 1 0 0 0 1 0 1 10 0 0 0 1 1 1 1 1 0 1 0 1 0 10 0 0 0 0 0 0 0 0 0 1 10 1 0 0 0 0 0 1 1 0 0 0 1 0 0 0 0 1 0 0 1 1 0 0 0 1 0 0 1 0 0 0 0 1 0 0 1 0 0 1 0 0 0 0 0 0 1 0 0 0 1 1 0 10 0 0 1 0 0 1 1 1 0 1 0 1 0 0 1 0 0 0 0 0 0 1 0 1 1 1 1 0 1 0 1 1 1 0 0 1 1
1 0 0 0 0 1 0 1 0 0 0 1 1 0 0 10 1 0 0 1 0 0 0 0 1 1 1 1 1 1 1 1 10 0 1 1 1 0 0 1 1 0 0 1 0 0 0 0 0 0 0 1 1 0 0 0 10 0 10 0 0 1 0 0 1 1 0 1 10 0 10 1 1 1 0 1 0 0 1 0 0 1 0 10 1 0 1 1 1 0 1 1 0 1 0 1 0 0 10 1 1 0 0 0 1 1 1 1 1 0 1 1 1 0 1 1 0 0 1 1 0 0 10 0 0 0 0 0 1 0 1 10 1 0 0 1 1 1 1 1 0 1 0 0 1 1 0 1 0 1 1 0 0 0 1
1 0 1 0 1 0 0 0 1 0 0 1 1 1 0 1 0 0 0 1 0 0 1 1 1 10 0 0 1 1 1 1 1 0 1 1 1 0 0 1 1 0 0 1 0 0 0 0 0 0 0 0 1 1 0 0 1 0 1 1 1 1 1 1 1 0 1 10 0 1 0 1 0 0 0 0 1 0 0 1 1 0 1 0 1 0 1 1 0 1 0 0 0 1 0 1 1 1 1 0 0 0 0 0 1 0 1 0 0 0 1 1 0 1 1 0 0 0 0 0 0 0 1 0 0 0 0 1 1 0 1 0 0 1 0 0 0 0 0 1 0 1 1 1 10 1 1 10 0 0 1 0 0 1 0
0 0 1 0 1 1 0 0 1 0 0 1 1 1 1 0 1 1 1 1 1 0 0 1 1 1 1 0 1 1 1 0 0 0 0 0 0 1 1 0 1 1 1 0 0 1 1 0 1 0 1 0 0 0 0 0 0 0 0 100 1 1 1 0 0 0 1 1 0 1 0 0 0 0 1 0 1 10 0 0 0 1 0 0 0 0 0 1 1 1 1 1 0 0 0 0 1 1 0 1 0 1 0 0 0 0 1 0 0 0 1 1 1 1 1 0 0 0 0 1 0 0 0 1 0 0 0 0 0 1 1 0 1 1 1 0 0 1 0 0 0 0 0 1 1 1 0 1 1 1 0 1 0 1 0
0 0 0 0 0 1 0 1 0 0 0 1 0 0 0 1 1 0 0 1 0 0 0 0 0 0 1 1 1 1 0 1 1 0 0 0 0 0 0 1 0 0 0 0 0 0 0 0 0 0 0 1 0 0 0 0 1 0 1 0 0 0 0 0 1 1 0 0 10 0 10 1 1 1 0 1 0 0 1 0 10 0 0 0 1 0 0 0 1 0 1 1 0 0 0 0 0 0 1 1 1 0 0 0 0 1 1 1 1 0 1 1 1 0 1 1 0 0 1 1 0 0 1 0 0 0 0 0 0 0 0 10 1 0 0 1 1 1 1 0 0 1 0 0 0 0 0 0 0 1 1 0 0 0 1
0 0 1 0 0 0 0 1 0 0 0 0 0 0 1 0 0 0 0 0 0 0 1 0 0 1 1 0 0 1 0 1 0 1 0 0 0 1 1 1 0 0 0 1 0 0 0 0 0 0 1 0 1 1 1 1 0 1 0 0 0 0 0 1 1 1 0 0 1 0 1 10 0 1 0 10 1 1 10 1 1 1 0 1 0 1 0 0 1 0 1 1 0 0 0 0 0 1 1 0 0 0 0 0 1 0 1 0 10 1 1 0 1 0 1 0 0 0 1 0 0 0 1 0 0 0 0 10 0 0 0 1 0 0 0 1 0 0 1 0 0 1 1 1 1 0 1 0 1 1 1 0 1 0 0
0 1 1 1 0 0 1 1 1 1 1 1 0 1 1 0 0 0 1 0 0 0 1 1 1 0 0 0 0 0 0 0 0 1 0 0 1 1 10 1 1 0 1 1 1 1 1 0 0 1 1 1 1 0 10 1 0 1 0 0 1 0 0 0 1 10 1 0 0 0 0 0 0 1 0 1 0 1 1 1 0 0 0 0 1 0 0 0 0 0 1 0 0 0 0 1 0 0 0 0 10 0 1 1 1 0 0 0 1 1 0 0 0 0 0 10 1 1 1 0 10 0 0 0 10 1 0 1 0 1 0 1 1 1 0 0 0 0 1 0 0 0 1 0 0 0 0 0 1 0 0 0 10 0 1
1 10 0 0 10 1 0 1 0 1 1 0 1 0 1 1 0 0 0 0 1 1 0 0 1 1 1 1 1 0 1 0 1 1 10 10 1 0 0 0 1 0 0 1 0 1 0 1 0 0 0 1 1 1 1 0 1 0 1 0 0 10 1 0 0 0 1 1 1 1 0 1 0 1 1 1 0 0 1 0 1 1 0 0 0 0 0 1 1 0 0 0 1 1 0 1 0 0 1 1 0 0 1 0 1 1 0 1 0 10 0 0 0 0 0 0 10 1 1 0 0 1 1 0 0 0 10 0 10 0 1 0 0 1 0 0 0 1 1 1 1 0 1 1 1 10 0 1 0 0 0 1 1 1 1
1 0 0 0 0 0 0 0 0 0 0 0 10 0 0 1 1 0 1 0 0 0 0 0 10 10 1 0 0 0 1 0 1 0 1 1 1 1 0 0 10 0 0 1 0 1 0 0 1 0 0 0 1 0 0 0 1 0 1 1 0 10 0 0 0 0 0 1 0 0 0 0 0 0 1 0 1 1 0 0 1 1 1 0 0 0 1 0 0 0 0 0 0 1 0 1 0 1 1 1 0 1 0 0 1 0 0 0 0 0 0 0 1 0 0 0 0 0 0 0 0 0 1 0 0 0 0 0 1 1 1 0 1 0 0 0 0 1 0 1 0 0 0 1 10 1 0 1 1 1 0 0 0 0 0
0 1 1 0 1 10 0 0 0 0 1 0 0 0 10 0 0 1 0 0 10 0 0 0 0 0 10 1 0 1 1 0 0 1 0 1 0 0 1 0 0 1 1 0 0 0 1 0 0 0 1 0 0 0 1 0 0 0 0 1 0 1 1 0 0 1 1 0 10 1 1 10 0 1 0 1 0 1 10 0 1 0 1 1 1 0 1 0 0 0 10 10 0 0 0 0 0 0 1 1 0 0 0 0 0 0 1 0 1 1 1 0 1 0 1 0 1 0 0 1 0 1 1 1 0 0 1 0 0 0 1 1 0 1 1 1 0 0 1 0 1 0 0 1 0 1 0 0 0 1 0 1 0 1 0
0 0 0 1 1 0 0 0 1 0 0 1 0 1 0 0 0 0 0 1 0 0 0 1 0 0 0 0 1 10 0 0 1 0 0 0 0 0 0 0 0 0 0 1 1 0 1 1 0 0 0 0 0 1 0 0 0 0 0 1 1 0 1 0 0 0 1 1 0 1 0 0 1 0 0 0 0 0 0 1 0 1 1 0 0 0 0 0 0 0 0 0 1 0 0 0 1 0 0 0 0 0 0 0 0 0 1 0 0 0 0 1 0 1 10 0 0 1 0 0 0 0 0 1 0 0 0 0 0 1 0 0 0 1 0 0 0 0 0 1 0 0 0 0 0 0 0 1 1 1 0 0 0 10 0
0 1 10 1 0 1 0 0 0 1 0 1 0 1 1 0 0 1 0 0 1 0 0 1 0 0 1 0 0 1 1 0 0 0 0 0 0 0 1 0 1 1 10 0 1 0 10 0 0 0 1 0 0 0 1 0 0 0 0 1 1 0 0 0 0 10 1 0 1 0 1 1 0 10 0 1 0 1 1 0 1 0 1 1 1 1 0 0 10 0 0 10 0 0 0 1 0 0 1 0 1 0 1 0 0 0 1 0 1 0 1 0 1 0 1 1 1 0 0 1 1 0 1 1 1 0 0 0 0 1 1 10 0 1 1 1 0 0 10 0 0 0 1 0 0 1 0 0 0 1 0 1 1 0 0
1 0 1 1 0 1 0 0 1 1 1 0 0 1 1 1 0 10 1 0 1 0 0 1 0 0 1 0 0 1 1 0 0 1 1 0 1 0 1 0 0 10 1 0 0 0 1 1 0 1 10 0 1 0 0 0 0 0 0 1 0 0 0 1 0 1 0 0 1 0 1 1 1 1 1 1 0 1 1 0 1 0 1 1 1 0 0 0 10 0 10 0 0 0 1 0 1 0 1 0 0 0 0 1 1 0 1 1 10 0 1 1 1 0 1 0 0 0 0 10 0 0 1 10 1 0 0 0 0 0 1 1 0 0 10 10 0 0 1 1 0 1 0 0 0 1 0 0 0 1 0 1 0 0 0
0 1 0 1 1 0 0 1 0 1 0 0 0 0 0 0 0 0 0 0 0 1 0 0 0 0 0 0 1 1 0 0 1 0 1 0 0 0 0 0 0 0 0 1 1 1 1 10 0 0 0 1 0 10 0 0 0 0 0 0 0 0 0 0 0 0 0 0 0 0 0 0 1 1 1 1 0 0 0 1 0 0 0 0 0 0 1 0 0 1 0 0 0 0 0 0 0 0 0 0 0 0 1 0 0 1 0 1 0 1 0 0 0 0 1 0 1 10 1 0 0 0 0 1 0 0 1 0 1 1 0 0 0 0 0 0 0 1 1 1 0 0 1 0 0 1 0 0 1 1 0 1 1 1 1
1 0 0 0 0 0 0 0 0 0 0 0 1 0 0 1 0 0 0 0 0 0 0 0 1 1 0 0 0 0 1 0 1 0 1 1 1 0 0 0 1 0 0 1 0 0 0 0 0 0 0 0 1 0 0 0 1 0 1 0 0 1 0 0 0 0 0 1 0 0 0 0 0 0 0 0 0 0 0 0 1 1 0 0 0 0 1 1 0 0 0 0 0 0 0 1 0 0 1 0 0 0 0 0 1 0 0 0 0 0 0 0 0 0 0 0 0 0 0 0 0 0 1 0 0 0 0 0 1 0 1 0 0 0 0 0 0 0 0 1 0 0 0 0 1 1 0 1 0 0 0 0 0 0 0
1 0 0 1 0 0 0 0 1 1 1 0 0 1 0 1 0 1 1 0 0 0 0 1 0 0 0 0 0 0 0 0 0 1 1 0 1 0 0 0 0 1 0 0 0 0 0 1 0 1 1 0 1 0 0 0 0 0 0 0 0 0 0 1 0 0 0 0 0 0 0 0 1 0 1 0 0 0 0 0 0 0 0 0 0 0 0 0 0 0 0 1 0 0 0 0 1 0 0 0 0 0 0 1 1 0 0 1 1 0 0 1 0 0 0 0 0 0 0 1 0 0 0 1 1 0 0 0 0 0 0 0 0 0 1 1 0 0 0 1 0 1 0 0 0 0 0 0 0 0 0 0 0 0 0
1 1 1 1 0 0 0 0 0 1 0 1 1 1 0 1 0 0 0 0 0 0 0 1 1 1 0 0 0 0 1 0 1 0 1 1 1 0 0 0 10 0 1 1 1 0 1 0 0 0 0 0 1 0 1 0 1 0 1 0 1 1 0 0 0 1 1 1 0 0 0 0 0 1 0 0 0 0 0 0 1 1 0 0 0 1 1 1 0 0 1 0 0 1 0 0 0 0 1 0 1 0 1 0 1 0 0 0 0 0 0 0 0 0 0 1 1 0 0 0 1 0 1 0 1 0 0 0 1 1 1 1 0 1 0 0 0 0 1 1 0 0 1 0 1 1 0 1 0 0 0 0 1 0 0
1 0 0 1 1 0 0 0 10 1 1 1 0 10 0 1 0 1 1 1 0 0 0 10 0 0 0 0 1 1 0 0 0 1 1 0 1 0 0 0 0 1 0 0 0 0 0 1 0 1 1 0 1 0 0 0 0 0 0 1 1 0 1 1 0 0 1 1 0 1 0 0 1 0 1 0 0 0 0 0 0 1 1 0 0 0 0 0 0 1 0 1 0 0 1 0 0 0 0 0 0 0 0 1 1 0 1 1 1 0 0 10 0 1 1 0 0 0 0 1 0 0 0 1 1 0 0 0 0 0 0 0 0 1 1 1 0 0 0 1 0 1 0 0 0 0 0 1 0 0 0 0 0 1 0
0 0 1 0 0 0 0 0 0 0 0 0 1 0 0 0 1 0 1 0 0 0 1 0 1 10 1 0 0 0 0 1 0 0 0 0 0 1 0 1 1 0 0 0 0 1 0 0 1 0 0 0 0 1 0 0 0 0 0 1 0 1 0 1 1 0 0 0 0 0 0 1 0 0 1 0 10 1 0 1 0 1 1 0 1 0 0 1 0 0 0 0 0 0 0 0 0 0 0 1 0 1 0 0 0 0 0 0 0 0 1 0 1 0 0 0 0 0 0 0 0 0 0 0 0 0 0 1 0 1 0 0 1 0 0 0 0 1 0 0 0 1 1 10 10 0 1 0 1 1 1 0 0 0 0
1 0 0 0 0 0 0 0 0 0 0 0 1 0 0 1 0 0 0 0 0 0 0 0 1 1 1 0 0 1 1 0 1 0 1 1 1 0 0 0 1 0 0 1 0 0 0 0 0 0 0 0 1 0 0 0 1 0 1 0 0 1 0 0 0 1 0 1 1 0 1 1 0 1 0 1 0 0 1 0 10 1 0 1 1 0 1 1 1 0 1 1 0 1 0 1 0 0 0 0 0 0 0 0 1 0 1 0 1 0 0 0 1 0 1 0 0 0 0 0 0 0 10 0 0 0 0 0 1 0 1 1 0 0 0 1 0 0 1 1 0 0 0 0 1 1 0 1 0 1 0 0 0 0 0
0 1 0 0 1 10 0 1 0 0 1 1 1 0 1 1 10 0 1 1 1 0 0 0 1 1 10 10 1 0 0 1 1 1 0 1 0 1 0 1 1 0 0 0 0 1 0 0 1 0 0 1 0 0 1 0 1 0 1 1 0 10 1 0 1 0 1 0 10 1 1 1 1 0 1 0 1 1 1 0 1 0 1 1 0 0 1 1 1 0 0 0 0 0 0 0 0 1 0 0 1 1 0 0 0 1 0 1 0 1 1 1 1 0 0 1 1 0 1 1 0 1 0 0 0 0 1 0 0 1 0 1 10 1 0 0 1 10 0 0 1 1 0 10 1 0 0 0 1 1 1 0 0 1 1
0 1 1 1 0 1 1 1 1 1 1 10 0 1 0 1 1 0 1 1 0 0 1 1 1 0 0 1 1 0 0 1 1 0 0 0 1 0 1 10 1 0 1 0 1 1 1 0 0 1 0 10 0 0 1 0 1 0 1 0 1 0 0 0 10 10 1 0 1 0 1 0 1 1 0 0 0 0 0 1 1 0 0 1 0 10 0 0 0 0 1 0 0 0 0 1 0 0 0 1 0 0 1 1 0 1 0 1 0 0 1 1 0 0 0 100 1 1 1 1 10 0 0 0 10 1 0 0 0 1 0 10 10 1 0 0 1 1 1 0 0 1 1 0 0 0 0 0 0 0 1 0 1 0 10
0 0 0 0 0 0 0 0 0 0 0 0 1 0 0 0 1 0 1 0 0 0 0 0 1 1 1 0 0 0 0 0 0 0 0 0 0 1 0 0 1 0 0 0 0 1 0 0 1 0 0 0 0 0 0 0 0 0 0 1 0 1 0 0 0 0 0 0 0 0 0 0 0 0 1 0 1 1 0 0 0 0 1 0 0 0 0 1 0 0 0 0 0 0 0 0 0 1 0 1 0 0 0 0 0 0 0 0 0 0 0 0 1 0 0 0 0 0 0 0 0 0 0 0 0 0 0 0 0 1 0 0 1 0 0 0 0 1 0 0 0 0 0 1 1 0 0 0 1 1 0 0 0 0 0
0 10 1 1 1 0 0 1 0 10 0 1 0 1 0 0 0 0 0 0 0 1 0 1 0 0 0 0 1 0 0 0 0 0 1 0 0 0 0 0 1 0 1 0 1 1 1 1 0 0 0 1 0 1 1 0 0 0 0 0 1 0 0 0 0 1 1 0 0 0 0 0 0 10 1 1 0 0 0 0 0 0 0 0 0 1 1 0 0 0 1 0 1 0 0 1 0 0 0 0 1 0 0 0 0 1 0 1 0 1 0 0 0 0 0 1 10 1 1 0 1 0 0 0 1 0 1 0 1 1 0 1 0 1 0 0 0 1 10 0 0 0 10 0 0 1 0 0 0 0 0 1 10 0 1
1 0 0 1 0 0 1 0 10 1 10 0 0 1 0 1 0 1 10 0 0 0 1 1 1 0 0 0 0 0 0 0 0 1 1 0 10 0 1 1 0 1 0 0 0 1 0 1 0 10 1 1 1 0 0 0 0 0 0 0 0 0 0 1 1 1 0 0 0 0 0 0 1 0 1 0 0 0 0 1 0 0 0 0 0 1 0 0 0 0 0 1 0 0 1 0 1 0 0 0 1 0 0 0 1 0 0 1 1 0 0 1 0 0 0 1 0 1 0 1 1 0 0 1 10 1 0 0 0 0 0 0 1 0 1 1 0 0 0 1 0 1 0 0 0 0 0 0 0 0 0 0 0 0 1
10 0 0 1 0 0 0 1 1 1 1 0 1 1 1 10 0 1 1 0 0 0 0 1 1 1 0 0 0 0 1 0 1 10 10 1 10 1 1 0 1 1 0 10 0 0 0 1 0 1 10 0 100 0 1 1 1 1 1 0 0 1 0 1 0 0 0 1 0 0 0 0 1 0 1 1 0 1 1 0 1 1 0 0 1 1 1 1 0 0 0 1 0 1 1 1 1 0 1 0 0 0 0 1 0 0 0 1 10 1 0 1 0 0 0 0 0 0 1 1 0 0 1 1 1 0 0 1 1 0 1 0 0 0 1 1 0 0 0 10 0 1 0 0 1 1 0 1 1 0 0 0 1 0 0
0 1 0 0 1 1 0 10 0 1 0 1 0 0 0 1 1 0 0 1 0 1 0 0 0 0 0 1 10 0 0 1 1 0 1 0 0 0 0 1 0 0 0 0 0 1 0 1 0 0 0 10 0 1 0 0 1 0 1 0 0 0 0 0 1 0 0 0 1 0 1 0 1 1 1 1 0 0 0 0 1 0 0 1 0 0 1 0 0 0 0 0 1 0 0 0 0 0 0 1 1 0 1 0 0 0 0 10 0 1 1 1 0 0 0 1 1 1 10 1 0 0 0 0 0 0 1 0 1 0 0 1 1 0 0 0 1 10 1 0 0 1 1 0 0 1 0 0 0 0 1 1 1 0 10
0 0 0 0 1 0 0 0 1 0 0 1 0 1 0 0 0 0 0 1 0 0 0 1 0 0 1 0 1 10 0 0 0 0 0 0 0 0 0 0 0 0 0 0 0 0 0 0 0 0 0 0 0 0 0 0 0 0 0 1 1 0 1 0 0 1 1 1 1 1 1 1 0 1 0 1 0 0 1 0 1 1 1 1 1 0 0 0 1 1 1 1 0 0 0 0 1 0 1 0 0 0 0 0 0 0 0 0 1 0 0 1 1 1 10 0 0 0 0 0 0 0 1 0 0 0 0 0 0 0 0 1 0 1 0 1 0 0 1 0 0 0 0 0 0 0 0 1 0 1 0 0 0 1 0
1 1 0 1 1 1 0 10 1 10 1 1 0 1 0 10 1 1 1 1 0 1 0 1 0 0 0 1 10 0 0 1 1 1 10 0 1 0 0 1 0 1 0 0 0 1 0 10 0 1 1 10 1 1 0 0 1 0 1 0 0 0 0 1 1 0 0 0 1 0 1 0 10 1 10 1 0 0 0 0 1 0 0 1 0 0 1 0 0 0 0 1 1 0 1 0 1 0 0 1 1 0 1 1 1 10 0 0 1 1 1 10 0 0 0 1 1 1 10 10 0 0 0 1 1 0 1 0 1 0 0 1 1 0 1 1 1 10 1 1 0 10 1 0 0 1 0 0 0 0 1 1 1 0 10
1 0 0 1 0 0 0 1 1 1 1 0 0 1 1 1 0 1 1 0 0 0 0 1 0 0 1 0 0 1 0 0 0 10 1 0 1 1 1 0 0 1 0 1 0 0 0 1 0 1 10 0 10 0 1 1 0 1 0 0 0 0 0 1 0 1 0 0 1 0 1 1 1 1 1 10 0 1 10 0 1 0 0 1 10 1 0 0 1 0 1 10 0 0 1 0 1 0 1 0 0 0 0 1 10 0 1 1 0 1 0 1 1 0 1 0 0 0 1 1 0 0 1 1 1 0 0 1 0 0 0 1 0 0 1 10 0 0 1 1 0 1 0 0 0 0 0 0 1 1 0 0 1 0 0
0 10 0 0 10 1 0 10 0 1 1 0 0 0 10 0 0 0 0 0 1 1 0 0 0 0 1 1 1 0 0 0 0 10 1 1 0 1 1 0 0 0 0 1 0 1 0 1 0 0 1 1 1 1 10 1 0 1 0 0 0 1 1 0 0 0 1 0 1 1 0 1 0 1 1 10 0 1 10 0 0 0 0 0 1 1 10 0 1 0 0 0 1 0 0 0 0 0 0 1 0 0 1 0 1 1 0 1 1 0 0 0 0 0 0 0 10 1 10 0 0 1 0 0 0 0 10 1 1 0 0 0 0 1 0 0 0 1 1 0 1 0 1 1 0 1 0 0 1 0 0 1 10 1 1
0 0 10 0 0 10 0 1 0 0 0 1 0 0 1 1 1 1 0 1 1 0 1 0 0 1 0 1 1 0 1 10 1 0 0 0 0 0 1 10 0 1 1 0 0 0 1 0 0 0 1 1 0 1 0 0 1 0 1 1 0 0 0 1 10 0 0 0 1 0 1 1 1 0 0 0 1 1 0 1 1 1 1 1 1 0 0 0 1 0 1 1 0 0 0 0 0 1 0 1 1 0 0 0 0 1 0 1 0 0 0 1 0 0 0 1 0 0 1 10 0 0 0 1 0 0 0 1 0 0 1 1 1 0 1 0 1 1 0 0 0 10 1 1 1 1 1 0 0 0 10 1 0 0 1
1 0 0 1 1 1 0 1 10 1 1 10 0 10 0 10 1 1 1 10 0 0 0 10 0 0 0 1 10 1 0 1 1 1 1 0 1 0 0 1 0 1 0 0 0 0 0 1 0 1 1 1 1 0 0 0 1 0 1 1 1 0 1 1 1 0 1 1 1 1 1 0 10 0 1 0 0 0 0 0 1 1 1 1 0 0 0 0 0 1 0 1 0 0 1 0 10 0 0 1 1 0 0 1 1 1 1 10 1 0 1 0 0 1 1 1 0 0 1 10 0 0 0 1 1 0 0 0 0 0 0 1 1 1 1 1 1 1 0 1 0 10 0 0 0 0 0 1 0 0 1 0 0 1 1
0 0 0 0 0 0 0 0 0 0 0 0 1 0 0 0 1 0 1 0 0 0 0 0 1 1 10 0 0 1 0 0 0 0 0 0 0 1 0 0 1 0 0 0 0 1 0 0 1 0 0 0 0 0 0 0 0 0 0 1 0 1 0 0 0 1 0 0 1 0 1 1 0 1 1 1 1 1 1 0 1 0 1 1 1 0 0 1 1 0 1 1 0 0 0 0 0 1 1 1 0 1 0 0 0 0 1 0 1 0 0 0 0 0 1 0 0 0 0 0 0 0 1 0 0 0 0 0 0 1 0 1 1 0 0 1 0 1 1 0 0 0 0 1 1 0 0 0 1 10 0 0 0 0 0
0 0 0 0 1 0 0 0 1 0 0 1 0 1 0 0 0 0 0 1 0 0 0 1 0 0 0 0 1 1 0 0 0 0 0 0 0 0 0 0 0 0 0 0 0 0 0 0 0 0 0 0 0 0 0 0 0 0 0 1 1 0 1 0 0 0 1 1 0 1 0 0 0 0 0 0 0 0 0 0 0 1 1 0 0 0 0 0 0 1 0 0 0 0 0 0 1 0 0 0 0 0 0 0 0 0 1 0 0 0 0 1 0 0 1 0 0 0 0 0 0 0 0 0 0 0 0 0 0 0 0 0 0 1 0 0 0 0 0 0 0 0 0 0 0 0 0 1 0 0 0 0 0 1 0
0 0 0 1 1 0 0 0 1 0 0 1 0 1 0 0 0 0 0 1 0 0 0 1 0 0 1 0 1 100 0 0 1 0 0 0 0 0 0 0 0 0 0 1 1 0 1 1 0 0 0 0 0 1 0 0 0 0 0 1 1 0 1 0 0 1 1 1 1 1 1 1 1 1 0 1 0 0 1 1 1 1 1 1 1 0 0 0 1 10 1 1 1 0 0 0 1 0 1 0 0 0 0 0 0 0 10 0 1 0 0 1 1 1 0 0 0 1 0 0 0 0 1 1 0 0 0 0 0 1 0 1 0 1 0 1 0 0 1 1 0 0 0 0 0 0 0 1 1 10 0 0 0 10 0
0 1 1 1 0 1 1 1 1 1 1 10 0 1 0 1 1 0 1 1 0 0 1 1 1 0 0 1 1 0 0 1 1 0 0 0 1 0 1 10 1 0 1 0 1 1 1 0 0 1 0 10 0 0 1 0 1 0 1 0 1 0 0 0 10 10 1 0 1 0 1 0 1 1 0 0 0 0 0 1 1 0 0 1 0 10 0 0 0 0 1 0 0 0 0 1 0 0 0 1 100 0 1 1 0 1 0 1 0 0 1 1 0 0 0 0 1 1 1 1 10 0 0 0 10 1 0 0 0 1 0 10 10 1 0 0 1 1 1 0 0 1 1 0 0 0 0 0 0 0 1 0 1 0 10
0 100 1 1 10 1 0 1 0 10 1 1 0 1 1 0 0 0 0 0 1 1 0 1 0 0 1 1 1 0 0 0 0 1 1 1 0 0 0 0 1 0 1 0 1 1 1 1 0 0 0 1 0 1 10 0 0 0 0 0 1 1 1 0 0 1 10 0 1 1 0 1 0 10 1 1 0 0 1 0 0 0 0 0 0 1 10 0 1 0 1 0 1 0 0 1 0 0 0 1 1 0 10 0 0 1 0 1 0 10 0 0 0 0 0 1 0 1 1 0 1 1 0 0 1 0 10 0 1 1 0 1 0 10 0 0 0 1 10 0 1 0 10 1 0 1 0 0 0 0 0 1 10 1 1
0 1 0 1 1 0 1 1 1 1 1 0 0 0 0 0 0 0 1 0 0 1 1 0 1 0 0 0 1 1 0 0 1 0 1 0 1 0 1 1 0 0 0 1 1 10 1 10 0 1 0 10 0 10 0 0 0 0 0 0 0 0 0 0 1 1 0 0 0 0 0 0 1 1 1 1 0 0 0 10 0 0 0 0 0 1 1 0 0 1 0 0 10 0 0 0 0 0 0 0 1 0 1 1 0 1 0 1 0 1 0 0 0 0 1 1 1 0 1 0 1 0 0 1 1 1 1 0 1 1 0 0 1 0 0 0 0 1 1 1 0 0 1 0 0 1 0 0 1 1 0 1 1 1 10
0 1 0 0 1 1 0 100 0 1 0 1 0 0 1 1 1 0 0 1 0 1 0 0 0 0 0 1 10 0 0 1 1 1 1 0 0 1 1 1 0 0 0 1 0 1 0 1 0 0 1 10 1 1 1 1 1 1 1 0 0 0 0 0 1 0 0 0 1 0 1 0 1 1 1 10 0 1 1 0 1 0 0 1 1 1 1 0 0 0 0 0 1 0 0 0 0 0 0 1 1 0 1 0 1 10 0 10 1 10 1 1 0 0 0 1 1 1 0 1 0 0 0 0 0 0 1 1 1 0 0 1 1 0 0 0 1 10 1 0 0 1 1 0 0 1 0 0 1 0 1 1 10 0 10
1 0 1 1 0 10 0 1 1 1 1 1 0 1 1 10 1 10 1 1 1 0 0 1 0 0 0 1 1 0 1 1 1 1 1 0 1 0 1 1 0 10 1 0 0 0 1 1 0 1 10 1 1 0 0 0 1 0 1 1 0 0 0 1 1 0 0 0 1 0 1 0 10 0 1 0 0 1 0 0 1 0 1 1 0 0 0 0 1 0 1 10 0 0 1 0 1 0 0 1 1 0 0 1 1 1 0 10 1 0 10 10 0 0 0 1 0 0 1 0 0 0 0 10 1 0 0 0 0 0 1 1 1 0 10 1 1 1 0 1 0 10 0 0 0 1 0 0 0 0 1 1 0 0 1
0 1 1 1 0 0 1 0 1 1 1 1 0 1 0 0 0 0 1 0 0 0 1 1 1 0 0 0 0 0 0 0 0 0 0 0 1 0 1 1 1 0 1 0 1 1 1 0 0 1 0 1 0 0 1 0 0 0 0 0 1 0 0 0 1 10 1 0 0 0 0 0 0 1 0 0 0 0 0 1 0 0 0 0 0 10 0 0 0 0 1 0 0 0 0 1 0 0 0 0 10 0 1 1 0 0 0 0 0 0 0 0 0 0 0 10 1 1 0 0 0 0 0 0 10 1 0 0 0 1 0 1 1 1 0 0 0 0 1 0 0 0 1 0 0 0 0 0 0 0 0 0 1 0 1
0 1 0 0 1 1 0 0 0 0 1 0 0 0 1 0 0 0 0 0 1 0 0 0 0 0 1 1 0 0 0 0 0 1 0 1 0 0 0 0 0 0 0 0 0 0 0 0 0 0 0 0 0 0 1 0 0 0 0 0 0 1 1 0 0 0 1 0 1 1 0 1 0 0 0 0 0 0 1 0 0 0 0 0 0 0 1 0 1 0 0 0 0 0 0 0 0 0 0 1 0 0 0 0 0 0 0 0 0 1 0 0 0 0 0 0 1 0 0 0 0 0 0 0 0 0 1 0 0 0 0 0 0 1 0 0 0 0 0 0 1 0 0 1 0 0 0 0 0 0 0 0 0 1 0
1 0 0 0 0 0 0 0 0 0 0 0 1 0 0 1 0 0 0 0 0 0 0 0 1 1 1 0 0 1 1 0 1 0 1 1 1 0 0 0 1 0 0 1 0 0 0 0 0 0 0 0 1 0 0 0 1 0 1 0 0 1 0 0 0 1 0 1 1 0 1 1 0 1 0 1 0 0 1 0 10 1 0 1 1 0 1 1 1 0 1 1 0 1 0 1 0 0 10 0 0 0 0 0 1 0 1 0 1 0 0 0 1 0 1 0 0 0 0 0 0 0 0 0 0 0 0 0 1 0 1 1 0 0 0 1 0 0 1 1 0 0 0 0 1 1 0 1 0 1 0 0 0 0 0
1 0 1 10 0 1 0 0 1 1 1 0 0 1 1 1 0 10 1 0 1 0 0 1 0 0 0 0 0 1 1 0 1 1 1 0 1 0 1 0 0 10 1 1 1 0 10 10 0 1 10 0 1 1 0 0 0 0 0 1 0 0 0 1 0 0 0 0 0 0 0 0 10 0 1 0 0 1 0 1 0 0 1 0 0 0 0 0 1 1 1 10 1 0 1 0 1 0 0 0 0 0 0 1 1 0 0 1 1 0 1 1 0 0 1 0 0 1 0 10 0 0 0 0 1 0 0 0 0 1 1 0 0 0 10 1 0 0 0 10 0 1 0 0 0 1 0 0 1 1 0 1 0 1 0
1 1 1 10 0 0 1 0 10 10 10 1 0 10 0 1 0 1 10 0 0 0 1 10 1 0 0 0 0 0 0 0 0 1 1 0 10 0 1 1 1 1 1 0 1 1 1 1 0 10 1 1 1 0 1 0 0 0 0 0 1 0 0 1 1 10 1 0 0 0 0 0 1 1 1 0 0 0 0 1 0 0 0 0 0 10 0 0 0 0 1 1 0 0 1 1 1 0 0 0 10 0 1 10 1 0 0 1 1 0 0 1 0 0 0 10 1 1 0 1 10 0 0 1 0 1 0 0 0 1 0 1 1 1 1 1 0 0 1 1 0 1 1 0 0 0 0 0 0 0 0 0 1 0 1
0 0 0 0 0 0 1 0 1 0 1 0 0 0 0 0 0 0 1 0 0 0 1 0 1 0 0 0 0 0 0 0 0 0 0 0 1 0 1 1 0 0 0 0 0 1 0 0 0 1 0 1 0 0 0 0 0 0 0 0 0 0 0 0 1 1 0 0 0 0 0 0 0 0 0 0 0 0 0 1 0 0 0 0 0 1 0 0 0 0 0 0 0 0 0 0 0 0 0 0 1 0 0 1 0 0 0 0 0 0 0 0 0 0 0 1 0 1 0 0 1 0 0 0 1 0 0 0 0 0 0 0 1 0 0 0 0 0 0 0 0 0 0 0 0 0 0 0 0 0 0 0 0 0 1
0 10 0 0 10 1 0 1 0 1 1 0 0 0 1 0 0 0 0 0 1 1 0 0 0 0 1 1 1 0 0 0 0 1 1 1 0 0 0 0 0 0 0 0 0 1 0 1 0 0 0 1 0 1 1 0 0 0 0 0 0 1 1 0 0 0 1 0 1 1 0 1 0 1 1 1 0 0 1 0 0 0 0 0 0 0 10 0 1 0 0 0 1 0 0 0 0 0 0 1 0 0 1 0 0 1 0 1 0 10 0 0 0 0 0 0 10 1 1 0 0 1 0 0 0 0 0 0 1 0 0 0 0 1 0 0 0 1 1 0 1 0 1 1 0 1 0 0 0 0 0 1 1 1 1
0 0 1 0 0 0 0 1 0 0 0 0 0 0 1 0 0 0 0 0 0 0 1 0 0 1 0 0 0 0 0 1 0 1 0 0 0 1 1 1 0 0 0 1 0 0 0 0 0 0 1 0 1 1 1 1 0 1 0 0 0 0 0 1 1 0 0 0 0 0 0 1 0 0 0 1 1 1 1 1 0 1 0 0 10 1 0 0 0 0 0 0 0 0 0 0 0 1 0 0 0 0 0 0 1 0 0 0 1 1 1 0 0 0 0 0 0 0 1 0 0 0 0 0 0 0 0 0 0 0 0 0 0 0 0 0 0 0 0 0 0 1 1 1 1 0 1 0 1 0 1 0 1 0 0
1 1 0 0 1 0 0 1 0 1 0 0 1 0 0 1 0 0 0 0 0 1 0 0 1 1 0 0 1 0 1 0 1 0 10 1 1 0 0 0 1 0 0 1 0 1 0 1 0 0 0 1 1 1 0 0 1 0 1 0 0 1 0 0 0 0 0 1 0 0 0 0 0 1 1 1 0 0 0 0 1 1 0 0 0 0 10 1 0 0 0 0 1 1 0 1 0 0 1 0 0 0 1 0 1 1 0 1 0 1 0 0 0 0 0 0 1 1 1 0 0 0 1 0 0 0 1 0 0 0 1 0 0 0 0 0 0 1 1 1 0 0 1 0 1 10 0 1 0 0 0 1 1 0 1
0 1 1 10 0 0 0 0 0 1 0 1 1 1 0 0 1 0 1 0 0 0 0 1 1 1 1 0 0 1 0 0 1 0 0 0 0 1 0 0 10 0 1 1 10 1 10 1 1 0 0 0 0 1 1 0 0 0 0 1 1 1 0 0 0 1 1 0 0 0 0 0 1 1 1 0 1 1 0 1 0 0 1 0 0 1 0 1 0 1 1 0 1 0 0 1 0 1 0 1 1 1 1 0 0 0 0 0 0 0 0 0 1 0 1 1 1 1 0 0 1 0 0 1 1 0 0 0 0 0 0 1 1 1 0 0 0 1 1 1 0 0 1 1 1 0 0 0 10 10 0 0 1 1 0
1 0 1 0 0 1 0 0 0 0 0 0 1 0 1 1 0 1 0 0 1 0 0 0 1 1 0 0 0 0 10 0 1 0 1 1 1 0 1 0 1 1 1 1 0 0 1 0 0 0 1 0 1 0 0 0 1 0 1 1 0 1 0 0 0 0 0 1 0 0 0 0 0 0 0 0 0 1 0 0 1 1 1 0 0 0 1 1 1 0 1 1 0 1 0 1 0 0 1 0 0 0 0 0 1 0 0 0 0 0 1 0 0 0 0 0 0 0 0 1 0 0 1 1 0 0 0 0 1 0 0 0 0 0 1 0 0 0 0 1 0 0 0 0 1 10 0 1 0 0 0 1 0 0 0
0 1 1 1 0 1 0 1 0 1 0 10 0 1 0 1 1 0 0 1 0 0 0 1 0 0 1 1 1 1 0 1 1 0 0 0 0 0 0 1 1 0 1 0 1 0 1 0 0 0 0 1 0 0 1 0 1 0 1 0 1 0 0 0 1 10 1 0 10 0 10 1 1 10 0 1 0 0 1 0 10 0 0 10 1 1 0 0 1 0 10 1 0 0 0 1 0 0 1 1 10 0 1 0 0 1 1 1 1 0 1 1 1 0 1 10 1 0 1 1 1 0 1 0 1 0 0 0 0 1 0 0 1 1 0 1 1 1 10 0 0 1 1 0 0 0 0 0 0 1 1 0 1 0 1
0 0 0 0 0 1 1 1 1 0 1 1 1 0 0 1 10 0 10 1 0 0 1 0 10 1 1 1 1 0 0 1 1 0 0 0 1 1 1 10 1 0 0 0 0 10 0 0 1 1 0 10 0 0 0 0 1 0 1 1 0 1 0 0 10 1 0 0 1 0 1 0 1 0 1 0 1 1 0 1 1 0 1 1 0 1 0 1 0 0 0 0 0 0 0 0 0 1 0 10 10 1 0 1 0 1 0 1 0 0 1 1 1 0 0 10 0 1 1 1 1 0 0 0 1 1 0 0 0 1 0 1 0 0 0 0 1 10 0 0 0 1 0 1 1 0 0 0 1 1 1 0 0 0 10
0 10 1 1 10 1 0 0 1 1 1 10 0 10 1 0 0 0 0 1 1 0 0 10 0 0 1 1 1 1 0 0 0 1 0 1 0 0 0 0 1 0 1 0 1 0 1 0 0 0 0 0 0 0 10 0 0 0 0 1 10 1 10 0 0 1 100 1 1 10 0 1 0 1 0 0 0 0 1 0 0 1 1 0 0 1 1 0 1 1 1 0 0 0 0 1 1 0 0 1 1 0 1 0 0 0 1 0 0 1 0 1 0 1 1 1 10 0 0 0 1 1 0 0 1 0 1 0 0 1 0 1 0 0 0 0 0 0 1 0 1 0 1 1 0 0 0 1 0 0 0 0 1 10 0
1 0 1 1 0 1 0 0 1 1 1 0 0 1 1 1 0 10 1 0 1 0 0 1 0 0 0 0 0 0 1 0 0 1 1 0 1 0 1 0 0 10 1 0 0 0 1 1 0 1 10 0 1 0 0 0 0 0 0 1 0 0 0 1 0 0 0 0 0 0 0 0 1 0 1 0 0 1 0 0 0 0 1 0 0 0 0 0 1 0 1 10 0 0 1 0 1 0 0 0 0 0 0 1 1 0 0 1 1 0 1 1 0 0 0 0 0 0 0 10 0 0 0 10 1 0 0 0 0 0 1 0 0 0 0 1 0 0 0 1 0 1 0 0 0 1 0 0 0 0 0 1 0 0 0
1 0 0 1 0 0 0 0 1 1 1 0 0 1 0 1 0 1 1 0 0 0 0 1 0 0 1 0 0 1 0 0 0 1 1 0 1 0 0 0 0 1 0 0 0 0 0 1 0 1 1 0 1 0 0 0 0 0 0 0 0 0 0 1 0 1 0 0 1 0 1 1 1 1 1 1 0 0 1 0 1 0 0 1 1 0 0 0 1 0 1 10 0 0 1 0 1 0 1 0 0 0 0 1 1 0 1 1 10 0 0 1 1 0 1 0 0 0 0 1 0 0 1 1 1 0 0 0 0 0 0 1 0 0 1 0 0 0 1 1 0 1 0 0 0 0 0 0 0 1 0 0 0 0 0
0 0 0 0 0 1 0 1 0 0 0 1 0 0 0 1 1 0 0 1 0 0 0 0 0 0 0 1 1 0 0 1 1 0 0 0 0 0 0 1 0 0 0 0 0 0 0 0 0 0 0 1 0 0 0 0 1 0 1 0 0 0 0 0 1 0 0 0 1 0 1 0 1 0 0 0 0 0 0 0 1 0 0 1 0 0 0 0 0 0 0 0 0 0 0 0 0 0 0 1 1 0 0 0 0 1 0 1 0 0 1 1 0 0 0 1 0 0 1 1 0 0 0 0 0 0 0 0 0 0 0 1 1 0 0 0 0 1 0 0 0 1 0 0 0 0 0 0 0 0 1 0 0 0 1
0 1 0 0 1 1 0 10 0 1 0 1 1 0 0 1 10 0 1 1 0 1 0 0 1 1 1 1 10 0 0 1 1 0 1 0 0 1 0 1 1 0 0 0 0 10 0 1 1 0 0 10 0 1 0 0 1 0 1 1 0 1 0 0 1 0 0 0 1 0 1 0 1 1 10 1 1 1 0 0 1 0 1 1 0 0 1 1 0 0 0 0 1 0 0 0 0 1 0 10 1 1 1 0 0 10 0 10 0 1 1 1 1 0 0 1 1 1 10 1 0 0 0 0 0 0 1 0 1 1 0 1 10 0 0 0 1 0 1 0 0 1 1 1 1 1 0 0 1 1 1 1 1 0 10
0 10 1 1 1 0 0 1 0 10 0 1 0 1 0 0 0 0 0 0 0 1 0 1 0 0 1 0 1 1 0 0 0 0 1 0 0 0 0 0 1 0 1 0 1 1 1 1 0 0 0 1 0 1 1 0 0 0 0 0 1 0 0 0 0 10 1 0 1 0 1 1 0 100 1 10 0 0 1 0 1 0 0 1 1 1 1 0 1 0 10 1 1 0 0 1 0 0 1 0 1 0 10 0 0 1 1 1 1 1 0 0 1 0 1 1 10 1 1 0 1 0 1 0 1 0 1 0 1 1 0 10 0 1 0 1 0 1 0 0 0 0 10 0 0 1 0 0 0 1 0 1 10 0 1
10 0 0 10 0 0 0 0 1 1 1 0 1 1 0 10 0 1 1 0 0 0 0 1 1 1 0 0 0 1 1 0 10 1 10 1 10 0 0 0 1 1 0 10 1 0 1 10 0 1 1 0 10 1 0 0 1 0 1 0 0 1 0 1 0 0 0 1 0 0 0 0 10 0 1 0 0 0 0 1 1 1 0 0 0 0 1 1 0 1 0 1 1 1 1 1 1 0 1 0 0 0 0 1 10 0 0 1 1 0 0 1 0 0 1 0 0 1 0 1 0 0 1 10 1 0 0 0 1 1 1 0 0 0 1 1 0 0 0 0 0 1 0 0 1 1 0 1 1 1 0 0 0 1 0
0 1 0 0 1 1 0 0 0 0 1 0 0 0 1 0 0 0 0 0 1 0 0 0 0 0 1 1 0 0 0 0 0 1 0 1 0 0 0 0 0 0 0 0 0 0 0 0 0 0 0 0 0 0 1 0 0 0 0 0 0 1 1 0 0 0 1 0 1 1 0 1 0 0 0 0 0 0 1 0 0 0 0 0 0 0 1 0 1 0 0 0 0 0 0 0 0 0 0 1 0 0 0 0 0 0 0 0 0 1 0 0 0 0 0 0 1 0 0 0 0 1 0 0 0 0 1 0 0 0 0 0 0 1 0 0 0 0 0 0 0 0 0 1 0 0 0 0 0 0 0 0 0 1 0
1 0 1 1 0 1 0 1 1 1 1 1 0 1 0 10 1 1 1 1 0 0 1 1 0 1 0 1 1 0 0 10 1 1 1 0 1 0 0 10 0 1 0 0 0 0 0 1 0 1 1 1 1 1 0 0 1 0 1 0 0 0 0 10 10 0 0 0 1 0 1 1 10 0 1 0 1 0 0 1 1 1 0 1 1 0 0 0 0 0 0 1 0 0 1 0 1 1 0 1 1 0 0 1 1 1 0 10 1 0 10 10 0 0 0 1 0 0 1 10 0 0 0 1 1 0 0 1 0 0 0 1 1 0 1 1 1 1 0 1 0 0 1 1 1 0 1 0 0 0 10 0 0 0 1
0 10 10 1 1 0 0 1 0 10 0 1 0 1 0 0 0 0 0 0 0 1 1 1 0 1 0 0 1 0 0 1 0 0 1 0 0 0 0 1 1 0 1 0 1 1 1 1 0 0 0 1 0 10 1 0 0 0 0 0 1 0 0 1 1 1 1 0 0 0 0 1 0 10 1 1 1 0 0 1 0 1 0 0 1 1 1 0 0 0 1 0 1 0 0 1 0 1 0 0 1 0 10 0 0 1 0 1 0 1 1 0 0 0 0 1 10 1 1 0 1 0 0 0 1 0 1 1 1 1 0 1 0 1 0 0 0 1 10 0 0 1 0 1 1 1 1 0 0 0 1 1 10 0 1
0 1 1 0 1 1 0 0 0 0 1 0 1 0 1 0 1 0 1 0 1 0 1 0 1 10 10 1 0 0 0 1 0 1 0 1 0 1 0 1 1 0 0 0 0 1 0 0 1 0 0 0 0 1 1 0 0 0 0 1 0 10 1 1 1 0 1 0 1 1 0 10 0 0 1 0 10 1 1 1 0 1 1 0 1 0 1 1 1 0 0 0 0 0 0 0 0 10 0 10 0 1 0 0 0 0 0 0 0 1 1 0 1 0 0 0 1 0 0 0 0 1 0 0 0 0 1 1 0 1 0 0 1 1 0 0 0 1 0 0 1 1 1 0 10 0 1 0 1 1 1 0 0 1 0
1 0 1 0 0 0 0 0 0 0 0 0 10 0 0 1 1 0 1 0 0 0 1 0 10 100 1 0 0 0 1 1 1 0 1 1 1 1 0 1 10 0 0 1 0 1 0 0 1 0 0 0 1 1 0 0 1 0 1 1 0 10 0 1 1 0 0 1 0 0 0 1 0 0 1 0 10 1 0 1 1 10 1 0 1 0 1 10 0 0 0 0 0 1 0 1 0 10 1 1 0 1 0 0 1 0 0 0 0 0 1 0 1 0 0 0 0 0 0 0 0 0 1 0 0 0 0 1 1 1 1 0 1 0 0 0 0 1 0 1 0 1 1 10 0 1 1 1 1 1 1 0 0 0 0
1 1 1 0 1 1 0 1 0 1 0 0 1 0 1 1 0 1 0 0 1 1 0 0 1 1 0 0 1 0 10 0 1 0 10 1 1 0 1 0 1 1 1 1 0 1 1 1 0 0 1 1 1 1 0 0 1 0 1 1 0 1 0 0 0 0 0 1 0 0 0 0 0 1 1 1 0 1 0 0 1 1 1 0 0 0 10 1 1 0 1 1 1 1 0 1 0 0 1 0 0 0 1 0 1 1 0 1 0 1 1 0 0 0 0 0 1 1 1 1 0 0 1 1 0 0 1 0 10 0 10 0 0 0 1 0 0 1 1 1 0 0 1 0 1 0 0 1 0 0 0 10 1 0 1
0 0 1 0 0 0 0 0 0 0 0 0 0 0 0 0 0 0 0 0 0 0 1 0 0 1 0 0 0 0 0 1 0 0 0 0 0 0 0 1 0 0 0 0 0 0 0 0 0 0 0 0 0 1 0 0 0 0 0 0 0 0 0 1 1 0 0 0 0 0 0 1 0 0 0 0 1 0 0 1 0 1 0 0 1 0 0 0 0 0 0 0 0 0 0 0 0 1 0 0 0 0 0 0 0 0 0 0 0 0 1 0 0 0 0 0 0 0 0 0 0 0 0 0 0 0 0 1 0 0 0 0 0 0 0 0 0 0 0 0 0 1 1 1 1 0 0 0 0 0 1 0 0 0 0
1 0 0 0 1 0 0 0 1 0 0 1 1 1 0 1 0 0 0 1 0 0 0 1 1 1 0 0 1 1 1 0 1 0 1 1 1 0 0 0 1 0 0 1 0 0 0 0 0 0 0 0 1 0 0 0 1 0 1 1 1 1 1 0 0 0 1 10 0 1 0 0 0 0 0 0 0 0 0 0 1 10 1 0 0 0 1 1 0 1 0 0 0 1 0 1 1 0 1 0 0 0 0 0 1 0 1 0 0 0 0 1 0 1 1 0 0 0 0 0 0 0 1 0 0 0 0 0 1 0 1 0 0 1 0 0 0 0 0 1 0 0 0 0 1 1 0 0 0 0 0 0 0 1 0
0 0 0 1 0 0 0 1 0 0 0 0 1 0 1 0 1 0 1 0 0 0 0 0 1 1 1 0 0 1 0 0 1 1 0 0 0 10 1 0 1 0 0 10 1 1 1 1 1 0 1 0 1 1 1 1 0 1 0 1 0 1 0 0 0 0 0 0 0 0 0 0 1 0 1 1 1 10 1 1 0 0 1 0 1 1 0 1 0 1 0 0 1 0 0 0 0 1 0 1 0 1 0 0 1 0 0 0 1 1 0 0 1 0 1 0 0 1 1 0 0 0 0 1 0 0 0 1 0 10 0 0 1 0 0 0 0 1 0 1 0 0 0 1 1 0 0 0 0 10 0 0 1 1 0
0 0 0 1 0 0 0 0 0 0 0 0 1 0 0 0 1 0 1 0 0 0 0 0 1 1 10 0 0 10 0 0 1 0 0 0 0 1 0 0 1 0 0 1 1 1 1 1 1 0 0 0 0 1 0 0 0 0 0 1 0 1 0 0 0 1 0 0 1 0 1 1 1 1 1 1 1 1 1 1 1 0 1 1 1 0 0 1 1 1 1 1 1 0 0 0 0 1 1 1 0 1 0 0 0 0 1 0 1 0 0 0 10 0 10 0 0 1 0 0 0 0 1 1 0 0 0 0 0 10 0 1 1 0 0 1 0 1 1 1 0 0 0 1 1 0 0 0 10 0 0 0 0 1 0
0 0 1 0 0 1 0 1 0 0 0 1 0 0 0 1 1 0 0 1 0 0 1 0 0 1 0 1 1 0 0 10 1 0 0 0 0 0 0 10 0 0 0 0 0 0 0 0 0 0 0 1 0 1 0 0 1 0 1 0 0 0 0 1 10 0 0 0 1 0 1 1 1 0 0 0 1 0 0 1 1 1 0 1 1 0 0 0 0 0 0 0 0 0 0 0 0 1 0 1 1 0 0 0 0 1 0 1 0 0 10 1 0 0 0 1 0 0 1 1 0 0 0 0 0 0 0 1 0 0 0 1 1 0 0 0 1 1 0 0 0 10 1 1 1 0 1 0 0 0 0 0 0 0 1
0 1 1 0 1 1 0 1 0 1 0 0 0 0 1 0 0 1 0 0 1 1 0 0 0 0 0 0 1 0 1 0 0 0 1 0 0 0 1 0 0 1 1 0 0 1 1 1 0 0 1 1 0 1 0 0 0 0 0 1 0 0 0 0 0 0 0 0 0 0 0 0 0 1 1 1 0 1 0 0 0 0 1 0 0 0 1 0 1 0 1 1 1 0 0 0 0 0 0 0 0 0 1 0 0 1 0 1 0 1 1 0 0 0 0 0 1 1 1 1 0 0 0 1 0 0 1 0 1 0 1 0 0 0 1 0 0 1 1 0 0 0 1 0 0 10 0 0 0 0 0 0 1 0 1
0 10 1 1 1 0 0 10 0 10 0 1 0 1 1 0 0 0 0 0 0 1 0 1 0 0 0 0 1 0 0 0 0 1 1 0 0 1 1 0 1 0 1 1 1 1 1 1 0 0 1 1 1 1 10 1 0 1 0 0 1 0 0 0 0 1 1 0 0 0 0 0 0 10 1 10 0 1 1 0 0 0 0 0 1 10 1 0 0 0 1 0 1 0 0 1 0 0 0 0 1 0 10 0 1 1 0 1 1 10 0 0 0 0 0 1 10 1 10 0 1 0 0 0 1 0 1 1 1 1 0 1 0 1 0 0 0 1 10 0 0 0 10 0 0 1 0 0 1 0 0 1 0 0 1
0 1 0 1 10 1 0 0 1 0 1 1 0 1 1 0 0 0 0 1 1 0 0 1 0 0 1 1 1 10 0 0 1 1 0 1 0 0 0 0 0 0 0 1 1 0 1 1 0 0 0 0 0 1 1 0 0 0 0 1 1 1 10 0 0 0 10 1 1 10 0 1 1 0 0 0 0 0 1 1 0 1 1 0 0 0 1 0 1 10 0 0 1 0 0 0 1 0 0 1 0 0 0 0 0 0 1 0 0 1 0 1 0 1 10 0 1 1 0 0 0 1 0 1 0 0 1 0 0 1 0 0 0 10 0 0 0 0 0 1 1 0 0 1 0 0 0 1 1 1 0 0 0 0 0
0 1 0 0 1 1 1 10 1 1 1 1 0 0 0 1 1 0 1 1 0 1 1 0 1 0 0 1 10 0 0 1 1 0 1 0 1 0 1 10 0 0 0 0 0 10 0 1 0 1 0 100 0 1 0 0 1 0 1 0 0 0 0 0 10 1 0 0 1 0 1 0 1 1 1 1 0 0 0 1 1 0 0 1 0 1 1 0 0 0 0 0 1 0 0 0 0 0 0 1 10 0 1 1 0 10 0 10 0 1 1 1 0 0 0 10 1 10 10 1 1 0 0 0 1 1 1 0 1 0 0 1 10 0 0 0 1 10 1 0 0 1 1 0 0 1 0 0 0 0 1 1 1 0 0
4
3 2 3
4 18 3
5 1 3
6 12 3
5
4 4 
1 3
2 3
3 5
4 4
2 4 
1 4
1 4
2 6
2 6
3 7 
1 4
1 4
2 6
2 6
2 6
3 4
3 4
2 3 
1 4
1 4
2 6
1 15 
1 4
1 4
1 6
1 4
1 4
1 4
1 6
1 6
1 4
1 4
1 6
1 6
1 6
1 4
1 4
155 14
2 13 3
3 2 5 6
3 1 12 5
3 3 5 7
3 2 6 8
3 1 2 4
1 0
3 4 6 9
3 0 3 8
3 3 5 6
3 0 2 3
3 4 5 8
2 11 13
3 3 5 8
3 1 2 9
3 13 3 4
2 11 4
2 1 3
3 0 11 3
2 4 8
2 1 2
1 6
2 0 12
3 3 5 8
3 0 11 13
3 11 12 13
3 10 11 2
2 2 4
3 4 6 8
3 10 7 8
2 1 13
2 12 4
3 13 4 7
3 2 3 9
3 13 3 6
2 13 2
3 0 13 3
2 11 9
3 0 1 9
3 0 12 4
3 11 13 5
2 1 3
2 1 5
3 13 7 9
2 5 7
3 0 11 6
3 1 5 7
3 3 6 7
1 11
2 0 3
3 1 3 9
3 0 4 6
3 13 3 9
3 12 6 7
3 2 5 9
1 9
2 13 4
1 9
2 13 4
3 1 11 8
2 5 8
3 11 13 2
2 2 8
2 12 3
3 0 12 4
3 0 10 5
3 2 5 8
2 13 8
3 10 2 4
2 2 8
2 10 4
3 10 12 2
3 3 4 7
3 10 5 6
3 11 3 6
3 10 6 9
2 11 12
3 1 11 9
3 10 2 9
3 0 12 7
3 10 13 4
3 12 13 8
3 1 11 8
2 10 4
3 10 12 9
3 0 5 9
3 13 2 6
2 11 13
3 1 10 2
2 7 8
3 1 10 5
3 1 10 3
2 6 7
1 13
1 3
2 13 5
2 3 8
2 11 12
2 10 13
3 11 2 4
3 0 4 5
1 11
2 5 6
2 0 3
3 13 3 9
2 4 6
2 10 8
3 3 4 6
3 10 3 9
3 2 6 9
3 1 12 4
3 3 4 8
2 10 11
1 8
3 10 7 8
3 0 4 5
3 2 5 6
3 0 6 7
3 4 6 9
3 1 3 4
2 0 5
1 2
2 10 13
3 1 3 7
3 0 3 5
1 0
2 2 6
2 12 9
2 13 6
3 11 5 7
2 1 13
3 10 4 5
3 0 11 4
3 2 5 8
2 1 3
2 10 3
1 4
3 11 4 6
3 10 5 6
3 13 3 7
1 2
3 12 3 4
3 12 5 6
3 11 12 2
3 11 12 13
3 1 13 6
1 12
2 13 8
3 11 7 9
3 10 11 7
2 12 4
2 1 6
3 5 6 9
3 2 7 8
3 0 4 6
155 466
1 161
3 12 362 416
4 166 303 355 409
4 11 125 322 362
4 257 339 352 368
3 377 387 414
2 356 393
3 240 316 359
3 370 391 98
3 306 396 81
2 100 148
4 353 390 392 406
4 113 233 412 55
5 134 217 224 287 415
4 200 337 408 44
4 252 369 404 84
7 10 109 195 214 345 402 410
6 22 28 307 404 76 8
4 26 379 403 404
2 128 199
5 21 230 234 394 410
4 188 25 343 398
6 320 376 397 406 411 416
3 334 5 71
8 308 319 343 374 401 62 75 77
4 190 209 218 269
5 227 276 401 59 80
4 194 198 258 364
3 17 345 43
4 101 380 408 411
2 164 415
3 141 378 405
5 114 19 249 293 415
8 167 171 251 268 323 356 377 389
1 416
6 208 309 367 379 386 413
2 197 357
2 311 328
5 24 286 30 366 404
5 129 242 247 388 417
4 20 237 290 383
1 42
4 150 3 318 372
6 206 245 329 348 36 96
2 152 300
2 281 391
4 156 225 401 409
3 112 296 407
5 115 263 360 405 48
1 413
3 321 403 99
3 31 374 50
5 297 344 355 379 408
5 180 241 255 349 413
3 135 387 417
4 335 347 37 417
3 342 363 88
4 202 204 235 340
5 162 215 291 332 403
4 174 239 351 405
4 110 155 260 414
8 139 176 184 261 29 341 381 411
8 146 18 357 370 377 382 398 9
6 157 264 265 298 390 405
5 248 333 385 388 54
5 132 338 35 389 416
2 122 373
2 145 169
3 187 196 331
3 334 395 89
6 123 136 191 376 414 46
3 205 221 385
2 172 395
4 142 39 412 47
4 140 203 45 66
3 361 365 406
5 121 312 375 38 415
6 244 325 326 386 399 413
3 402 407 409
3 213 259 58
5 179 211 375 78 85
5 147 158 326 327 361
3 14 173 408
3 120 348 95
8 181 304 328 380 393 399 40 83
3 126 313 87
2 285 393
5 236 367 372 410 7
4 193 23 400 416
4 207 210 346 61
4 104 299 394 72
6 223 324 358 398 402 73
3 232 374 402
4 118 13 130 336
2 116 131
5 117 192 262 392 67
5 266 288 302 338 350
8 168 226 27 280 336 352 415 97
7 163 256 279 371 384 395 90
2 253 273
8 111 149 185 301 332 349 378 41
4 366 385 386 6
2 368 375
3 314 335 381
3 0 305 417
8 103 106 2 327 33 330 417 86
5 124 342 390 70 92
8 137 275 278 364 388 394 403 412
2 360 399
3 177 186 91
4 267 317 32 341
4 219 391 396 407
1 222
7 107 119 320 325 373 376 52
4 182 277 383 56
5 243 246 340 354 397
5 15 292 321 382 93
4 151 417 63 79
2 189 231
4 284 333 351 82
2 201 350
3 154 250 371
8 153 228 310 330 363 4 412 69
2 144 271
4 108 324 369 51
6 133 212 254 365 382 411
8 138 170 229 295 337 381 410 68
1 60
6 102 143 34 354 384 74
3 289 323 417
3 294 347 57
4 160 216 315 346
5 1 159 16 322 53
6 282 283 339 358 373 49
3 353 378 406
3 127 183 414
4 272 344 383 387
3 331 407 94
5 175 389 397 400 409
6 105 329 384 400 64 65
4 178 220 270 274
6 165 238 372 392 396 414
5 359 380 418 419 420
4 421 422 423 424
5 425 426 427 428 429
1 430
3 431 432 433
4 434 435 436 437
6 438 439 440 441 442 443
3 444 445 446
3 447 448 449
4 450 451 452 453
5 454 455 456 457 458
2 459 460
5 461 462 463 464 465
