103
0 0 0 0 0 0 0 1 1 1 1 0 1 1 10 1 1 0 0 0 1 0 1 1 10 0 10 0 1 0 0 1 1 10 0 1 1 10 1 1 0 1 1 1 0 1 10 1 1 1 0 0 1 1 1 1 1 1 1 10 1 0 1 0 0 1 1 1 1 1 1 1 0 0 10 10 0 1 1 0 1 0 1 0 1 1 0 0 1 1 10 0 0 0 10 0 1 0 0 1 1 1 1
0 0 10 10 10 1 1 1 1 1 1 1 1 0 0 1 0 1 0 1 0 1 0 1 0 1 0 0 0 0 1 0 1 0 10 0 0 0 0 10 10 1 1 1 1 0 1 0 1 1 0 1 1 1 1 10 0 0 0 1 1 1 1 10 1 10 1 0 0 0 10 1 1 10 0 1 1 10 1 10 1 1 1 10 0 1 0 1 10 1 1 1 0 0 0 0 0 0 1 1 0 1 0
0 10 0 10 1 1 1 1 1 1 1 0 1 0 0 0 0 1 0 1 0 1 0 1 0 1 0 0 0 0 1 0 1 0 10 0 0 0 0 1 10 1 1 0 1 0 0 0 1 1 0 0 1 0 1 10 0 0 0 0 1 0 0 1 1 10 1 0 0 0 1 0 0 10 0 1 1 10 0 1 1 0 1 1 0 1 0 0 1 1 1 1 0 0 0 0 0 0 0 1 0 0 0
0 10 10 0 1 10 1 1 1 1 1 0 10 0 0 0 0 10 1 1 0 1 0 10 0 1 0 0 1 0 10 1 10 0 10 1 1 0 1 1 10 1 1 0 1 0 0 0 1 1 0 0 1 0 1 10 0 0 1 0 10 0 0 10 1 10 1 0 0 0 1 0 0 100 0 1 1 10 0 1 10 0 1 1 0 1 0 0 1 1 1 1 1 0 1 1 1 1 0 1 1 0 0
0 10 1 1 0 0 0 1 1 1 1 1 1 0 0 1 0 1 0 1 0 0 0 0 0 1 0 0 0 0 1 0 0 0 1 0 0 0 0 10 1 1 1 1 1 0 1 0 1 1 0 1 0 1 1 1 0 0 0 1 0 1 1 10 0 1 0 0 0 0 10 1 1 1 0 1 1 1 1 10 1 1 0 1 0 1 0 1 10 0 0 0 0 0 0 0 0 0 1 1 0 1 0
0 1 1 10 0 0 1 1 0 1 0 0 1 0 0 1 1 1 1 0 1 10 0 10 0 1 0 0 1 1 1 1 10 0 10 1 10 0 1 0 1 0 0 0 0 1 0 0 0 1 1 0 1 0 1 1 1 0 1 0 10 0 1 1 10 1 10 0 0 1 0 1 0 10 0 0 1 1 1 0 1 1 1 10 0 0 1 0 0 1 1 1 1 1 1 1 1 10 1 0 1 1 0
0 1 1 1 0 1 0 0 0 0 1 1 0 0 0 0 0 0 0 0 1 1 0 1 1 1 0 1 0 1 0 0 1 0 1 0 0 0 0 0 1 0 0 0 1 1 0 0 0 0 0 1 1 1 0 1 0 1 1 0 1 0 0 0 10 1 1 1 1 0 0 0 0 1 0 0 0 1 0 1 0 1 1 1 1 1 0 0 0 1 1 10 0 0 0 0 1 1 0 0 0 0 1
1 1 1 1 1 1 0 0 10 10 1 0 1 0 0 1 10 1 0 1 1 1 0 0 1 10 1 0 0 1 1 1 1 0 10 0 1 0 1 1 1 10 1 0 1 10 1 0 1 100 1 0 0 0 10 10 1 1 0 1 0 0 1 1 1 1 10 1 1 10 10 10 0 1 1 10 10 1 1 1 1 1 0 1 1 1 1 0 1 0 1 0 0 1 1 0 0 1 1 10 1 1 0
1 1 1 1 1 0 0 10 0 1 1 0 1 0 0 0 1 1 0 1 0 0 0 0 1 1 1 0 0 0 1 1 1 0 1 0 0 0 1 1 1 10 1 0 1 1 1 0 1 10 0 0 0 0 1 10 0 1 0 1 0 0 0 1 0 1 1 1 1 1 10 1 0 1 1 10 1 1 0 1 1 0 0 0 1 1 0 0 1 0 1 0 0 0 1 0 0 0 0 10 1 0 0
1 1 1 1 1 1 0 10 1 0 1 0 1 1 1 1 1 1 0 1 1 1 1 1 0 10 1 0 1 1 1 0 0 1 10 0 1 1 0 10 1 1 1 1 1 1 0 1 1 10 1 0 1 0 10 1 10 0 1 0 1 0 10 1 1 1 1 0 0 1 1 1 0 1 0 10 10 10 10 1 10 1 1 1 0 10 1 0 10 0 1 0 0 1 0 0 1 1 1 1 0 1 1
1 1 1 1 1 0 1 1 1 1 0 1 10 0 1 1 0 1 0 1 10 0 0 0 10 10 0 1 0 1 1 0 0 1 1 1 1 1 0 1 1 1 10 0 10 1 1 0 10 1 0 1 0 10 10 1 0 1 1 1 0 0 0 1 1 10 0 1 1 0 1 0 0 1 1 1 1 1 0 10 1 1 0 0 1 10 0 0 1 1 0 1 0 0 1 0 1 1 0 1 0 1 1
0 1 0 0 1 0 1 0 0 0 1 0 0 0 0 1 0 0 1 1 1 1 1 0 1 1 0 1 0 10 1 1 0 0 0 0 0 0 1 1 0 1 0 10 10 1 1 0 1 0 1 10 1 10 0 0 1 10 1 1 0 1 1 1 1 0 0 1 1 1 1 1 1 0 1 0 0 0 1 10 0 10 0 1 1 1 1 1 1 0 0 1 0 0 0 0 1 1 10 1 0 1 10
1 1 1 10 1 1 0 1 1 1 10 0 0 0 1 1 0 10 1 1 1 0 0 1 1 1 0 0 1 0 10 1 1 1 1 10 10 1 1 1 1 1 10 0 1 0 1 0 10 1 0 0 0 1 10 1 0 0 1 1 1 0 0 10 0 10 0 0 0 0 1 0 0 10 1 1 1 1 0 1 10 0 0 0 0 1 0 0 1 1 0 0 1 0 10 1 1 1 0 1 1 1 0
1 0 0 0 0 0 0 0 0 1 0 0 0 0 1 0 0 0 0 0 0 0 1 1 0 0 1 0 1 0 0 0 0 1 0 0 0 1 0 1 0 0 0 1 0 0 0 1 0 0 0 0 1 0 0 0 1 0 1 0 1 0 1 0 0 0 0 0 0 0 0 0 0 0 0 1 0 1 1 0 1 0 1 0 0 1 0 0 1 0 1 0 0 0 0 0 1 0 0 0 0 0 1
10 0 0 0 0 0 0 0 0 1 1 0 1 1 0 1 0 0 0 0 1 0 1 1 1 0 1 0 1 0 0 0 0 10 0 1 1 10 0 1 0 0 1 1 0 0 1 1 1 0 0 0 1 1 1 0 1 0 1 1 1 0 1 0 0 1 0 0 0 0 0 0 0 0 1 1 0 1 1 0 1 0 1 0 0 1 0 0 1 1 1 0 0 0 1 0 1 0 0 0 0 1 1
1 1 0 0 1 1 0 1 0 1 1 1 1 0 1 0 1 0 0 0 10 1 0 0 1 1 0 0 0 1 0 0 0 1 1 1 10 1 0 1 0 0 1 1 0 1 10 0 1 1 1 1 0 10 10 0 1 0 0 10 0 1 10 1 1 1 1 0 0 1 1 10 1 0 1 0 1 0 10 1 0 10 0 10 0 0 1 1 1 1 0 0 0 1 1 0 0 1 10 0 0 100 0
1 0 0 0 0 1 0 10 1 1 0 0 0 0 0 1 0 0 0 0 1 1 0 0 1 1 1 0 0 1 0 1 1 0 1 0 1 0 1 0 0 1 0 0 0 10 1 0 0 10 1 0 0 0 1 1 1 1 0 1 0 0 1 0 1 0 10 1 1 10 1 10 0 0 1 1 1 0 1 0 0 1 0 1 1 0 1 0 0 0 1 0 0 1 1 0 0 1 1 1 1 1 0
0 1 1 10 1 1 0 1 1 1 1 0 10 0 0 0 0 0 1 1 0 0 0 1 0 1 0 0 1 0 10 1 1 0 1 1 1 0 1 1 1 1 1 0 1 0 0 0 1 1 0 0 0 0 1 1 0 0 1 0 1 0 0 10 0 1 0 0 0 0 1 0 0 10 0 1 1 1 0 1 10 0 0 0 0 1 0 0 1 0 0 0 1 0 1 1 1 1 0 1 1 0 0
0 0 0 1 0 1 0 0 0 0 0 1 1 0 0 0 0 1 0 1 0 1 1 1 0 0 0 0 1 1 10 10 1 0 0 1 1 0 10 0 0 1 0 1 1 0 0 0 1 0 1 0 1 0 0 0 1 1 1 0 1 0 0 1 0 0 0 0 0 1 0 0 0 1 1 0 0 0 0 0 1 0 0 0 0 0 1 0 0 0 0 0 1 0 1 1 1 1 1 1 1 0 1
0 1 1 1 1 0 0 1 1 1 1 1 1 0 0 0 0 1 1 0 0 1 1 0 0 1 0 0 0 1 10 1 0 0 1 0 0 0 1 1 1 10 1 1 10 0 0 0 10 1 1 0 1 0 1 1 1 1 0 0 0 0 0 1 0 1 0 0 0 1 1 0 0 1 1 1 1 1 0 1 1 0 0 0 0 1 1 0 1 0 0 0 0 0 0 0 0 0 1 10 0 0 1
1 0 0 0 0 1 1 1 0 1 10 1 1 0 1 10 1 0 0 0 0 1 0 0 10 10 0 1 0 10 0 0 0 1 1 1 10 1 0 0 0 0 1 0 1 10 1 0 1 1 1 1 0 10 10 0 1 1 1 1 0 0 1 0 10 1 1 1 1 1 0 1 0 0 1 0 1 0 1 1 0 10 0 1 1 1 1 0 0 1 0 1 0 1 1 0 1 10 1 0 0 10 1
0 1 1 1 0 10 1 1 0 1 0 1 0 0 0 1 1 0 1 1 1 0 1 1 0 1 0 0 0 10 1 1 1 0 10 0 1 0 1 0 1 1 0 1 1 1 0 0 1 1 10 0 10 0 1 1 10 1 0 0 1 0 1 0 10 1 10 0 0 10 0 1 0 1 1 0 1 1 1 0 0 1 1 10 0 0 10 0 0 1 1 1 0 1 0 0 0 1 10 1 0 1 1
1 0 0 0 0 0 0 0 0 1 0 1 0 1 1 0 0 0 1 1 0 1 0 1 0 0 1 0 1 1 1 1 0 1 0 0 0 1 1 1 0 1 0 10 1 0 0 1 1 0 1 0 10 0 0 0 10 1 1 0 1 0 1 0 0 0 0 0 0 1 0 0 0 0 1 1 0 1 1 0 1 0 1 0 0 1 1 0 1 0 1 0 0 0 0 0 1 0 1 1 0 0 10
1 1 1 10 0 10 1 0 0 1 0 0 1 1 1 0 0 1 1 0 0 1 1 0 0 0 1 0 10 0 1 1 10 1 1 1 1 1 1 1 1 0 0 1 0 0 0 1 0 0 0 0 10 0 0 1 1 0 10 0 100 0 1 1 1 1 1 0 0 0 0 0 0 10 0 1 0 10 1 0 10 0 10 1 0 1 0 0 1 1 10 1 1 0 1 1 10 1 0 0 1 0 1
10 0 0 0 0 0 1 1 1 0 10 1 1 0 1 1 1 0 0 0 10 0 0 0 0 1 1 1 0 1 0 1 1 1 0 1 1 1 1 0 0 1 1 0 1 10 10 0 1 1 0 1 0 10 1 1 0 10 1 10 0 0 0 0 1 1 1 10 10 1 1 1 0 0 10 1 0 0 0 1 0 1 0 0 10 1 0 0 0 1 1 1 0 0 10 0 1 1 0 1 1 1 1
0 1 1 1 1 1 1 10 1 10 10 1 1 0 0 1 1 1 0 1 10 1 0 0 1 0 0 1 0 10 1 0 0 0 10 0 1 0 0 1 1 1 1 0 10 10 0 0 1 10 1 1 0 1 10 1 1 1 1 0 0 0 1 1 10 1 1 1 1 1 1 1 0 1 0 1 10 1 1 10 1 10 0 1 1 10 1 0 1 0 0 1 0 1 0 0 1 10 1 1 0 1 1
10 0 0 0 0 0 0 1 1 1 0 0 0 1 1 0 1 0 0 0 0 0 1 1 1 0 0 0 1 0 0 1 1 1 0 0 0 1 1 1 0 1 0 1 0 1 1 1 0 1 0 0 1 0 0 1 1 1 1 1 1 0 1 0 0 0 1 1 1 1 1 1 0 0 1 10 0 1 1 0 1 0 1 0 1 1 0 0 1 0 10 0 0 0 1 0 1 0 0 1 1 0 1
0 0 0 0 0 0 1 0 0 0 1 1 0 0 0 0 0 0 0 0 1 0 0 0 1 1 0 0 0 1 0 0 0 0 0 0 0 0 0 0 0 0 0 0 1 1 0 0 0 0 0 1 0 1 0 0 0 1 1 0 0 0 0 0 1 0 0 1 1 0 0 0 0 0 0 0 0 0 0 1 0 1 0 0 1 1 0 0 0 0 0 1 0 0 0 0 1 1 0 0 0 0 1
1 0 0 1 0 1 0 0 0 1 0 0 1 1 1 0 0 1 1 0 0 0 1 10 0 0 1 0 0 0 1 1 1 1 0 1 1 1 1 1 0 0 0 1 0 0 0 1 0 0 0 0 1 0 0 0 1 0 10 0 10 0 1 1 0 0 0 0 0 0 0 0 0 1 0 1 0 1 1 0 10 0 1 0 0 1 0 0 1 0 1 0 1 0 1 1 10 1 0 0 1 0 1
0 0 0 0 0 1 1 1 0 1 1 10 0 0 0 1 1 0 1 1 10 10 1 0 1 10 0 1 0 0 1 1 0 0 1 0 1 0 1 0 0 1 0 1 10 10 0 0 1 1 10 1 1 1 1 0 10 10 1 0 0 0 1 0 10 0 1 1 1 10 0 1 0 0 1 0 1 0 1 1 0 10 0 1 1 1 10 0 0 0 0 1 0 1 0 0 1 10 10 1 0 1 10
0 1 1 10 1 1 0 1 1 1 1 1 10 0 0 0 0 10 10 10 0 1 1 1 0 1 0 0 1 1 0 10 1 0 1 1 1 0 10 1 1 10 1 1 10 0 0 0 10 1 1 0 1 0 1 1 1 1 1 0 1 0 0 10 0 1 0 0 0 1 1 0 0 10 1 1 1 1 0 1 10 0 0 0 0 1 1 0 1 0 0 0 1 0 1 1 1 1 1 10 1 0 1
1 0 0 1 0 1 0 1 1 0 0 1 1 0 0 0 1 1 10 1 0 1 1 1 1 0 1 0 1 1 10 0 10 0 0 1 1 0 100 0 0 10 0 1 1 1 1 0 1 1 1 0 1 0 0 1 1 10 1 1 1 0 0 1 0 0 1 1 1 10 1 1 0 1 10 1 0 0 0 0 1 0 0 0 1 0 1 0 0 0 1 0 1 0 10 1 1 1 1 10 10 0 1
1 1 1 10 0 10 1 1 1 0 0 0 1 0 0 0 1 1 1 0 0 1 0 10 1 0 1 0 1 0 1 10 0 0 1 1 1 0 10 0 1 1 0 0 0 1 1 0 0 1 0 0 1 0 0 10 0 1 1 1 10 0 0 1 1 1 10 1 1 1 1 1 0 10 1 1 0 1 0 0 1 0 1 1 1 0 0 0 0 1 10 1 1 0 10 1 1 1 0 1 10 0 0
10 0 0 0 0 0 0 0 0 1 1 0 1 1 10 1 0 0 0 0 1 0 1 1 1 0 1 0 1 0 0 0 0 0 0 1 1 10 0 1 0 0 1 1 0 0 1 1 1 0 0 0 1 1 1 0 1 0 1 1 1 0 1 0 0 1 0 0 0 0 0 0 0 0 1 1 0 1 1 0 1 0 1 0 0 1 0 0 1 1 1 0 0 0 1 0 1 0 0 0 0 1 1
0 10 10 10 1 10 1 10 1 10 1 0 1 0 0 1 1 1 0 1 1 10 0 1 0 10 0 0 0 1 1 0 1 0 0 0 1 0 0 1 10 1 1 0 1 1 0 0 1 10 1 0 1 0 10 10 1 0 0 0 1 0 1 1 10 10 10 0 0 1 1 1 0 10 0 1 10 10 1 1 1 1 1 10 0 1 1 0 1 1 1 1 0 1 0 0 0 1 1 1 0 1 0
1 0 0 1 0 1 0 0 0 0 1 0 10 0 1 1 0 1 1 0 1 0 0 1 1 0 0 0 1 0 1 1 1 1 0 0 10 1 1 0 0 0 1 0 0 0 1 0 1 0 0 0 0 1 1 0 0 0 1 1 1 0 0 1 0 1 0 0 0 0 0 0 0 1 1 0 0 0 0 0 1 0 0 0 0 0 0 0 0 1 0 0 1 0 10 1 1 1 0 0 1 1 0
1 0 0 1 0 10 0 1 0 1 1 0 10 0 1 10 1 1 1 0 10 1 0 1 1 1 0 0 1 1 1 1 1 1 1 10 0 1 1 0 0 0 1 0 0 1 1 0 1 1 1 0 0 1 10 0 1 0 1 1 1 0 1 1 1 1 1 0 0 1 0 1 0 1 1 0 1 0 1 0 1 1 0 1 0 0 1 0 0 1 0 0 1 1 10 1 1 10 1 0 1 10 0
10 0 0 0 0 0 0 0 0 1 1 0 1 1 10 1 0 0 0 0 1 0 1 1 1 0 1 0 1 0 0 0 0 10 0 1 1 0 0 1 0 0 1 1 0 0 1 1 1 0 0 0 1 1 1 0 1 0 1 1 1 0 1 0 0 1 0 0 0 0 0 0 0 0 1 1 0 1 1 0 1 0 1 0 0 1 0 0 1 1 1 0 0 0 1 0 1 0 0 0 0 1 1
1 0 0 1 0 1 0 1 1 0 0 1 1 0 0 0 1 1 10 1 0 1 1 1 1 0 1 0 1 1 10 100 10 0 0 1 1 0 0 0 0 10 0 1 1 1 1 0 1 1 1 0 1 0 0 1 1 10 1 1 1 0 0 1 0 0 1 1 1 10 1 1 0 1 10 1 0 0 0 0 1 0 0 0 1 0 1 0 0 0 1 0 1 0 10 1 1 1 1 10 10 0 1
1 10 1 1 10 0 0 1 1 10 1 1 1 1 1 1 0 1 0 1 0 0 1 1 0 1 1 0 1 0 1 0 0 1 1 0 0 1 0 0 1 1 1 10 1 0 1 1 1 1 0 1 1 1 1 1 1 0 1 1 1 1 10 10 0 1 0 0 0 0 10 1 1 1 0 10 1 10 10 10 10 1 1 1 0 10 0 1 100 0 1 0 0 0 0 0 1 0 1 1 0 1 1
0 10 10 10 1 1 1 1 1 1 1 0 1 0 0 0 0 1 0 1 0 1 0 1 0 1 0 0 0 0 1 0 1 0 10 0 0 0 0 1 0 1 1 0 1 0 0 0 1 1 0 0 1 0 1 10 0 0 0 0 1 0 0 1 1 10 1 0 0 0 1 0 0 10 0 1 1 10 0 1 1 0 1 1 0 1 0 0 1 1 1 1 0 0 0 0 0 0 0 1 0 0 0
1 1 1 1 1 0 0 10 10 1 1 1 1 0 0 0 1 1 1 10 0 1 1 0 1 1 1 0 0 1 10 10 1 0 1 0 0 0 10 1 1 0 1 1 10 1 1 0 10 10 1 0 1 0 1 10 1 10 0 1 0 0 0 1 0 1 1 1 1 10 10 1 0 1 10 10 1 1 0 1 1 0 0 0 1 1 1 0 1 0 1 0 0 0 1 0 0 0 1 100 1 0 1
1 1 1 1 1 0 0 1 1 1 10 0 10 0 1 1 0 1 0 1 1 0 0 0 1 1 0 0 0 0 1 0 0 1 1 1 1 1 0 1 1 1 0 0 1 0 1 0 10 1 0 0 0 1 10 1 0 0 0 1 0 0 0 1 0 10 0 0 0 0 1 0 0 1 1 1 1 1 0 1 1 0 0 0 0 1 0 0 1 1 0 0 0 0 1 0 0 0 0 1 0 1 0
1 1 0 0 1 0 0 0 0 1 0 10 0 1 1 1 0 0 1 1 0 1 10 1 0 0 1 0 1 1 1 1 0 1 0 0 0 1 1 10 0 1 0 0 1 0 1 1 1 0 1 1 10 1 0 0 10 1 1 1 1 1 10 1 0 0 0 0 0 1 1 1 1 0 1 1 0 1 10 1 1 1 1 1 0 1 1 1 10 0 1 0 0 0 0 0 1 0 10 1 0 1 10
0 1 1 1 1 0 1 1 1 1 10 10 1 0 0 0 0 1 1 10 1 1 1 0 1 10 0 1 0 10 10 1 0 0 1 0 0 0 1 1 1 10 1 1 0 1 0 0 10 1 1 1 1 1 1 1 1 10 1 0 0 0 0 1 1 1 0 1 1 1 1 0 0 1 1 1 1 1 0 10 1 1 0 0 1 10 1 0 1 0 0 1 0 0 0 0 1 1 1 10 0 0 10
1 0 0 0 0 1 1 10 1 1 1 1 0 0 0 1 10 0 0 0 10 1 0 0 10 10 1 1 0 10 0 1 1 0 1 0 1 0 1 0 0 1 0 0 1 0 1 0 0 10 1 1 0 1 1 1 1 10 1 1 0 0 1 0 10 0 10 10 10 10 1 10 0 0 1 1 1 0 1 1 0 10 0 1 10 1 1 0 0 0 1 1 0 1 1 0 1 10 1 1 1 1 1
10 1 0 0 1 0 0 1 1 0 1 1 1 0 1 10 1 0 0 0 1 0 0 0 10 0 1 0 0 0 0 1 1 1 0 1 1 1 1 1 0 1 1 1 0 1 0 0 1 1 0 1 0 10 1 1 0 1 0 100 0 1 1 1 0 1 1 1 1 1 10 10 1 0 10 1 0 0 1 1 0 1 0 1 1 0 0 1 1 1 1 0 0 0 10 0 0 0 1 1 1 10 0
1 0 0 0 0 0 0 0 0 1 0 0 0 1 1 0 0 0 0 0 0 0 1 1 0 0 1 0 1 0 0 0 0 1 0 0 0 1 0 1 0 0 0 1 0 0 0 0 0 0 0 0 1 0 0 0 1 0 1 0 1 0 1 0 0 0 0 0 0 0 0 0 0 0 0 1 0 1 1 0 1 0 1 0 0 1 0 0 1 0 1 0 0 0 0 0 1 0 0 0 0 0 1
1 1 1 1 1 0 0 1 1 1 10 1 10 0 1 1 0 1 1 10 1 1 1 0 1 1 0 0 0 1 10 1 0 1 1 1 1 1 1 1 1 10 10 1 10 0 1 0 0 1 1 0 1 1 10 1 1 1 0 1 0 0 0 1 0 10 0 0 0 1 1 0 0 1 10 1 1 1 0 1 1 0 0 0 0 1 1 0 1 1 0 0 0 0 1 0 0 0 1 10 0 1 1
1 1 1 1 1 1 0 100 10 10 1 0 1 0 0 1 10 1 0 1 1 1 0 0 1 10 1 0 0 1 1 1 1 0 10 0 1 0 1 1 1 10 1 0 1 10 1 0 1 0 1 0 0 0 10 10 1 1 0 1 0 0 1 1 1 1 10 1 1 10 10 10 0 1 1 10 10 1 1 1 1 1 0 1 1 1 1 0 1 0 1 0 0 1 1 0 0 1 1 10 1 1 0
0 0 0 0 0 1 0 1 0 1 0 1 0 0 0 1 1 0 1 1 1 10 1 0 0 1 0 0 0 10 1 1 0 0 1 0 1 0 1 0 0 1 0 1 1 1 0 0 1 1 0 0 1 0 1 0 10 1 0 0 0 0 1 0 1 0 1 0 0 10 0 1 0 0 1 0 1 0 1 0 0 1 0 1 0 0 10 0 0 0 0 0 0 1 0 0 0 1 10 1 0 1 1
0 1 0 0 1 0 1 0 0 0 1 10 0 0 0 1 0 0 0 0 1 0 0 0 1 1 0 1 0 1 0 0 0 0 0 0 0 0 0 1 0 0 0 1 1 1 1 0 0 0 0 0 0 10 0 0 0 1 1 1 0 1 1 1 1 0 0 1 1 0 1 1 1 0 0 0 0 0 1 10 0 10 0 1 1 1 0 1 1 0 0 1 0 0 0 0 1 1 1 0 0 1 1
1 1 1 1 0 1 1 0 0 1 0 1 0 1 1 0 0 0 1 1 0 10 10 10 0 0 1 0 1 1 1 1 1 1 1 0 0 1 1 1 1 1 0 10 1 0 0 1 1 0 1 0 0 0 0 1 10 1 1 0 10 0 1 0 1 1 1 0 0 1 0 0 0 1 1 1 0 10 1 0 1 0 10 1 0 1 1 0 1 1 10 1 0 0 0 0 1 0 1 1 0 0 10
1 1 0 0 1 0 1 0 0 0 10 10 1 0 1 10 0 0 0 0 10 0 0 0 10 1 0 1 0 1 0 0 0 1 0 1 1 1 0 1 0 0 1 1 1 1 10 0 1 0 0 10 0 0 1 0 0 1 1 10 0 1 1 1 1 1 0 1 1 0 1 1 1 0 1 0 0 0 1 10 0 10 0 1 1 1 0 1 1 1 0 1 0 0 1 0 1 1 1 0 0 10 1
1 1 1 1 1 1 0 10 1 10 10 0 10 0 1 10 1 1 0 1 10 1 0 0 1 10 0 0 0 1 1 0 0 1 10 1 10 1 0 1 1 1 10 0 1 1 1 0 10 10 1 0 0 1 0 1 1 0 0 1 0 0 1 1 1 10 1 0 0 1 1 1 0 1 1 1 10 1 1 1 1 1 0 1 0 1 1 0 1 1 0 0 0 1 1 0 0 1 1 1 0 10 0
1 10 10 10 1 1 1 10 10 1 1 0 1 0 0 0 1 1 0 1 0 1 0 1 1 1 1 0 0 0 1 1 10 0 10 0 0 0 1 1 10 10 1 0 1 1 1 0 1 10 0 0 1 0 1 0 0 1 0 1 1 0 0 1 1 10 10 1 1 1 10 1 0 10 1 10 1 10 0 1 1 0 1 1 1 1 0 0 1 1 10 1 0 0 1 0 0 0 0 10 1 0 0
1 0 0 0 0 1 0 1 0 10 0 1 0 1 1 1 1 0 1 1 1 10 10 1 0 1 1 0 1 10 1 1 0 1 1 0 1 1 1 1 0 1 0 10 1 1 0 1 1 1 10 0 10 0 1 0 0 1 1 0 1 0 10 0 1 0 1 0 0 10 0 1 0 0 1 1 1 1 10 0 1 1 1 1 0 1 10 0 1 0 1 0 0 1 0 0 1 1 10 1 0 1 10
1 0 0 0 0 0 1 1 1 0 1 10 0 0 0 0 1 0 1 1 1 1 1 0 10 1 1 1 0 10 1 10 1 0 0 0 0 0 10 0 0 10 0 1 10 10 1 0 1 1 1 1 1 1 0 1 1 0 1 1 0 0 0 0 1 0 1 10 10 10 1 1 0 0 10 1 0 0 0 1 0 1 0 0 10 1 1 0 0 0 1 1 0 0 1 0 1 1 1 10 1 0 10
1 0 0 1 0 1 1 0 0 1 1 1 1 1 1 0 0 1 1 0 1 0 1 10 1 1 1 1 10 1 1 1 1 1 0 1 1 1 1 1 0 0 0 1 1 1 0 1 0 0 0 1 1 1 0 0 1 1 0 0 10 0 1 1 1 0 0 1 1 0 0 0 0 1 0 1 0 1 1 1 10 1 1 0 1 10 0 0 1 0 1 1 1 0 1 1 100 10 0 0 1 0 10
10 1 0 0 1 0 0 1 1 0 1 1 1 0 1 10 1 0 0 0 1 0 0 0 10 0 1 0 0 0 0 1 1 1 0 1 1 1 1 1 0 1 1 1 0 1 100 0 1 1 0 1 0 10 1 1 0 1 0 0 0 1 1 1 0 1 1 1 1 1 10 10 1 0 10 1 0 0 1 1 0 1 0 1 1 0 0 1 1 1 1 0 0 0 10 0 0 0 1 1 1 10 0
1 1 1 10 0 10 1 0 0 1 0 0 1 1 1 0 0 1 1 0 0 1 1 100 0 0 1 0 10 0 1 1 10 1 1 1 1 1 1 1 1 0 0 1 0 0 0 1 0 0 0 0 10 0 0 1 1 0 10 0 0 0 1 1 1 1 1 0 0 0 0 0 0 10 0 1 0 10 1 0 10 0 10 1 0 1 0 0 1 1 10 1 1 0 1 1 10 1 0 0 1 0 1
0 1 0 0 1 0 0 0 0 0 0 1 0 0 0 1 0 0 0 0 0 0 0 0 0 0 0 0 0 0 0 0 0 0 0 0 0 0 0 1 0 0 0 1 0 0 1 0 0 0 0 1 0 1 0 0 0 0 0 1 0 0 1 1 0 0 0 0 0 0 1 1 1 0 0 0 0 0 1 1 0 1 0 1 0 0 0 1 1 0 0 0 0 0 0 0 0 0 1 0 0 1 0
1 1 0 0 1 1 0 1 0 10 0 1 0 1 1 10 1 0 0 0 1 1 1 1 0 1 1 0 1 1 0 0 0 1 1 0 1 1 0 10 0 0 0 10 0 1 1 1 0 1 1 1 1 1 1 0 10 0 1 1 1 1 0 1 1 0 1 0 0 1 1 10 1 0 0 1 1 1 100 1 1 10 1 10 0 1 1 1 10 0 1 0 0 1 0 0 1 1 10 0 0 10 1
0 10 1 10 10 1 0 1 1 1 1 1 10 0 0 1 0 10 1 1 0 0 0 1 0 1 0 0 1 0 10 1 1 0 1 1 1 0 1 10 1 1 1 1 1 0 1 0 1 1 0 1 0 1 1 1 0 0 1 1 1 1 1 0 0 1 0 0 0 0 10 1 1 10 0 1 1 1 1 10 10 1 0 1 0 1 0 1 10 0 0 0 1 0 1 1 1 1 1 1 1 1 0
0 1 1 1 0 10 10 1 0 1 1 1 0 0 0 1 1 0 0 0 10 10 0 1 1 10 0 1 0 10 0 0 1 0 10 0 1 0 0 0 1 0 0 0 1 10 0 0 0 1 1 1 1 1 1 1 1 1 1 0 1 0 1 0 0 1 10 1 1 1 0 1 0 1 0 0 1 1 1 1 0 10 1 10 1 1 1 0 0 1 1 10 0 1 0 0 1 10 1 0 0 1 1
1 10 10 10 1 1 1 1 1 1 10 0 10 0 1 1 0 1 0 1 1 1 0 1 1 1 0 0 0 0 1 0 1 1 10 1 1 1 0 1 10 1 10 0 1 0 1 0 10 1 0 0 1 1 10 10 0 0 0 1 1 0 0 1 1 0 1 0 0 0 1 0 0 10 1 1 1 10 0 1 1 0 1 1 0 1 0 0 1 10 1 1 0 0 1 0 0 0 0 1 0 1 0
1 1 1 1 0 10 1 10 1 1 0 0 0 0 0 1 10 0 0 0 1 10 0 1 1 1 1 0 0 1 0 1 10 0 10 0 1 0 1 0 1 1 0 0 0 10 1 0 0 10 1 0 1 0 1 10 1 1 0 1 1 0 1 0 10 1 0 1 1 10 1 10 0 1 1 1 1 1 1 0 0 1 1 10 1 0 1 0 0 1 10 1 0 1 1 0 0 1 1 1 1 1 0
1 0 0 0 0 0 1 1 1 0 1 1 0 0 0 0 1 0 0 0 1 0 0 0 10 1 1 1 0 1 0 1 1 0 0 0 0 0 1 0 0 1 0 0 1 10 1 0 0 1 0 1 0 1 0 1 0 10 1 1 0 0 0 0 1 0 1 0 10 1 1 1 0 0 1 1 0 0 0 1 0 1 0 0 10 1 0 0 0 0 1 1 0 0 1 0 1 1 0 1 1 0 1
1 0 0 0 0 0 1 1 1 0 1 1 0 0 0 0 1 0 0 0 1 0 0 0 10 1 1 1 0 1 0 1 1 0 0 0 0 0 1 0 0 1 0 0 1 10 1 0 0 1 0 1 0 1 0 1 0 10 1 1 0 0 0 0 1 0 1 10 0 1 1 1 0 0 1 1 0 0 0 1 0 1 0 0 10 1 0 0 0 0 1 1 0 0 1 0 1 1 0 1 1 0 1
1 0 0 0 0 1 0 10 1 1 0 1 0 0 0 1 10 0 1 1 1 10 1 0 1 1 1 0 0 10 1 10 1 0 1 0 1 0 10 0 0 10 0 1 1 10 1 0 1 10 10 0 1 0 1 1 10 10 0 1 0 0 1 0 1 0 10 1 1 0 1 10 0 0 10 1 1 0 1 0 0 1 0 1 1 0 10 0 0 0 1 0 0 1 1 0 0 1 10 10 1 1 1
1 10 1 1 10 0 0 10 10 1 1 1 1 0 0 1 1 1 0 1 0 0 0 0 1 1 1 0 0 0 1 1 1 0 1 0 0 0 1 10 1 10 1 1 1 1 10 0 1 10 0 1 0 1 1 10 0 1 0 10 0 1 1 10 0 1 1 1 1 1 0 10 1 1 1 10 1 1 1 10 1 1 0 1 1 1 0 1 10 0 1 0 0 0 1 0 0 0 1 10 1 1 0
1 1 0 0 1 1 0 10 1 1 0 1 0 0 0 10 10 0 0 0 1 1 0 0 1 1 1 0 0 1 0 1 1 0 1 0 1 0 1 1 0 1 0 1 0 10 10 0 0 10 1 1 0 1 1 1 1 1 0 10 0 1 10 1 1 0 10 1 1 10 10 0 1 0 1 1 1 0 10 1 0 10 0 10 1 0 1 1 1 0 1 0 0 1 1 0 0 1 10 1 1 10 0
0 1 0 0 1 0 0 0 0 0 0 1 0 0 0 1 0 0 0 0 0 0 0 0 0 0 0 0 0 0 0 0 0 0 0 0 0 0 0 1 0 0 0 1 0 0 1 0 0 0 0 1 0 1 0 0 0 0 0 1 0 1 1 1 0 0 0 0 0 0 1 1 0 0 0 0 0 0 1 1 0 1 0 1 0 0 0 1 1 0 0 0 0 0 0 0 0 0 1 0 0 1 0
0 10 10 100 1 10 1 1 1 1 1 0 10 0 0 0 0 10 1 1 0 1 0 10 0 1 0 0 1 0 10 1 10 0 10 1 1 0 1 1 10 1 1 0 1 0 0 0 1 1 0 0 1 0 1 10 0 0 1 0 10 0 0 10 1 10 1 0 0 0 1 0 0 0 0 1 1 10 0 1 10 0 1 1 0 1 0 0 1 1 1 1 1 0 1 1 1 1 0 1 1 0 0
10 0 0 0 0 0 0 1 1 0 1 1 1 0 1 1 1 0 1 1 1 1 1 0 10 0 1 0 0 1 1 10 1 1 0 1 1 1 10 0 0 10 1 1 1 1 10 0 10 1 1 0 1 1 1 1 1 10 0 10 0 0 0 0 0 1 1 1 1 10 1 1 0 0 0 1 0 0 0 0 0 0 0 0 1 0 1 0 0 1 1 0 0 0 10 0 0 0 1 10 1 1 1
10 1 1 1 1 0 0 10 10 10 1 0 1 1 1 0 1 1 0 1 0 0 1 1 1 1 10 0 1 0 1 1 1 1 1 0 0 1 1 10 1 10 1 1 1 1 1 1 1 10 0 0 1 0 1 10 1 1 1 1 1 0 1 1 0 1 1 1 1 1 10 1 0 1 1 0 1 10 1 1 10 0 1 0 1 10 0 0 10 0 10 0 0 0 1 0 1 0 0 10 1 0 1
0 1 1 1 1 1 0 10 1 10 1 0 1 0 0 1 1 1 0 1 1 1 0 0 0 10 0 0 0 1 1 0 0 0 10 0 1 0 0 1 1 1 1 0 1 1 0 0 1 10 1 0 0 0 10 1 1 0 0 0 0 0 1 1 1 1 1 0 0 1 1 1 0 1 0 1 0 1 1 1 1 1 0 1 0 1 1 0 1 0 0 0 0 1 0 0 0 1 1 1 0 1 0
1 10 10 10 1 1 1 1 1 10 1 0 1 1 1 0 0 1 0 1 0 1 1 10 0 1 1 0 1 0 1 0 1 1 10 0 0 1 0 10 10 1 1 1 1 0 0 1 1 1 0 0 10 0 1 10 1 0 1 0 10 0 1 1 1 10 1 0 0 0 1 0 0 10 0 10 1 0 1 1 10 0 10 1 0 10 0 0 10 1 10 1 0 0 0 0 1 0 0 1 0 0 1
1 1 0 0 1 1 0 1 0 10 0 1 0 1 1 10 1 0 0 0 1 1 1 1 0 1 1 0 1 1 0 0 0 1 1 0 1 1 0 10 0 0 0 10 0 1 1 1 0 1 1 1 1 1 1 0 10 0 1 1 1 1 100 1 1 0 1 0 0 1 1 10 1 0 0 1 1 1 0 1 1 10 1 10 0 1 1 1 10 0 1 0 0 1 0 0 1 1 10 0 0 10 1
0 10 1 1 10 0 1 1 1 1 10 10 1 0 0 1 0 1 0 1 1 0 0 0 1 10 0 1 0 1 1 0 0 0 1 0 0 0 0 10 1 1 1 1 10 1 1 0 1 1 0 10 0 10 1 1 0 1 1 1 0 1 1 10 1 1 0 1 1 0 10 1 1 1 0 1 1 1 1 0 1 10 0 1 1 10 0 1 10 0 0 1 0 0 0 0 1 1 1 1 0 1 1
1 1 1 10 1 1 0 1 1 10 1 0 10 1 1 0 0 10 1 1 0 0 1 10 0 1 1 0 10 0 10 1 1 1 1 1 1 1 1 10 1 1 1 1 1 0 0 1 1 1 0 0 1 0 1 1 1 0 10 0 10 0 1 10 0 1 0 0 0 0 1 0 0 10 0 10 1 10 1 1 0 0 1 0 0 10 0 0 10 0 1 0 1 0 1 1 10 1 0 1 1 0 1
0 1 0 0 1 1 1 1 0 1 1 10 0 0 0 10 1 0 0 0 10 1 0 0 1 10 0 1 0 10 0 0 0 0 1 0 1 0 0 1 0 0 0 1 1 10 1 0 0 1 1 10 0 10 1 0 1 1 1 1 0 1 10 1 10 0 1 1 1 1 1 10 1 0 0 0 1 0 10 10 0 0 0 10 1 1 1 1 1 0 0 1 0 1 0 0 1 10 10 0 0 10 1
1 1 1 1 0 1 1 0 0 1 0 0 0 1 1 0 0 0 0 0 0 1 1 10 0 0 1 0 1 0 0 0 1 1 1 0 0 1 0 1 1 0 0 1 0 0 0 1 0 0 0 0 10 0 0 1 1 0 1 0 10 0 1 0 1 1 1 0 0 0 0 0 0 1 0 1 0 10 1 0 1 0 0 1 0 1 0 0 1 1 10 1 0 0 0 0 1 0 0 0 0 0 1
0 10 1 1 1 10 1 1 0 1 0 1 0 0 0 10 1 0 0 0 1 10 0 1 0 1 0 0 0 1 0 0 1 0 10 0 1 0 0 1 1 0 0 1 0 1 1 0 0 1 1 1 1 1 1 1 1 0 0 1 1 1 10 1 10 1 10 0 0 1 1 10 1 1 0 0 1 1 10 1 0 10 1 0 0 0 1 1 1 1 1 1 0 1 0 0 0 1 10 0 0 10 0
1 0 0 0 0 0 1 1 1 0 1 1 0 0 0 0 1 0 0 0 1 0 0 0 10 1 1 1 0 1 0 1 1 0 0 0 0 0 1 0 0 1 0 0 1 10 1 0 0 1 0 1 0 1 0 1 0 10 1 1 0 0 0 0 1 0 1 10 10 1 1 1 0 0 1 1 0 0 0 1 0 1 0 0 0 1 0 0 0 0 1 1 0 0 1 0 1 1 0 1 1 0 1
1 1 1 1 1 0 1 1 1 10 10 1 1 1 1 0 0 1 0 1 1 0 1 1 1 10 1 1 1 1 1 0 0 1 1 0 0 1 0 10 1 1 1 1 10 1 0 1 1 1 0 1 1 1 1 1 1 1 10 0 1 0 1 1 1 1 0 1 1 0 1 0 0 1 0 10 1 10 1 10 10 1 1 0 1 0 0 0 10 0 1 1 0 0 0 0 10 1 0 1 0 0 10
0 0 0 0 0 1 0 1 0 1 0 1 0 0 0 1 1 0 1 1 1 10 1 0 0 1 0 0 0 10 1 1 0 0 1 0 1 0 1 0 0 1 0 1 1 1 0 0 1 1 10 0 1 0 1 0 10 1 0 0 0 0 1 0 1 0 1 0 0 10 0 1 0 0 1 0 1 0 1 0 0 1 0 1 0 0 0 0 0 0 0 0 0 1 0 0 0 1 10 1 0 1 1
0 1 0 0 1 0 0 0 0 0 0 1 0 0 0 1 0 0 0 0 0 0 0 0 0 0 0 0 0 0 0 0 0 0 0 0 0 0 0 1 0 0 0 1 0 0 1 0 0 0 0 1 0 1 0 0 0 0 0 1 0 1 1 1 0 0 0 0 0 0 1 1 1 0 0 0 0 0 1 1 0 1 0 1 0 0 0 0 1 0 0 0 0 0 0 0 0 0 1 0 0 1 0
1 10 1 1 10 0 0 1 1 10 1 1 1 1 1 1 0 1 0 1 0 0 1 1 0 1 1 0 1 0 1 0 0 1 1 0 0 1 0 100 1 1 1 10 1 0 1 1 1 1 0 1 1 1 1 1 1 0 1 1 1 1 10 10 0 1 0 0 0 0 10 1 1 1 0 10 1 10 10 10 10 1 1 1 0 10 0 1 0 0 1 0 0 0 0 0 1 0 1 1 0 1 1
1 1 1 1 0 1 1 0 0 0 1 0 1 0 1 1 0 0 0 0 1 1 0 1 1 0 0 0 0 0 0 0 1 1 1 1 1 1 0 0 1 0 1 0 0 0 1 0 1 0 0 0 1 1 1 1 0 0 0 1 1 0 0 0 1 10 1 0 0 0 0 0 0 1 1 0 0 1 0 0 0 0 1 1 0 0 0 0 0 0 1 1 0 0 1 0 0 0 0 0 0 1 0
10 1 1 1 0 1 1 1 1 1 0 0 0 1 1 0 1 0 0 0 0 1 1 10 1 0 10 0 1 0 0 1 10 1 1 0 0 1 1 1 1 1 0 1 0 1 1 1 0 1 0 0 10 0 0 10 1 1 1 1 10 0 1 0 1 1 10 1 1 1 1 1 0 1 1 10 0 10 1 0 1 0 10 1 1 1 0 0 1 1 0 1 0 0 1 0 1 0 0 1 1 0 1
0 1 1 1 0 1 10 0 0 0 1 1 0 0 0 0 0 0 0 0 1 1 0 1 1 1 0 1 0 1 0 0 1 0 1 0 0 0 0 0 1 0 0 0 1 1 0 0 0 0 0 1 1 1 0 1 0 1 1 0 1 0 0 0 10 1 1 1 1 0 0 0 0 1 0 0 0 1 0 1 0 1 1 1 1 1 0 0 0 1 1 0 0 0 0 0 1 1 0 0 0 0 1
0 0 0 1 0 1 0 0 0 0 0 0 1 0 0 0 0 1 1 0 0 0 0 1 0 0 0 0 1 0 1 1 1 0 0 1 1 0 1 0 0 0 0 0 0 0 0 0 0 0 0 0 0 0 0 0 0 0 1 0 1 0 0 1 0 0 0 0 0 0 0 0 0 1 0 0 0 0 0 0 1 0 0 0 0 0 0 0 0 0 0 0 0 0 1 1 1 1 0 0 1 0 0
0 0 0 0 0 1 0 1 0 1 0 0 0 0 0 1 1 0 0 0 1 1 0 0 0 1 0 0 0 1 0 0 0 0 1 0 1 0 0 0 0 0 0 0 0 1 0 0 0 1 1 0 0 0 1 0 1 0 0 0 0 0 1 0 1 0 1 0 0 1 0 1 0 0 0 0 1 0 1 0 0 1 0 1 0 0 1 0 0 0 0 0 0 0 0 0 0 1 1 0 0 1 0
10 0 0 1 0 1 0 1 1 0 1 0 10 0 1 1 1 1 1 0 1 0 0 1 10 0 1 0 1 0 1 10 10 1 0 10 10 1 10 0 0 1 1 0 0 1 10 0 1 1 0 0 0 1 1 1 0 1 1 10 1 0 0 1 0 1 1 1 1 1 1 1 0 1 10 1 0 0 0 0 1 0 0 0 1 0 0 0 0 1 1 0 1 0 0 1 1 1 0 1 10 1 0
0 0 0 1 0 1 0 0 0 0 0 0 1 0 0 0 0 1 1 0 0 0 0 1 0 0 0 0 1 0 1 1 1 0 0 1 1 0 1 0 0 0 0 0 0 0 0 0 0 0 0 0 0 0 0 0 0 0 1 0 1 0 0 1 0 0 0 0 0 0 0 0 0 1 0 0 0 0 0 0 1 0 0 0 0 0 0 0 0 0 0 0 1 0 1 0 1 1 0 0 1 0 0
1 0 0 1 0 1 1 0 0 1 1 1 1 1 1 0 0 1 1 0 1 0 1 10 1 1 1 1 10 1 1 1 1 1 0 1 1 1 1 1 0 0 0 1 1 1 0 1 0 0 0 1 1 1 0 0 1 1 100 0 10 0 1 1 1 0 0 1 1 0 0 0 0 1 0 1 0 1 1 1 10 1 1 0 1 10 0 0 1 0 1 1 1 0 1 1 0 10 0 0 1 0 10
0 0 0 1 0 10 1 1 0 1 1 1 1 0 0 1 1 1 1 0 10 1 0 1 1 10 0 1 1 10 1 1 1 0 1 1 10 0 1 0 0 0 0 0 1 10 0 0 0 1 1 1 0 1 1 0 1 1 10 0 1 0 1 1 10 0 1 1 1 1 0 1 0 1 0 0 1 0 1 1 1 10 0 1 1 1 1 0 0 0 0 1 1 1 1 1 10 0 1 0 1 1 1
0 1 0 0 1 1 0 1 0 1 0 10 0 0 0 10 1 0 1 1 1 10 1 0 0 1 0 0 0 10 1 1 0 0 1 0 1 0 1 1 0 1 0 10 1 1 1 0 1 1 10 1 1 1 1 0 10 1 0 1 0 1 10 1 1 0 1 0 0 10 1 10 1 0 1 0 1 0 10 1 0 10 0 10 0 0 10 1 1 0 0 0 0 1 0 0 0 1 0 1 0 10 1
1 1 1 1 1 0 0 10 10 1 1 1 1 0 0 0 1 1 1 10 0 1 1 0 1 1 1 0 0 1 10 10 1 0 1 0 0 0 10 1 1 100 1 1 10 1 1 0 10 10 1 0 1 0 1 10 1 10 0 1 0 0 0 1 0 1 1 1 1 10 10 1 0 1 10 10 1 1 0 1 1 0 0 0 1 1 1 0 1 0 1 0 0 0 1 0 0 0 1 0 1 0 1
1 0 0 1 0 1 0 1 1 0 0 0 1 0 0 0 1 1 1 0 0 0 0 1 1 0 1 0 1 0 1 10 10 0 0 1 1 0 10 0 0 1 0 0 0 1 1 0 0 1 0 0 0 0 0 1 0 1 1 1 1 0 0 1 0 0 1 1 1 1 1 1 0 1 1 1 0 0 0 0 1 0 0 0 1 0 0 0 0 0 1 0 1 0 10 1 1 1 0 1 0 0 0
1 1 0 0 1 1 0 1 0 1 1 1 1 0 1 100 1 0 0 0 10 1 0 0 1 1 0 0 0 1 0 0 0 1 1 1 10 1 0 1 0 0 1 1 0 1 10 0 1 1 1 1 0 10 10 0 1 0 0 10 0 1 10 1 1 1 1 0 0 1 1 10 1 0 1 0 1 0 10 1 0 10 0 10 0 0 1 1 1 1 0 0 0 1 1 0 0 1 10 0 0 0 0
1 0 0 0 0 0 1 0 0 1 1 10 0 1 1 0 0 0 1 1 1 1 10 1 1 1 1 1 1 10 1 1 0 1 0 0 0 1 1 1 0 1 0 10 10 1 0 1 1 0 1 1 10 1 0 0 10 10 10 0 1 0 1 0 1 0 0 1 1 1 0 0 0 0 1 1 0 1 1 1 1 1 1 0 1 10 1 0 1 0 1 1 0 0 0 0 10 1 1 1 0 0 0
3
3 1 3
4 13 3
6 8 3
5
4 4 
1 3
2 4
3 6
4 4
2 4 
1 4
1 4
2 6
2 6
3 7 
1 4
1 4
2 6
2 6
2 6
3 4
3 4
2 3 
1 4
1 4
2 6
1 4 
1 4
1 4
1 6
1 4
103 10
3 1 7 9
3 4 5 8
2 4 5
3 0 4 5
2 5 8
3 0 4 6
2 2 4
3 5 6 7
2 5 7
3 5 6 9
3 1 2 5
3 2 3 8
3 0 1 5
1 9
2 1 9
3 1 6 8
2 6 7
2 0 5
2 0 3
2 3 5
3 1 2 6
3 3 4 6
2 3 9
3 0 4 9
3 1 2 7
3 2 5 6
2 7 9
1 2
2 0 9
3 2 3 6
3 0 3 5
3 0 3 7
3 0 4 7
2 1 9
3 4 5 6
2 0 1
3 0 1 6
2 1 9
3 0 3 7
3 5 8 9
2 4 5
3 3 5 7
2 1 5
3 3 8 9
3 2 3 5
3 2 6 7
3 1 7 8
1 9
3 1 3 5
3 5 6 7
2 3 6
2 2 8
3 3 4 9
3 1 2 8
3 1 5 6
3 4 5 7
3 3 6 9
3 2 3 7
3 0 2 9
3 1 7 8
3 0 4 9
1 8
3 6 8 9
3 0 5 8
3 2 4 6
3 1 4 5
3 4 6 7
2 2 7
2 2 7
3 3 6 7
3 5 7 8
3 6 7 8
1 8
3 0 4 5
3 1 3 7
3 5 7 9
2 5 6
3 4 5 9
3 6 8 9
3 2 5 8
3 0 5 9
3 2 6 8
2 4 9
3 4 6 8
2 2 7
3 2 5 9
2 3 6
1 8
3 5 8 9
2 1 4
3 4 7 9
2 2 4
1 0
1 6
3 0 1 7
1 0
3 0 2 9
3 0 2 6
3 3 6 8
3 3 5 7
2 0 7
3 1 6 8
3 2 3 9
103 311
5 175 245 261 53 75
3 155 214 41
5 1 149 191 258 275
5 179 242 255 273 63
8 109 113 170 208 214 229 232 269
4 102 274 30 31
2 230 9
4 13 164 253 256
8 143 151 174 229 268 272 72 95
2 182 221
2 209 260
4 130 268 272 36
6 132 217 222 244 261 269
3 129 253 263
5 103 205 220 242 43
5 202 254 266 64 92
6 133 184 20 203 241 270
6 122 128 189 215 223 230
3 123 67 69
4 18 233 246 81
5 10 125 156 277 74
2 221 268
2 118 173
3 264 46 8
4 238 272 68 7
1 45
4 183 201 228 33
4 108 148 265 271
2 166 26
3 252 267 275
1 274
2 251 277
2 176 21
2 161 222
8 110 22 236 239 247 258 271 277
2 104 231
4 131 204 248 80
4 144 180 210 275
6 136 137 212 265 270 98
4 188 225 267 83
1 14
2 145 93
3 16 250 253
6 101 111 256 264 267 57
3 124 23 249
2 194 216
3 107 220 238
2 264 273
4 114 206 262 273
4 213 252 271 44
7 116 177 185 226 249 251 268
6 100 106 172 240 276 85
4 120 211 250 76
3 141 277 73
5 153 243 250 40 60
8 12 138 158 265 267 70 79 87
7 11 163 169 171 192 232 262
4 115 139 160 235
8 140 168 178 181 223 237 241 275
6 119 197 239 252 266 270
8 231 233 240 27 272 274 55 61
5 162 249 261 49 91
6 117 227 235 245 257 28
4 260 262 263 277
5 135 167 195 199 54
2 266 51
5 105 217 248 276 38
4 196 277 32 77
6 134 159 219 248 276 277
8 142 236 243 254 29 35 48 65
6 146 247 259 4 58 97
4 127 157 269 34
2 274 59
4 147 84 94 99
4 126 228 37 62
5 152 154 224 225 260
3 207 251 255
4 219 47 66 78
8 121 216 218 24 254 271 82 90
4 255 258 263 269
4 187 226 25 5
2 275 56
3 15 259 96
6 198 200 213 234 257 71
3 237 244 259
2 0 86
4 165 215 227 270
5 193 257 39 6 89
4 150 2 256 276
3 112 17 218
4 234 42 52 88
3 190 224 3
2 246 273
7 186 19 247 276 278 279 50
2 280 281
3 282 283 284
4 285 286 287 288
2 289 290
4 291 292 293 294
5 295 296 297 298 299
3 300 301 302
3 303 304 305
5 306 307 308 309 310
