163
0 1 1 1 1 0 10 0 1 1 0 1 0 0 0 1 0 1 0 1 0 0 1 0 0 1 1 1 1 0 1 1 0 10 1 0 0 0 1 1 1 0 0 0 0 0 100 1 0 1 1 0 0 1 0 10 0 1 1 10 0 0 0 1 1 1 0 0 1 0 0 10 0 0 0 0 0 1 0 1 0 1 1 1 0 0 1 0 0 0 1 0 1 1 0 0 1 1 1 0 1 1 0 0 0 0 0 1 0 0 0 0 1 1 0 1 1 0 1 0 0 1 1 1 1 1 1 1 0 1 0 0 1 0 0 1 1 0 1 0 1 1 0 0 1 0 0 1 0 1 0 0 0 1 0 1 1 0 0 0 1 0 1
1 0 1 0 1 0 0 0 1 0 0 1 0 0 0 10 1 1 0 0 0 0 0 0 1 0 0 0 1 1 1 1 1 1 0 10 0 1 10 0 10 1 1 0 1 1 1 10 0 1 0 1 0 1 1 1 0 1 0 1 0 1 0 0 1 1 0 0 0 0 1 1 0 0 1 0 1 1 1 1 0 0 10 1 1 0 1 10 0 0 0 0 0 0 0 1 0 0 0 1 1 10 1 1 1 0 10 0 1 1 0 1 10 0 0 1 1 0 1 0 1 0 1 1 0 1 1 0 0 0 1 10 0 1 0 10 0 0 0 0 1 10 0 1 0 0 0 1 0 0 1 1 0 0 1 0 10 1 0 0 0 1 0
1 1 0 0 0 1 0 1 1 0 0 1 0 0 0 1 0 1 1 0 0 0 1 0 0 0 1 0 0 0 0 0 0 1 0 0 0 0 1 0 1 1 0 1 0 0 1 1 0 1 1 0 1 1 0 1 0 1 0 1 1 0 0 0 1 0 0 0 1 0 0 1 0 0 0 0 0 1 0 1 0 1 1 1 0 0 1 0 0 0 0 1 0 0 0 0 0 1 0 0 0 1 0 0 0 1 0 0 0 0 0 0 1 0 1 10 0 0 1 0 0 1 1 1 0 1 1 0 0 0 0 0 1 0 0 1 1 1 0 0 0 1 0 0 0 0 0 0 1 0 0 1 0 0 0 1 10 0 0 0 0 0 0
1 0 0 0 0 0 1 1 1 0 1 0 0 0 0 0 0 0 0 0 1 0 0 0 0 0 1 1 1 0 1 1 0 1 0 0 0 0 0 0 0 0 0 1 0 0 1 0 0 0 0 0 0 0 0 0 0 0 0 1 1 0 0 0 0 0 0 1 1 0 0 1 0 0 0 1 0 0 0 1 0 1 0 1 0 1 0 0 0 0 10 0 0 0 0 0 0 1 1 1 0 0 0 0 0 0 0 1 1 1 0 0 0 0 0 0 1 0 0 0 0 0 0 0 1 0 0 0 1 10 1 0 0 0 0 0 1 1 1 0 1 0 0 0 1 1 0 1 0 1 0 1 0 1 0 0 0 1 0 0 1 0 1
1 1 0 0 0 0 1 0 0 10 0 0 0 1 0 1 10 0 0 1 0 0 1 0 1 1 0 1 1 1 1 1 1 0 1 1 0 1 0 1 0 1 1 0 10 0 1 1 0 1 1 1 0 0 0 1 1 1 1 0 0 1 0 1 0 10 1 1 0 0 1 0 0 1 0 0 1 0 1 1 0 1 1 0 0 0 0 1 1 0 0 0 1 1 1 1 10 0 0 1 1 0 10 0 1 0 1 0 1 1 0 1 0 1 0 0 0 0 0 0 1 1 0 1 0 0 0 1 0 0 1 1 1 0 0 0 0 0 0 1 0 1 1 0 1 0 0 1 0 1 1 0 0 0 0 1 0 1 0 1 0 1 0
0 0 1 0 0 0 0 1 1 0 0 0 0 0 0 0 0 0 1 0 0 0 1 0 0 0 1 0 0 0 0 0 0 0 0 0 0 0 0 0 0 1 0 1 0 0 0 0 0 0 1 0 1 0 0 0 0 0 0 0 1 0 0 0 0 0 0 0 1 0 0 0 0 0 0 0 0 0 0 1 0 1 0 0 0 0 0 0 0 0 0 1 0 0 0 0 0 1 0 0 0 0 0 0 0 1 0 0 0 0 0 0 0 0 1 1 0 0 0 0 0 1 0 0 0 0 0 0 0 0 0 0 1 0 0 0 1 1 0 0 0 0 0 0 0 0 0 0 1 0 0 1 0 0 0 1 1 0 0 0 0 0 0
10 0 0 1 1 0 0 0 1 1 0 0 0 0 0 0 0 1 0 10 0 1 10 0 0 10 1 1 1 0 1 1 1 1 1 0 0 1 0 10 1 0 1 0 0 0 10 0 0 0 1 1 0 0 0 1 0 0 10 1 0 0 0 1 0 1 1 0 1 0 0 1 0 0 0 1 0 0 0 1 0 1 0 0 0 0 0 1 0 0 1 0 1 1 0 0 1 1 1 1 1 0 0 0 0 0 0 1 0 0 1 0 0 1 1 1 1 0 0 1 0 10 0 0 1 1 0 1 0 1 0 0 1 0 0 1 1 0 10 0 1 0 0 0 1 0 0 1 0 1 0 0 0 1 0 1 0 0 1 0 10 0 1
0 0 1 1 0 1 0 0 1 0 1 0 0 0 0 0 0 0 1 0 1 0 1 0 0 0 1 0 0 0 1 0 0 0 0 0 0 0 0 0 0 1 0 10 0 0 0 0 0 0 1 0 1 0 0 0 0 0 0 0 10 0 0 0 0 0 0 1 1 0 0 0 0 0 0 1 0 0 0 1 0 10 0 1 0 1 0 0 0 0 1 1 0 0 0 0 0 1 0 1 0 0 0 0 0 1 0 0 1 1 0 0 0 0 1 1 0 0 0 0 0 1 0 0 0 0 0 0 1 1 1 0 1 0 0 0 1 10 0 0 0 0 0 0 0 1 0 0 1 1 0 10 0 0 0 1 1 1 0 0 0 0 0
1 1 1 1 0 1 1 1 0 0 0 0 0 0 0 0 0 0 1 0 0 0 1 0 0 0 10 1 1 0 1 1 0 1 0 1 0 0 1 0 1 1 0 1 0 1 1 1 0 0 1 0 1 0 1 0 0 0 0 1 1 0 0 0 0 0 0 0 10 0 0 1 0 0 1 0 0 0 0 10 0 1 0 0 1 0 0 1 0 0 1 1 0 0 0 0 0 10 1 0 1 1 0 1 0 1 1 1 0 0 0 0 1 0 1 1 10 0 0 0 0 1 0 0 1 0 0 0 0 1 1 1 1 1 0 1 10 1 1 0 10 1 0 1 1 0 0 1 1 0 1 10 0 1 1 1 10 1 0 0 1 0 1
1 0 0 0 10 0 1 0 0 0 1 0 0 1 0 1 1 0 1 1 0 0 1 0 1 1 0 1 0 0 1 0 0 0 1 1 1 0 0 1 0 0 0 0 10 0 1 1 1 1 1 0 0 0 0 1 1 1 1 0 0 0 0 10 1 1 1 1 0 0 0 0 0 1 1 0 0 0 0 0 1 1 0 0 0 0 0 0 1 0 0 0 1 1 1 0 10 0 1 0 1 0 1 1 0 0 0 0 0 0 0 0 0 1 1 0 0 0 0 1 0 1 0 1 1 1 0 1 0 0 1 0 1 1 0 0 0 0 0 10 0 1 1 0 1 0 0 1 0 1 1 0 1 0 1 1 0 1 0 1 0 0 0
0 0 0 1 0 0 0 1 0 1 0 0 0 0 0 1 0 0 1 0 1 0 0 0 1 0 0 0 0 0 1 0 0 0 0 1 1 0 0 0 0 0 0 1 1 0 0 0 1 0 0 0 0 0 0 0 0 0 0 0 1 0 0 1 1 0 0 1 0 0 0 0 0 0 1 1 0 0 0 0 1 1 0 1 0 1 0 0 0 0 1 0 0 0 0 0 0 0 1 1 0 0 0 1 0 0 0 0 1 1 0 0 0 0 1 0 0 0 0 1 0 0 0 0 1 1 0 0 1 1 1 0 0 1 0 0 0 1 0 1 0 0 0 0 0 1 0 1 0 1 0 1 1 0 1 0 0 1 0 0 0 0 0
1 1 1 0 0 0 0 0 0 0 0 0 1 0 0 1 0 1 1 1 1 0 0 1 0 0 0 1 0 0 0 0 0 1 1 0 1 0 10 0 1 0 0 0 0 1 1 1 1 1 0 0 0 1 1 1 0 1 0 1 0 1 1 0 10 0 0 1 1 10 0 10 1 0 0 0 1 1 0 0 0 0 1 1 10 1 1 0 1 1 0 0 0 1 0 1 0 0 0 0 0 1 0 0 10 1 1 10 1 0 0 0 1 0 0 1 0 0 10 0 1 0 10 1 1 1 1 1 0 0 0 0 0 0 1 1 0 1 0 0 0 1 1 1 0 1 1 0 1 0 0 0 10 0 0 0 1 0 0 0 0 0 0
0 0 0 0 0 0 0 0 0 0 0 1 0 0 1 0 1 1 1 1 0 0 0 0 0 0 0 1 0 1 0 0 0 1 0 0 1 0 1 0 0 0 0 0 0 1 0 0 0 0 0 0 1 1 1 0 0 0 1 1 0 0 0 0 1 0 0 0 1 1 1 0 0 1 0 0 0 1 1 0 1 0 0 0 1 1 0 0 0 10 0 1 0 1 1 0 0 0 1 0 1 0 0 0 1 1 1 1 0 0 0 0 0 0 0 0 0 0 0 0 0 0 1 1 0 0 0 0 0 0 0 0 0 0 10 0 0 0 0 0 0 0 1 1 0 0 0 0 1 0 0 0 1 1 1 0 0 0 1 0 1 1 0
0 0 0 0 1 0 0 0 0 1 0 0 0 0 0 0 1 0 0 0 0 0 0 1 1 1 0 1 1 1 0 0 1 0 0 0 1 1 0 0 0 1 0 0 1 0 0 1 0 1 1 1 0 0 0 0 10 10 0 0 1 1 0 1 0 1 1 1 0 0 0 0 1 1 1 0 0 1 0 0 1 0 0 0 0 1 10 0 10 0 0 0 0 0 1 1 10 0 0 0 0 1 1 1 0 0 0 0 0 1 0 0 0 0 0 0 1 1 0 0 0 0 0 1 0 0 10 0 1 1 1 0 1 0 1 0 0 0 0 10 0 1 1 0 1 0 0 0 0 0 1 0 0 1 0 0 0 1 1 10 0 0 0
0 0 0 0 0 0 0 0 0 0 0 0 1 0 0 0 1 1 0 0 0 0 0 0 0 0 0 0 0 1 0 0 0 1 0 0 0 0 0 0 0 0 0 0 0 1 0 0 0 0 0 0 1 1 0 0 0 0 1 1 0 0 0 0 0 0 0 0 0 0 1 0 0 1 0 0 0 1 1 0 1 0 0 0 0 0 0 0 0 1 0 1 0 1 1 0 0 0 1 0 1 0 0 0 0 0 0 0 0 0 0 0 0 0 0 0 0 0 0 0 0 0 0 1 0 0 0 0 0 0 0 0 0 0 1 0 0 0 0 0 0 0 0 1 0 0 0 0 0 0 0 0 0 1 1 0 0 0 1 0 1 1 0
1 10 1 0 1 0 0 0 0 1 1 1 0 0 0 0 1 1 1 0 0 0 0 0 10 0 0 0 1 1 0 1 1 1 0 10 1 1 1 0 1 1 1 0 10 0 1 1 1 1 0 1 0 1 0 1 0 1 0 1 0 1 0 1 10 1 0 0 0 0 1 1 0 0 1 0 1 1 1 1 1 0 10 1 0 0 1 1 0 0 0 0 0 0 0 1 0 0 1 1 0 1 1 1 1 0 1 0 1 1 0 1 1 0 1 1 0 0 1 1 1 0 1 1 1 10 1 0 0 0 0 1 0 1 0 1 0 0 0 1 0 1 0 0 0 0 0 10 0 0 0 0 1 0 1 0 1 0 0 0 0 1 0
0 1 0 0 10 0 0 0 0 1 0 0 1 1 1 1 0 1 0 0 0 0 0 0 1 0 0 1 1 10 0 1 1 1 0 1 0 1 0 0 0 1 1 0 10 1 0 1 0 1 0 1 1 1 0 0 1 1 1 1 0 1 0 0 0 1 1 1 0 0 10 0 0 10 0 0 1 1 10 1 1 0 1 0 0 0 0 1 1 1 0 1 0 1 10 1 1 0 1 1 1 0 10 0 1 0 1 0 1 1 0 1 0 0 0 0 0 0 0 0 1 0 0 10 0 0 0 0 0 0 1 1 0 0 1 0 0 0 0 1 0 1 1 1 1 0 0 1 0 0 1 0 0 1 1 0 0 1 1 1 1 10 0
1 1 1 0 0 0 1 0 0 0 0 1 1 0 1 1 1 0 0 1 0 1 1 0 0 1 0 0 0 1 0 0 1 10 0 0 0 1 1 1 10 0 1 0 0 1 1 1 0 1 0 1 1 10 0 1 0 1 10 10 0 0 0 0 1 0 1 0 0 0 1 1 0 1 0 1 0 10 1 0 1 0 1 1 0 0 1 1 0 1 0 1 0 1 1 0 0 0 1 1 1 1 0 0 0 0 0 0 0 0 1 0 1 0 1 10 0 0 1 1 0 1 1 10 0 10 1 0 0 0 0 0 0 0 1 10 0 0 1 0 0 1 0 1 0 0 0 0 0 0 0 0 0 1 1 0 1 0 10 0 10 1 0
0 0 1 0 0 1 0 1 1 1 1 1 1 0 0 1 0 0 0 1 0 0 1 0 1 0 1 1 0 0 0 0 0 0 0 1 10 0 1 0 0 1 0 1 1 0 0 0 1 0 1 0 1 0 1 0 0 0 0 0 1 0 0 1 10 0 0 0 10 1 0 0 0 0 1 0 0 0 0 1 1 1 0 0 1 1 0 0 0 1 0 1 0 0 0 0 0 1 1 0 0 0 0 1 1 10 1 1 0 0 0 0 0 0 10 1 0 0 0 1 0 1 1 0 1 1 0 0 0 0 0 0 1 1 1 0 1 1 0 1 0 0 1 0 0 0 0 1 10 0 0 1 10 0 1 1 1 0 0 0 0 0 0
1 0 0 0 1 0 10 0 0 1 0 1 1 0 0 0 0 1 1 0 0 1 10 0 0 10 0 1 0 0 1 0 1 0 1 0 1 1 1 10 1 0 1 0 0 0 1 0 0 0 1 1 0 0 1 1 0 0 10 0 0 0 0 1 1 1 1 0 1 1 0 0 0 0 0 1 0 0 0 0 0 1 0 0 1 1 0 1 0 1 0 0 1 1 0 0 1 0 0 1 1 0 0 0 1 1 1 1 0 0 1 0 0 1 1 1 0 0 0 1 0 10 1 0 0 1 0 1 0 0 0 0 1 0 1 1 0 0 1 0 0 0 1 0 0 0 0 0 1 1 0 0 1 0 0 1 0 0 1 0 1 0 0
0 0 0 1 0 0 0 1 0 0 1 1 0 0 0 0 0 0 0 0 0 0 0 1 0 0 0 0 0 0 1 0 0 0 1 0 0 0 0 0 0 0 0 1 0 1 0 0 1 0 0 0 0 0 0 0 0 0 0 0 1 1 1 0 0 0 0 10 0 1 0 1 1 0 0 1 1 0 0 0 0 1 0 1 1 1 0 0 1 0 1 0 0 1 0 1 0 0 0 1 0 0 0 0 1 0 0 1 10 1 0 0 0 0 0 0 0 0 1 0 1 0 0 0 1 0 0 1 1 1 1 0 0 0 0 0 0 10 0 0 0 0 0 1 0 10 1 0 0 1 0 1 1 0 0 0 0 1 0 0 0 0 0
0 0 0 0 0 0 1 0 0 0 0 0 0 0 0 0 0 1 0 1 0 0 1 0 0 1 0 0 0 0 0 0 1 0 0 0 0 1 0 1 1 0 1 0 0 0 0 0 0 0 0 1 0 0 0 0 0 0 1 0 0 0 0 0 0 0 1 0 0 0 0 0 0 0 0 1 0 0 0 0 0 0 0 0 0 0 0 1 0 0 0 0 0 0 0 0 0 0 0 1 0 0 0 0 0 0 0 0 0 0 1 0 0 0 1 1 0 0 0 1 0 1 0 0 0 1 0 0 0 0 0 0 0 0 0 1 0 0 1 0 0 0 0 0 0 0 0 0 0 0 0 0 0 0 0 0 0 0 1 0 1 0 0
1 0 1 0 1 1 10 1 1 1 0 0 0 0 0 0 0 1 1 10 0 1 0 0 0 10 1 0 0 0 1 0 1 0 1 0 0 1 0 10 1 1 1 1 0 0 1 0 0 0 10 1 1 0 0 1 0 0 10 0 1 0 0 1 0 1 1 0 1 0 0 0 0 0 0 1 0 0 0 1 0 10 0 0 0 0 0 1 0 0 0 1 1 1 0 0 1 1 0 1 1 0 0 0 0 1 0 0 0 0 1 0 0 1 10 10 0 0 0 1 0 100 0 0 0 1 0 1 0 0 0 0 10 0 0 1 1 1 1 0 0 0 0 0 0 0 0 0 1 1 0 1 0 0 0 10 1 0 1 0 1 0 0
0 0 0 0 0 0 0 0 0 0 0 1 0 1 0 0 0 0 0 0 1 0 0 0 1 0 0 0 0 1 0 0 0 0 1 0 0 0 0 0 0 1 0 0 0 1 0 0 1 0 0 0 0 0 0 0 1 0 0 0 0 10 1 1 0 0 0 1 0 1 0 1 1 0 1 0 1 0 0 0 0 0 0 0 1 1 1 0 1 0 0 0 0 1 0 10 1 0 0 0 0 0 0 1 1 0 0 1 1 0 0 0 0 0 0 0 0 1 1 0 1 0 0 0 1 0 1 1 1 0 0 0 0 0 0 0 0 1 0 0 0 0 0 1 0 1 1 0 0 0 0 0 1 1 0 0 0 0 1 1 0 0 0
0 1 0 0 1 0 0 0 0 1 1 0 0 1 0 10 1 0 1 0 0 0 0 1 0 0 0 0 1 10 0 1 1 0 0 10 1 1 0 0 0 10 1 0 10 0 0 0 1 0 0 1 0 0 0 0 1 0 0 0 0 10 0 10 1 1 0 0 0 0 1 0 0 0 10 0 1 0 1 1 1 0 1 0 0 1 1 1 0 0 0 0 0 0 0 10 1 0 1 1 0 0 1 10 1 0 1 0 1 1 0 1 0 0 1 0 0 1 0 1 1 0 0 0 1 1 1 0 1 0 0 1 0 1 0 0 0 0 0 1 0 0 0 0 0 0 0 10 0 0 0 0 1 1 1 0 0 0 1 1 0 1 0
1 0 0 0 1 0 10 0 0 1 0 0 0 1 0 0 0 1 0 10 0 1 10 0 0 0 0 0 1 0 1 0 10 0 1 0 1 10 0 10 1 0 1 0 0 0 1 0 0 0 10 10 0 0 0 1 0 1 10 0 1 0 0 1 0 10 1 0 0 0 0 0 1 0 0 1 0 1 0 0 1 1 0 0 0 0 1 1 1 0 0 0 1 1 0 0 1 0 0 1 1 1 0 0 0 0 0 0 0 1 1 0 0 1 1 1 1 0 0 1 0 10 0 0 0 1 1 1 0 1 0 0 10 0 1 1 0 0 1 1 0 0 0 0 0 0 0 0 0 1 0 0 0 0 0 1 0 0 1 0 1 0 0
1 0 1 1 0 1 1 1 10 0 0 0 0 0 0 0 0 0 1 0 0 0 1 0 0 0 0 1 1 0 0 1 0 1 0 0 0 0 0 0 0 1 0 1 0 0 1 0 0 0 1 0 1 0 0 0 0 0 0 1 1 0 0 0 0 0 0 0 10 0 0 1 0 0 0 0 0 0 0 10 0 1 0 0 0 0 0 0 0 0 1 1 0 0 0 0 0 10 1 0 0 0 0 0 0 1 0 1 0 0 0 0 0 0 1 1 1 0 0 0 0 1 0 0 1 0 0 0 0 1 0 0 1 0 0 0 10 1 1 0 1 0 0 0 1 0 0 1 1 0 0 1 0 1 0 1 1 0 0 0 1 0 1
1 0 0 1 1 0 1 0 1 1 0 1 1 1 0 0 1 0 1 1 0 0 0 0 0 0 1 0 1 0 0 1 0 1 0 0 1 0 1 0 0 0 0 0 1 0 1 1 0 1 0 0 0 0 1 0 1 1 0 1 0 0 0 0 1 0 1 1 10 1 0 1 0 1 0 0 0 0 0 1 0 0 0 0 1 1 0 0 1 1 1 0 0 0 1 0 1 1 1 0 0 0 1 0 1 1 1 10 0 0 0 0 0 0 0 0 1 0 0 0 0 0 1 1 1 0 0 0 0 1 1 0 0 0 1 0 1 0 1 1 1 1 10 0 10 0 0 1 1 0 1 0 1 1 0 0 0 1 0 1 1 0 1
1 1 0 1 1 0 1 0 1 0 0 0 0 1 0 1 1 0 0 0 0 0 0 0 1 1 1 1 0 1 0 10 10 1 0 1 1 10 0 0 0 1 1 0 1 0 1 0 0 0 1 10 0 0 0 0 0 1 0 1 1 1 0 0 0 10 0 0 1 0 1 1 1 0 0 0 1 1 1 10 1 0 1 0 0 0 1 1 1 0 1 0 0 0 0 1 0 1 1 1 0 1 1 0 1 0 1 1 1 10 0 1 0 0 0 0 10 0 0 0 1 0 0 0 1 0 1 0 0 10 0 1 1 0 1 0 1 0 1 1 1 0 0 0 1 0 0 10 0 0 0 0 0 1 0 0 0 0 0 0 1 1 1
0 1 0 0 1 0 0 0 0 0 0 0 1 1 1 1 10 1 0 0 0 0 0 1 10 0 0 0 1 0 0 1 1 1 0 1 0 1 0 0 0 10 1 0 1 1 0 0 0 0 0 1 1 1 0 0 1 0 1 1 0 10 0 1 0 1 0 0 0 0 10 0 0 1 1 0 1 1 10 1 1 0 1 0 0 1 1 1 0 1 0 1 0 1 1 10 1 0 1 1 1 0 1 1 1 0 1 0 1 1 0 1 0 0 0 0 0 1 0 0 1 0 0 1 0 0 1 0 1 0 0 1 0 0 1 0 0 0 0 0 0 0 0 1 0 0 0 1 0 0 0 0 0 10 1 0 0 0 10 1 1 10 0
1 1 0 1 1 0 1 1 1 1 1 0 0 0 0 0 0 0 0 1 1 0 1 0 0 1 0 0 0 0 0 0 0 0 1 1 0 0 1 1 1 0 0 1 0 1 1 1 0 0 1 0 0 0 1 1 0 0 1 0 1 0 0 1 0 1 0 1 0 0 0 0 0 0 1 1 0 0 0 0 0 10 0 1 1 1 0 1 0 0 1 0 1 1 0 0 1 0 0 1 10 1 0 1 0 0 1 0 1 1 0 0 1 1 0 0 1 0 0 0 0 1 0 0 0 0 0 1 1 1 10 1 1 1 0 1 0 1 0 0 1 1 0 1 0 1 0 0 0 10 1 10 0 0 1 1 1 10 0 0 0 0 0
1 1 0 1 1 0 1 0 1 0 0 0 0 0 0 1 1 0 0 0 0 0 0 0 1 0 1 1 10 1 0 0 1 1 0 1 0 1 0 0 0 1 1 0 1 0 1 0 0 0 0 1 0 0 0 0 0 0 0 1 0 1 0 0 0 1 0 0 1 0 1 1 0 0 0 0 1 0 1 10 0 0 1 0 0 0 0 1 0 0 1 0 0 0 0 1 0 1 1 1 0 0 1 0 1 0 1 1 1 1 0 1 0 0 0 0 1 0 0 0 1 0 0 0 1 0 0 0 0 1 0 1 0 0 0 0 1 0 1 0 1 0 0 0 1 0 0 10 0 0 0 0 0 1 0 0 0 0 0 0 1 1 1
0 1 0 0 1 0 1 0 0 0 0 0 0 1 0 1 1 1 0 1 0 1 1 0 1 10 0 0 10 1 0 1 0 0 0 1 1 100 0 1 1 1 10 0 1 0 0 0 0 0 1 100 0 0 0 0 0 1 1 0 1 1 0 0 0 10 1 0 0 0 1 0 1 0 0 1 1 1 1 1 1 0 1 0 0 0 1 10 1 0 0 0 0 0 0 1 0 0 0 10 0 1 1 0 1 0 1 0 1 10 1 1 0 0 1 1 1 0 0 1 1 1 0 0 0 1 1 0 0 1 0 1 1 0 1 1 0 0 1 1 0 0 0 0 0 0 0 1 0 0 0 0 0 0 0 0 0 0 1 0 1 1 0
10 1 1 1 0 0 1 0 1 0 0 1 1 0 1 1 1 10 0 0 0 0 0 0 0 0 1 1 1 1 0 1 0 0 0 0 0 0 1 0 1 0 0 0 0 1 10 1 0 1 0 0 1 10 0 1 0 1 1 100 0 0 0 0 1 0 0 0 1 0 1 10 0 1 0 0 0 10 1 1 1 0 1 1 0 0 1 0 0 1 1 1 0 1 1 0 0 1 10 0 1 1 0 0 0 0 0 1 0 0 0 0 1 0 0 1 1 0 1 0 0 0 1 10 1 1 1 0 0 1 0 0 0 0 1 1 1 0 1 0 1 1 0 1 1 0 0 1 0 0 0 0 0 10 1 0 1 0 1 0 10 1 1
1 0 0 0 1 0 1 0 0 1 0 1 0 0 0 0 0 0 0 1 1 0 1 1 0 1 0 0 0 0 1 0 0 0 0 0 0 0 0 1 0 0 0 0 0 1 1 0 1 0 1 0 0 0 0 1 0 0 1 0 0 1 1 1 0 1 0 1 0 1 0 1 1 0 0 0 1 0 0 0 0 1 0 0 1 0 0 0 1 0 0 0 1 10 0 1 1 0 0 0 1 0 0 0 1 0 0 1 1 0 0 0 0 1 0 0 0 0 1 0 1 1 0 0 1 0 0 10 0 0 0 0 1 0 0 0 0 1 0 0 0 0 0 1 0 1 1 0 0 1 0 0 1 0 0 1 0 0 0 0 0 0 0
0 10 0 0 1 0 0 0 1 1 1 0 0 0 0 10 1 0 1 0 0 0 0 0 10 0 0 0 1 1 1 1 1 0 0 0 1 1 1 0 1 1 1 0 10 1 0 1 1 0 0 1 0 0 1 0 0 0 0 0 0 1 0 1 1 1 0 0 0 0 1 0 0 0 10 0 1 0 1 1 1 0 1 0 1 0 0 10 0 0 0 0 0 0 0 1 0 0 1 1 1 1 1 10 1 0 10 0 1 1 0 1 1 0 1 0 1 0 0 1 1 0 0 0 1 1 0 0 0 0 1 10 0 10 0 1 0 0 0 1 1 1 0 1 0 0 0 10 0 0 1 1 1 0 10 0 1 1 0 0 0 1 0
0 0 0 0 0 0 0 0 0 1 1 1 1 1 0 1 0 0 10 1 0 0 0 0 1 1 0 1 1 0 0 0 1 0 0 1 0 1 1 0 0 0 0 0 1 0 0 0 1 0 1 1 0 0 1 0 0 1 0 0 1 0 0 1 10 1 0 0 1 1 0 0 1 0 1 0 0 1 0 0 10 0 0 0 1 1 1 0 1 1 0 0 0 0 0 0 0 0 1 0 0 1 0 1 1 1 1 1 0 1 0 0 0 0 1 0 1 0 0 1 0 0 1 0 1 1 1 0 0 1 0 0 1 1 10 0 0 0 0 10 0 0 1 0 0 0 0 1 1 0 0 0 10 0 1 0 0 0 0 0 0 0 0
0 1 0 0 1 0 1 0 0 0 0 0 0 1 0 1 1 1 0 1 0 1 1 0 1 10 0 0 10 1 0 1 100 0 0 1 1 0 0 1 1 1 10 0 1 0 0 0 0 0 1 100 0 0 0 0 0 1 1 0 1 1 0 0 0 10 1 0 0 0 1 0 1 0 0 1 1 1 1 1 1 0 1 0 0 0 1 10 1 0 0 0 0 0 0 1 0 0 0 10 0 1 1 0 1 0 1 0 1 10 1 1 0 0 1 1 1 0 0 1 1 1 0 0 0 1 1 0 0 1 0 1 1 0 1 1 0 0 1 1 0 0 0 0 0 0 0 1 0 0 0 0 0 0 0 0 0 0 1 0 1 1 0
1 10 1 0 0 0 0 0 1 0 0 10 1 0 0 1 0 1 1 1 0 0 0 0 0 0 0 1 0 0 1 0 0 1 0 1 1 0 0 0 10 0 0 0 0 1 1 10 0 1 0 0 0 1 10 1 0 1 0 1 0 0 0 0 10 0 0 0 1 1 0 1 0 0 1 0 0 1 0 0 0 0 1 1 10 1 1 1 0 1 0 0 0 0 0 0 0 0 0 0 1 10 0 1 1 1 10 1 0 0 0 0 10 0 0 1 1 0 1 0 0 0 10 1 0 1 1 0 0 0 1 1 0 1 1 10 0 0 0 0 1 10 1 1 0 0 0 0 1 0 1 1 1 0 1 0 10 1 0 0 0 0 0
1 0 0 0 1 0 10 0 0 1 0 0 0 0 0 0 0 1 0 10 0 1 10 0 0 10 0 0 0 0 1 0 1 0 1 0 0 1 0 0 1 0 1 0 0 0 1 0 0 0 1 1 0 0 0 1 0 0 10 0 0 0 0 1 0 1 1 0 0 0 0 0 0 0 0 1 0 0 0 0 0 1 0 0 0 0 0 1 0 0 0 0 1 1 0 0 1 0 0 1 1 0 0 0 0 0 0 0 0 0 1 0 0 1 1 1 0 0 0 1 0 10 0 0 0 1 0 1 0 0 0 0 1 0 0 1 0 0 1 0 0 0 0 0 0 0 0 0 0 1 0 0 0 0 0 1 0 0 1 0 1 0 0
1 10 1 0 0 0 1 0 1 0 0 1 0 0 0 1 0 10 0 1 0 1 1 0 0 1 0 0 0 0 1 0 1 1 0 1 0 1 10 1 0 0 1 0 0 1 1 10 0 1 0 1 0 1 1 1 0 1 1 1 0 0 0 0 1 0 1 0 0 0 0 1 0 0 1 1 0 1 0 0 0 0 1 1 1 0 1 10 0 0 0 0 0 0 0 0 0 0 0 1 1 10 0 1 0 0 1 0 0 0 1 0 10 0 1 10 1 0 1 1 0 1 1 1 0 10 1 0 0 0 1 1 0 1 0 100 0 0 1 0 1 10 0 1 0 0 0 0 0 0 1 1 0 0 1 0 10 1 1 0 1 0 0
0 1 1 0 1 1 0 1 1 0 0 0 0 1 0 1 1 0 1 0 0 0 1 1 10 0 1 0 1 10 0 1 1 0 0 1 0 1 0 0 0 0 1 1 1 0 0 0 0 0 1 1 1 0 0 0 1 0 0 0 1 10 0 1 0 1 0 0 1 0 1 0 0 0 1 0 1 0 1 10 0 1 1 0 0 1 1 1 0 0 0 1 0 0 0 10 1 1 0 1 0 0 1 1 1 1 1 0 1 1 0 1 0 0 1 1 0 1 0 0 1 1 0 0 0 0 1 0 1 0 0 1 1 0 0 0 1 1 0 0 0 0 0 0 0 0 0 1 1 0 0 1 0 1 0 1 1 0 1 1 0 1 0
0 1 0 0 1 0 1 0 0 0 0 0 0 0 0 1 1 1 0 1 0 1 1 0 1 1 0 0 1 1 0 1 10 0 0 1 0 10 0 1 1 1 0 0 1 0 0 0 0 0 0 10 0 0 0 0 0 0 1 0 0 1 0 0 0 1 1 0 0 0 1 0 0 0 0 1 1 0 1 1 0 0 1 0 0 0 0 10 0 0 0 0 0 0 0 1 0 0 0 10 0 0 1 0 1 0 1 0 1 1 1 1 0 0 1 1 0 0 0 1 1 1 0 0 0 1 0 0 0 0 0 1 0 0 0 1 0 0 1 0 0 0 0 0 0 0 0 1 0 0 0 0 0 0 0 0 0 0 1 0 1 1 0
0 0 1 1 0 1 0 10 1 0 1 0 0 0 0 0 0 0 1 0 1 0 1 0 0 0 1 0 0 0 1 0 0 0 0 0 0 0 0 0 0 1 0 0 0 0 0 0 0 0 1 0 1 0 0 0 0 0 0 0 10 0 0 0 0 0 0 1 1 0 0 0 0 0 0 1 0 0 0 1 0 10 0 1 0 1 0 0 0 0 1 1 0 0 0 0 0 1 0 1 0 0 0 0 0 1 0 0 1 1 0 0 0 0 1 1 0 0 0 0 0 1 0 0 0 0 0 0 1 1 1 0 1 0 0 0 1 10 0 0 0 0 0 0 0 1 0 0 1 1 0 10 0 0 0 1 1 1 0 0 0 0 0
0 1 0 0 10 0 0 0 0 10 1 0 0 1 0 10 10 0 1 0 0 0 0 0 10 0 0 1 1 1 0 1 1 0 0 10 1 1 0 0 0 1 1 0 0 0 0 1 1 1 0 1 0 0 0 0 1 1 0 0 0 1 0 1 1 1 1 1 0 0 1 0 0 1 1 0 1 0 1 1 1 0 1 0 0 0 0 1 1 0 0 0 0 0 1 1 1 0 1 1 0 0 10 1 1 0 1 0 1 1 0 1 0 0 1 0 0 0 0 1 1 0 0 1 1 1 0 0 0 0 1 1 0 1 0 0 0 0 0 10 0 1 1 0 1 0 0 10 0 0 1 0 1 0 1 0 0 1 0 1 0 1 0
0 1 0 0 0 0 0 0 1 0 0 1 1 0 1 0 1 1 0 0 1 0 0 1 0 0 0 0 0 1 1 0 0 1 1 1 0 0 1 0 1 0 0 0 0 0 0 1 1 0 0 0 1 1 1 0 0 0 1 1 0 1 1 0 0 0 0 1 0 1 1 1 1 1 1 0 1 1 1 0 1 0 0 0 10 0 0 1 1 1 0 1 0 10 1 1 0 0 1 0 10 1 0 1 1 0 1 1 1 0 0 0 1 0 0 0 1 0 1 0 1 0 0 1 1 0 0 1 0 0 1 1 0 1 1 1 0 1 0 0 1 1 0 100 0 1 1 0 0 0 1 1 1 1 10 0 1 1 1 0 1 1 0
100 1 1 1 1 0 10 0 1 1 0 1 0 0 0 1 0 1 0 1 0 0 1 0 0 1 1 1 1 0 1 1 0 10 1 0 0 0 1 1 1 0 0 0 0 0 0 1 0 1 1 0 0 1 0 10 0 1 1 10 0 0 0 1 1 1 0 0 1 0 0 10 0 0 0 0 0 1 0 1 0 1 1 1 0 0 1 0 0 0 1 0 1 1 0 0 1 1 1 0 1 1 0 0 0 0 0 1 0 0 0 0 1 1 0 1 1 0 1 0 0 1 1 1 1 1 1 1 0 1 0 0 1 0 0 1 1 0 1 0 1 1 0 0 1 0 0 1 0 1 0 0 0 1 0 1 1 0 0 0 1 0 1
1 10 1 0 1 0 0 0 1 1 0 1 0 1 0 1 1 1 0 0 0 0 0 0 0 0 0 1 0 0 1 0 0 1 0 1 0 0 10 0 10 0 0 0 1 1 1 0 0 10 0 0 0 1 1 1 1 10 0 1 0 0 0 0 1 0 1 1 0 0 0 1 0 1 1 0 0 1 0 0 0 0 1 1 1 0 1 1 1 0 0 0 0 0 1 0 1 0 0 0 1 10 1 1 0 0 1 0 0 0 0 0 10 0 0 1 1 0 1 0 0 0 1 10 0 1 1 0 0 0 10 1 0 1 0 10 0 0 0 1 1 100 1 1 1 0 0 0 0 0 10 1 0 0 1 0 10 10 0 1 0 0 0
0 0 0 0 0 0 0 0 0 1 1 1 0 0 0 1 0 0 1 0 1 0 0 1 1 0 0 0 0 0 0 0 0 0 1 1 1 0 0 0 0 0 0 0 1 1 0 0 0 0 0 0 0 0 0 0 0 0 0 0 0 1 1 1 1 0 0 1 0 1 0 1 1 0 1 0 1 0 0 0 1 0 0 0 1 0 0 0 1 0 0 0 0 1 0 1 0 0 1 0 0 0 0 1 1 0 0 1 1 0 0 0 0 0 1 0 0 0 1 1 1 0 0 0 10 1 0 1 0 0 0 0 0 1 0 0 0 1 0 1 0 0 0 1 0 1 1 1 0 0 0 0 10 0 1 0 0 0 0 0 0 0 0
1 1 1 0 1 0 0 0 0 1 0 1 0 1 0 1 1 1 0 0 0 0 0 0 0 0 0 1 0 0 0 0 0 1 0 0 0 0 1 0 1 0 0 0 1 0 1 10 0 0 0 0 0 1 0 1 1 10 0 1 0 0 0 0 1 0 1 1 0 0 0 1 0 1 0 0 0 1 0 0 0 0 1 1 0 0 1 0 1 0 0 0 0 0 1 0 1 0 0 0 0 1 1 0 0 0 0 0 0 0 0 0 1 0 0 1 0 0 1 0 0 0 1 10 0 1 1 0 0 0 1 0 0 0 0 1 0 0 0 1 0 10 1 0 1 0 0 0 0 0 1 0 0 0 0 0 1 1 0 1 0 0 0
1 0 1 0 1 1 1 1 1 1 0 0 0 1 0 0 0 0 1 1 0 0 10 0 0 10 1 0 1 0 1 0 1 0 1 0 1 1 0 1 0 1 0 1 0 0 1 0 0 0 0 1 1 0 0 1 0 1 1 0 10 0 0 1 0 10 0 0 1 0 0 0 1 0 0 0 0 1 0 1 1 10 0 0 0 0 1 0 1 0 0 1 1 1 0 0 1 1 0 0 1 1 0 0 0 1 0 0 0 1 0 0 0 1 1 1 1 0 0 0 0 10 0 0 0 0 1 1 0 1 0 0 100 0 1 0 1 1 0 1 0 0 0 0 0 0 0 0 1 1 0 1 0 0 0 10 1 0 0 0 0 0 0
0 1 0 0 1 0 1 0 0 0 0 0 0 1 0 1 1 1 0 1 0 1 1 0 1 10 0 0 10 1 0 1 100 0 0 1 1 100 0 1 1 1 10 0 1 0 0 0 0 0 1 0 0 0 0 0 0 1 1 0 1 1 0 0 0 10 1 0 0 0 1 0 1 0 0 1 1 1 1 1 1 0 1 0 0 0 1 10 1 0 0 0 0 0 0 1 0 0 0 10 0 1 1 0 1 0 1 0 1 10 1 1 0 0 1 1 1 0 0 1 1 1 0 0 0 1 1 0 0 1 0 1 1 0 1 1 0 0 1 1 0 0 0 0 0 0 0 1 0 0 0 0 0 0 0 0 0 0 1 0 1 1 0
0 0 1 0 0 1 0 1 1 0 0 0 1 0 1 0 1 1 1 0 0 0 1 0 0 0 1 0 0 1 0 0 0 1 0 0 0 0 0 0 0 1 0 1 0 1 0 0 0 0 1 0 0 1 0 0 0 0 1 1 1 0 0 0 0 0 0 0 1 0 1 0 0 1 0 0 0 1 1 1 1 1 0 0 0 0 0 0 0 1 0 10 0 1 1 0 0 1 1 0 1 0 0 0 0 1 0 0 0 0 0 0 0 0 1 1 0 0 0 0 0 1 0 1 0 0 0 0 0 0 0 0 1 0 1 0 1 1 0 0 0 0 0 1 0 0 0 0 1 0 0 1 0 1 1 1 1 0 1 0 1 1 0
1 1 1 0 0 0 0 0 0 0 0 1 1 0 1 1 1 10 0 0 0 0 0 0 0 0 0 0 0 1 0 0 0 10 0 0 0 0 1 0 1 0 0 0 0 1 1 1 0 1 0 0 1 0 0 1 0 1 1 10 0 0 0 0 1 0 0 0 0 0 1 1 0 1 0 0 0 10 1 0 1 0 1 1 0 0 1 0 0 1 0 1 0 1 1 0 0 0 1 0 1 1 0 0 0 0 0 0 0 0 0 0 1 0 0 1 0 0 1 0 0 0 1 10 0 1 1 0 0 0 0 0 0 0 1 1 0 0 0 0 0 1 0 1 0 0 0 0 0 0 0 0 0 1 1 0 1 0 1 0 1 1 0
0 1 0 0 0 0 0 0 1 0 0 1 1 0 0 0 0 0 1 1 0 0 0 0 0 0 0 1 0 0 1 0 0 0 0 1 1 0 10 0 1 0 0 0 0 1 0 1 0 0 0 0 0 0 0 0 0 0 0 0 0 0 0 0 1 0 0 0 1 1 0 0 0 0 1 0 0 0 0 0 0 0 0 0 10 1 0 1 0 1 0 0 0 0 0 0 0 0 0 0 1 1 0 1 1 1 10 1 0 0 0 0 1 0 0 0 1 0 0 0 0 0 1 0 0 0 0 0 0 0 1 1 0 1 1 1 0 0 0 0 1 1 1 1 0 0 0 0 1 0 1 1 1 0 1 0 1 1 0 0 0 0 0
10 1 1 0 1 0 1 0 0 1 0 1 0 0 0 1 0 1 0 1 0 0 1 0 0 1 0 0 0 0 1 0 0 1 1 0 0 0 1 1 1 0 0 0 0 0 10 1 0 1 1 0 0 1 0 0 0 1 1 1 0 0 0 1 1 1 0 0 0 0 0 1 0 0 0 0 0 1 0 0 0 1 1 1 0 0 1 0 0 0 0 0 1 1 0 0 1 0 0 0 1 1 0 0 0 0 0 0 0 0 0 0 1 1 0 1 0 0 1 0 0 1 1 1 0 1 1 1 0 0 0 0 1 0 0 1 0 0 0 0 0 1 0 0 0 0 0 0 0 1 0 0 0 0 0 1 1 0 0 0 0 0 0
0 0 0 0 1 0 0 0 0 1 0 0 0 10 0 0 1 0 0 0 0 0 0 1 1 0 0 1 0 1 0 0 0 0 0 0 0 0 0 0 0 1 0 0 1 0 0 1 0 1 0 0 0 0 0 0 0 1 0 0 0 1 0 1 0 0 1 1 0 0 0 0 0 1 1 0 0 0 0 0 0 0 0 0 0 1 1 0 1 0 0 0 0 0 1 1 10 0 0 0 0 0 1 1 0 0 0 0 0 0 0 0 0 0 0 0 0 1 0 0 0 0 0 1 0 0 1 0 1 0 1 0 0 0 0 0 0 0 0 1 0 1 1 0 1 0 0 0 0 0 1 0 0 1 0 0 0 1 1 10 0 0 0
1 1 1 0 1 0 0 0 0 1 0 1 0 10 0 1 1 1 0 0 0 0 0 0 0 1 0 1 1 0 0 0 1 1 0 0 1 1 1 0 1 0 0 0 1 0 1 10 0 10 1 1 0 1 0 1 1 0 0 1 1 0 0 0 1 1 1 1 0 0 0 1 1 1 0 0 0 10 0 0 1 0 1 1 0 0 10 0 10 0 0 0 0 0 1 0 1 0 0 0 0 10 1 0 0 0 0 0 0 1 0 0 1 0 0 1 1 0 1 0 0 0 1 10 0 1 10 0 0 1 1 0 1 0 1 1 0 0 0 10 0 10 1 0 1 0 0 0 0 0 1 0 0 0 0 0 1 1 0 1 0 0 0
1 0 0 0 1 0 10 0 0 1 0 0 1 0 1 0 1 10 0 10 0 1 10 0 0 10 0 0 0 1 1 0 1 1 1 0 0 1 0 10 1 0 1 0 0 1 1 0 0 0 1 1 1 1 0 1 0 0 0 1 0 0 0 1 0 1 1 0 0 0 1 0 0 1 0 1 0 1 1 0 1 1 0 0 0 0 0 1 0 1 0 1 1 10 1 0 1 0 1 1 10 0 0 0 0 0 0 0 0 0 1 0 0 1 1 1 0 0 0 1 0 10 0 1 0 1 0 1 0 0 0 0 1 0 1 1 0 0 1 0 0 0 0 1 0 0 0 0 0 1 0 0 0 1 1 1 0 0 10 0 10 1 0
10 1 1 1 0 0 1 0 1 0 0 1 1 0 1 1 1 10 0 0 0 0 0 0 0 0 1 1 1 1 0 1 0 100 0 0 0 0 1 0 1 0 0 0 0 1 10 1 0 1 0 0 1 10 0 1 0 1 1 0 0 0 0 0 1 0 0 0 1 0 1 10 0 1 0 0 0 10 1 1 1 0 1 1 0 0 1 0 0 1 1 1 0 1 1 0 0 1 10 0 1 1 0 0 0 0 0 1 0 0 0 0 1 0 0 1 1 0 1 0 0 0 1 10 1 1 1 0 0 1 0 0 0 0 1 1 1 0 1 0 1 1 0 1 1 0 0 1 0 0 0 0 0 10 1 0 1 0 1 0 10 1 1
0 0 1 1 0 1 0 10 1 0 1 0 0 1 0 0 0 0 1 0 1 0 1 0 0 1 1 0 1 0 1 0 1 0 0 0 1 1 0 0 0 1 0 10 0 0 0 0 0 0 10 1 1 0 0 0 0 1 0 0 0 0 0 0 0 1 0 1 1 0 0 0 1 0 0 1 0 1 0 1 1 10 0 1 0 1 1 0 1 0 1 1 0 0 0 0 0 1 0 1 0 1 0 0 0 1 0 0 1 10 0 0 0 0 1 1 1 0 0 0 0 1 0 0 0 0 1 0 1 10 1 0 10 0 1 0 1 10 0 1 0 0 0 0 0 1 0 0 1 1 0 10 0 0 0 1 1 1 0 0 0 0 0
0 1 0 0 1 0 0 0 0 0 0 1 0 1 0 1 1 0 0 0 1 0 0 10 10 0 0 0 1 10 0 1 1 0 1 1 0 1 0 0 0 10 1 0 1 1 0 0 1 0 0 1 0 0 0 0 1 0 0 0 0 0 1 1 0 1 0 1 0 1 1 1 1 0 1 0 10 0 1 1 0 0 1 0 1 1 1 1 1 0 0 0 0 1 0 100 1 0 0 1 0 0 1 1 10 0 1 1 10 1 0 1 0 0 0 0 0 1 1 0 10 0 0 0 1 0 1 1 1 0 0 1 0 0 0 0 0 1 0 0 0 0 0 1 0 1 1 1 0 0 0 0 1 1 0 0 0 0 1 1 0 1 0
0 0 0 0 0 0 0 0 0 0 0 1 0 0 0 0 0 0 0 0 1 0 0 1 0 0 0 0 0 0 0 0 0 0 1 0 0 0 0 0 0 0 0 0 0 1 0 0 1 0 0 0 0 0 0 0 0 0 0 0 0 1 0 0 0 0 0 1 0 1 0 1 1 0 0 0 1 0 0 0 0 0 0 0 1 0 0 0 1 0 0 0 0 1 0 1 0 0 0 0 0 0 0 0 1 0 0 1 1 0 0 0 0 0 0 0 0 0 1 0 1 0 0 0 1 0 0 1 0 0 0 0 0 0 0 0 0 1 0 0 0 0 0 1 0 1 1 0 0 0 0 0 1 0 0 0 0 0 0 0 0 0 0
1 0 0 0 1 0 1 0 0 10 1 0 0 1 0 1 0 0 1 1 0 0 1 1 10 1 0 0 0 1 1 0 0 0 1 1 1 0 0 1 0 1 0 0 1 0 1 0 1 0 1 0 0 0 0 1 1 0 1 0 0 1 0 0 1 1 0 0 0 0 0 0 0 0 10 0 0 0 0 0 1 1 0 0 0 1 1 0 0 0 0 0 1 1 0 1 10 0 1 0 1 0 0 10 0 0 0 0 0 0 0 0 0 1 1 0 0 1 0 1 0 1 0 0 1 1 1 1 1 0 0 0 1 1 0 0 0 0 0 1 0 0 0 0 0 0 0 1 0 1 0 0 1 1 1 1 0 0 1 1 0 0 0
1 1 1 0 0 0 0 0 0 1 1 10 1 0 0 10 0 1 10 1 0 0 0 0 1 0 0 1 0 0 0 0 0 1 0 1 10 0 10 0 1 0 0 0 1 0 1 1 1 1 0 0 0 1 1 1 0 1 0 1 0 0 0 1 0 0 0 0 1 1 0 1 0 0 1 0 0 1 0 0 1 0 1 1 1 1 1 0 0 1 0 0 0 0 0 0 0 0 1 0 0 1 0 1 1 1 1 1 0 0 0 0 1 0 1 1 0 0 1 1 0 0 10 1 1 10 1 0 0 0 0 0 0 1 1 1 0 0 0 1 0 1 1 0 0 0 0 1 1 0 0 0 10 0 1 0 1 0 0 0 0 0 0
1 1 0 0 10 0 1 0 0 1 0 0 0 1 0 1 1 0 0 1 0 0 1 0 1 10 0 0 10 1 1 1 10 0 1 1 1 10 0 1 0 1 1 0 1 0 1 0 0 0 10 10 0 0 0 1 0 1 1 0 1 1 0 1 0 0 0 0 0 0 1 0 1 0 0 0 1 1 1 1 1 1 1 0 0 0 1 1 1 0 0 0 1 1 0 1 1 0 0 1 1 1 1 0 1 0 1 0 1 10 0 1 0 1 0 0 1 0 0 0 1 1 0 0 0 0 1 1 0 1 0 1 10 0 1 0 0 0 0 1 0 0 0 0 0 0 0 1 0 1 0 0 0 0 0 1 0 0 0 0 0 1 0
0 0 0 0 1 0 1 0 0 1 0 0 0 1 0 0 1 1 0 1 0 1 1 0 0 1 0 1 0 0 0 0 1 0 0 0 0 1 0 1 1 0 1 0 1 0 0 1 0 1 0 1 0 0 0 0 1 1 1 0 0 0 0 0 0 0 0 1 0 0 0 0 0 1 0 1 0 0 0 0 0 0 0 0 0 0 0 1 1 0 0 0 0 0 1 0 1 0 0 1 0 0 1 0 0 0 0 0 0 0 1 0 0 0 1 1 0 0 0 1 0 1 0 1 0 1 0 0 0 0 1 0 0 0 0 1 0 0 1 1 0 1 1 0 1 0 0 0 0 0 1 0 0 0 0 0 0 1 1 1 1 0 0
0 0 0 1 1 0 0 1 0 1 1 1 0 1 0 0 1 0 0 0 10 0 0 1 0 0 0 1 0 0 1 0 0 0 1 0 0 0 0 0 0 0 0 1 1 1 0 1 1 1 0 0 0 0 0 0 1 1 0 0 1 1 1 0 0 0 1 0 0 1 0 1 1 1 0 1 1 0 0 0 0 1 0 1 1 1 0 0 10 0 1 0 0 1 1 1 1 0 0 1 0 0 1 0 1 0 0 1 10 1 0 0 0 0 0 0 0 0 1 0 1 0 0 1 1 0 0 1 1 1 10 0 0 0 0 0 0 10 0 1 0 1 1 1 1 10 1 0 0 1 1 1 1 0 0 0 0 10 0 1 0 0 0
1 0 1 1 0 1 1 1 10 0 0 1 1 0 0 0 0 0 10 1 0 0 1 0 0 0 10 10 1 0 0 1 0 1 0 0 1 0 1 0 0 1 0 1 0 0 1 0 0 0 1 0 1 0 1 0 0 0 0 1 1 0 0 0 1 0 0 0 0 1 0 1 0 0 0 0 0 0 0 10 0 1 0 0 1 1 0 0 0 1 1 1 0 0 0 0 0 10 1 0 0 0 0 0 1 10 1 10 0 0 0 0 0 0 1 1 1 0 0 0 0 1 1 0 1 0 0 0 0 1 0 0 1 0 1 0 10 1 1 0 1 0 1 0 1 0 0 1 10 0 0 1 1 1 0 1 1 0 0 0 1 0 1
0 0 0 0 0 0 0 0 0 0 0 10 1 0 0 0 0 0 1 1 1 0 0 1 0 0 0 1 0 0 0 0 0 0 1 0 1 0 1 0 0 0 0 0 0 1 0 0 1 0 0 0 0 0 1 0 0 0 0 0 0 1 1 0 1 0 0 1 1 0 0 1 1 0 0 0 1 0 0 0 0 0 0 0 10 1 0 0 1 1 0 0 0 1 0 1 0 0 0 0 0 0 0 0 10 1 1 10 1 0 0 0 0 0 0 0 0 0 1 0 1 0 1 0 1 0 0 1 0 0 0 0 0 0 1 0 0 1 0 0 0 0 1 1 0 1 1 0 1 0 0 0 10 0 0 0 0 0 0 0 0 0 0
0 1 0 0 1 0 0 0 0 0 0 0 1 0 1 1 10 1 0 0 0 0 0 0 1 0 0 0 1 10 0 1 1 1 0 1 0 1 0 0 0 1 1 0 1 1 0 0 0 0 0 1 1 1 0 0 0 0 1 1 0 1 0 0 0 1 0 0 0 0 0 0 0 1 0 0 1 1 10 1 1 0 1 0 0 0 0 1 0 1 0 1 0 1 1 1 0 0 1 1 1 0 1 0 1 0 1 0 1 1 0 1 0 0 0 0 0 0 0 0 1 0 0 1 0 0 0 0 0 0 0 1 0 0 1 0 0 0 0 0 0 0 0 1 0 0 0 1 0 0 0 0 0 1 1 0 0 0 1 0 1 10 0
10 1 1 1 0 0 1 0 1 0 0 10 0 0 0 1 0 1 0 0 1 0 0 1 0 0 1 1 1 0 0 1 0 10 1 0 0 0 1 0 1 0 0 0 0 1 10 1 1 1 0 0 0 1 0 1 0 1 0 10 0 1 1 0 1 0 0 1 1 1 0 0 1 0 0 0 1 1 0 1 0 0 1 1 1 0 1 0 1 0 1 0 0 1 0 1 0 1 1 0 0 1 0 0 1 0 0 10 1 0 0 0 1 0 0 1 1 0 10 0 1 0 1 1 10 1 1 1 0 1 0 0 0 0 0 1 1 1 1 0 1 1 0 1 1 1 1 1 0 0 0 0 1 1 0 0 1 0 0 0 1 0 1
0 0 0 0 0 0 0 0 0 0 0 1 0 1 0 0 0 0 0 0 1 0 0 1 0 1 0 0 1 0 0 0 1 0 1 0 1 1 0 0 0 0 0 0 0 1 0 0 1 0 1 1 0 0 0 0 0 1 0 0 1 1 1 0 0 1 0 1 0 1 0 1 0 0 0 0 1 1 0 0 1 0 0 0 1 0 1 0 10 0 0 0 0 1 0 1 0 0 0 0 0 1 0 0 1 0 0 1 1 1 0 0 0 0 0 0 1 0 1 0 1 0 0 0 1 0 1 1 0 1 0 0 1 0 1 0 0 1 0 1 0 0 0 1 0 1 1 0 0 0 0 0 1 0 0 0 0 0 0 0 0 0 0
0 0 0 0 1 0 0 0 0 1 0 0 1 1 1 0 10 1 0 0 0 0 0 0 0 0 0 1 0 1 0 0 0 1 0 0 0 0 0 0 0 0 0 0 1 1 0 1 0 1 0 0 1 1 0 0 1 1 1 1 0 0 0 0 0 0 1 1 0 0 1 0 0 0 0 0 0 1 1 0 1 0 0 0 0 0 0 0 1 1 0 1 0 1 10 0 1 0 1 0 1 0 1 0 0 0 0 0 0 0 0 0 0 0 0 0 0 0 0 0 0 0 0 10 0 0 0 0 0 0 1 0 0 0 1 0 0 0 0 1 0 1 1 1 1 0 0 0 0 0 1 0 0 1 1 0 0 1 1 1 1 1 0
0 1 0 0 0 0 0 0 1 1 1 0 0 1 0 1 0 0 1 0 0 0 0 1 10 0 0 0 0 1 1 0 0 0 0 10 1 0 1 0 1 1 0 0 1 1 0 1 1 0 0 0 0 0 1 0 1 0 0 0 0 1 0 10 1 0 0 0 0 0 0 0 0 0 0 0 0 0 0 0 1 0 0 0 1 1 1 1 0 0 0 0 0 0 0 1 1 0 1 0 1 1 0 100 0 0 1 0 0 0 0 0 1 0 1 0 1 1 0 1 0 0 0 0 1 1 1 0 1 0 1 1 0 10 0 1 0 0 0 1 1 1 0 1 0 0 0 1 0 0 1 1 1 1 10 0 1 1 1 1 0 0 0
0 0 0 1 0 0 1 1 0 0 1 0 0 0 0 0 0 1 0 1 1 1 1 0 0 1 0 0 0 0 1 0 1 0 0 0 0 1 0 1 1 0 1 1 0 0 0 0 0 0 0 1 0 0 0 0 0 0 1 0 1 0 0 0 0 0 1 1 0 0 0 0 0 0 0 0 0 0 0 0 0 1 0 1 0 1 0 1 0 0 1 0 0 0 0 0 0 0 0 10 0 0 0 0 0 0 0 0 1 1 1 0 0 0 1 1 0 0 0 1 0 1 0 0 0 1 0 0 1 1 1 0 0 0 0 1 0 1 1 0 0 0 0 0 0 1 0 0 0 1 0 1 0 0 0 0 0 1 1 0 1 0 0
0 1 0 0 1 0 0 0 0 0 0 1 0 0 0 1 1 0 0 0 1 0 0 1 1 0 0 0 1 1 0 1 1 0 1 1 0 1 0 0 0 1 1 0 1 1 0 0 1 0 0 1 0 0 0 0 0 0 0 0 0 10 1 0 0 1 0 1 0 1 1 1 1 0 0 0 0 0 1 1 0 0 1 0 1 0 0 1 1 0 0 0 0 1 0 10 0 0 0 1 0 0 1 0 10 0 1 1 10 1 0 1 0 0 0 0 0 0 1 0 10 0 0 0 1 0 0 1 0 0 0 1 0 0 0 0 0 1 0 0 0 0 0 1 0 1 1 1 0 0 0 0 1 0 0 0 0 0 0 0 0 1 0
1 1 1 0 0 0 0 0 0 0 0 1 1 1 1 1 1 10 0 0 0 0 0 0 0 1 0 0 1 1 0 0 1 10 0 0 1 1 1 0 1 0 0 0 0 1 1 1 0 1 1 1 1 10 0 1 0 10 1 10 1 0 0 0 1 1 0 0 0 0 1 1 1 1 0 0 0 0 1 0 10 0 1 1 0 0 10 0 1 1 0 1 0 1 1 0 0 0 1 0 1 10 0 0 0 0 0 0 0 1 0 0 1 0 0 1 1 0 1 0 0 0 1 10 0 1 10 0 0 1 0 0 1 0 10 1 0 0 0 1 0 1 0 1 0 0 0 0 0 0 0 0 0 1 1 0 1 0 1 0 1 1 0
0 1 0 0 1 0 0 0 0 0 0 0 1 0 1 1 10 1 0 0 0 0 0 0 1 0 0 0 1 10 0 1 1 1 0 1 0 1 0 0 0 1 1 0 1 1 0 0 0 0 0 1 1 1 0 0 0 0 1 1 0 1 0 0 0 1 0 0 0 0 10 0 0 1 0 0 1 1 0 1 1 0 1 0 0 0 0 1 0 1 0 1 0 1 1 1 0 0 1 1 1 0 1 0 1 0 1 0 1 1 0 1 0 0 0 0 0 0 0 0 1 0 0 1 0 0 0 0 0 0 0 1 0 0 1 0 0 0 0 0 0 0 0 1 0 0 0 1 0 0 0 0 0 1 1 0 0 0 1 0 1 10 0
1 1 1 1 1 1 1 1 10 0 0 0 0 0 0 1 1 0 1 0 0 0 1 0 1 0 10 1 10 1 0 10 1 1 0 1 0 1 0 0 0 10 1 1 1 0 1 0 0 0 1 1 1 0 0 0 0 0 0 1 1 1 0 0 0 1 0 0 10 0 1 1 0 0 0 0 1 0 1 0 0 1 1 0 0 0 0 1 0 0 1 1 0 0 0 1 0 10 1 1 0 0 1 0 1 1 1 1 1 1 0 1 0 0 1 1 1 0 0 0 1 1 0 0 1 0 0 0 0 1 0 1 1 0 0 0 10 1 1 0 1 0 0 0 1 0 0 10 1 0 0 1 0 1 0 1 1 0 0 0 1 1 1
0 0 0 0 0 0 0 0 0 1 1 0 1 1 1 1 1 1 1 0 0 0 0 0 1 1 0 0 1 1 0 0 1 1 0 1 10 1 0 0 0 0 0 0 1 1 0 0 1 0 1 1 1 1 0 0 0 1 1 1 1 0 0 1 1 1 0 0 0 0 1 0 1 1 1 0 0 10 1 0 0 0 0 0 0 0 1 0 1 1 0 1 0 1 1 0 0 0 10 0 1 1 0 1 0 0 0 0 0 1 0 0 0 0 1 0 1 0 0 1 0 0 0 1 1 1 1 0 0 1 0 0 1 1 10 0 0 0 0 10 0 0 0 1 0 0 0 1 0 0 0 0 1 1 10 0 0 0 1 0 1 1 0
1 0 1 1 1 1 1 10 1 1 1 0 0 0 0 0 0 0 1 1 1 0 10 0 0 1 1 0 0 0 10 0 0 0 1 0 0 0 0 1 0 1 0 10 0 0 1 0 0 0 10 0 1 0 0 1 0 0 1 0 10 0 0 1 0 1 0 1 1 0 0 0 0 0 0 1 0 0 0 1 0 0 0 1 0 1 0 0 0 0 1 1 1 1 0 0 1 1 0 1 1 0 0 0 0 1 0 0 1 1 0 0 0 1 1 1 0 0 0 0 0 10 0 0 0 0 0 1 1 1 1 0 10 0 0 0 1 10 0 0 0 0 0 0 0 1 0 0 1 10 0 10 0 0 0 10 1 1 0 0 0 0 0
1 10 1 0 1 0 0 0 0 0 0 1 0 0 0 10 1 1 0 0 0 0 0 0 1 0 0 0 1 1 0 1 1 1 0 1 0 1 1 0 1 1 1 0 1 0 1 1 0 1 0 1 0 1 0 1 0 1 0 1 0 1 0 0 1 1 0 0 0 0 1 1 0 0 0 0 1 1 1 1 0 0 0 1 0 0 1 1 0 0 0 0 0 0 0 1 0 0 0 1 0 1 1 0 1 0 1 0 1 1 0 1 1 0 0 1 0 0 1 0 1 0 1 1 0 1 1 0 0 0 0 1 0 0 0 1 0 0 0 0 0 1 0 0 0 0 0 1 0 0 0 0 0 0 0 0 1 0 0 0 0 1 0
1 1 1 1 0 0 0 1 0 0 1 1 0 0 0 1 0 1 0 0 1 0 0 0 0 0 0 0 0 0 1 0 0 1 0 0 0 0 1 0 1 0 0 1 0 0 1 1 0 1 0 0 0 1 0 1 0 1 0 1 1 0 0 0 1 0 0 1 0 0 0 1 0 0 0 1 0 1 0 0 0 1 1 0 0 1 1 0 0 0 1 0 0 0 0 0 0 0 0 1 0 1 0 0 0 0 0 0 1 1 0 0 1 0 0 1 0 0 1 0 0 0 1 1 0 1 1 0 1 1 1 0 0 0 0 1 0 1 0 0 0 1 0 0 0 1 0 0 0 1 0 1 0 0 0 0 1 1 0 0 0 0 0
0 1 0 0 0 0 0 0 1 0 0 10 1 0 0 0 0 0 1 1 1 0 0 1 0 0 0 1 0 0 1 0 0 0 1 1 1 0 10 0 1 0 0 0 0 10 0 1 1 0 0 0 0 0 10 0 0 0 0 0 0 1 1 0 1 0 0 1 1 10 0 1 1 0 1 0 1 0 0 0 0 0 0 0 0 1 0 1 1 1 0 0 0 1 0 1 0 0 0 0 1 1 0 1 10 1 10 10 1 0 0 0 1 0 0 0 1 0 1 0 1 0 1 0 1 0 0 1 0 0 1 1 0 1 1 1 0 1 0 0 1 1 1 10 0 1 1 0 1 0 1 1 10 0 1 0 1 1 0 0 0 0 0
0 0 0 1 0 0 0 1 0 0 1 1 1 1 0 0 0 0 1 1 1 0 0 1 1 0 0 1 0 1 1 0 0 0 0 0 1 0 1 0 0 1 0 1 0 0 0 0 0 0 0 0 0 0 1 0 1 0 0 0 1 1 0 1 1 0 0 1 1 1 0 0 0 0 1 1 0 0 0 0 0 1 0 1 1 0 1 0 0 1 1 0 0 0 0 1 1 0 0 1 0 0 0 1 1 1 1 1 1 1 0 0 0 0 0 0 0 1 0 0 0 0 1 0 0 0 1 0 10 1 1 0 0 0 1 0 0 1 0 0 0 0 1 0 0 1 0 0 1 1 0 1 1 1 0 0 0 1 1 1 0 0 0
1 1 1 0 0 0 0 0 0 0 0 1 0 10 0 1 0 1 0 0 0 0 0 1 1 1 0 0 1 1 0 0 1 1 0 0 1 1 1 0 1 1 0 0 0 0 1 1 0 1 1 1 0 1 0 1 1 10 0 1 1 1 0 1 1 1 0 0 0 0 0 1 1 0 1 0 0 10 0 0 1 0 1 1 0 1 0 0 1 0 0 0 0 0 0 1 1 0 0 0 0 10 0 1 0 0 0 0 0 1 0 0 1 0 0 1 1 1 1 0 0 0 1 1 0 1 100 0 1 1 0 0 1 0 1 1 0 0 0 1 0 1 0 0 0 0 0 0 0 0 0 0 0 1 0 0 1 0 1 1 0 0 0
0 10 0 0 1 0 1 0 1 0 0 0 0 0 0 1 1 1 0 1 0 1 1 0 1 1 0 0 1 1 1 1 10 0 0 10 0 10 1 1 10 1 10 0 1 1 0 1 0 0 0 10 0 0 1 0 0 0 1 0 0 1 0 0 0 1 1 0 0 0 1 0 0 0 1 1 1 0 1 1 0 0 1 0 1 0 0 0 0 0 0 0 0 0 0 1 0 0 0 10 1 1 1 1 1 0 10 0 1 1 1 1 1 0 1 1 1 0 0 1 1 1 0 0 0 1 0 0 0 0 1 10 0 1 0 10 0 0 1 0 1 1 0 1 0 0 0 1 0 0 1 1 0 0 1 0 1 1 1 0 1 1 0
0 0 0 0 1 0 0 0 0 1 0 1 0 10 0 0 1 0 0 0 1 0 0 1 0 1 0 1 1 0 0 0 1 0 1 0 1 1 0 0 0 0 0 0 1 1 0 1 1 1 1 1 0 0 0 0 1 10 0 0 1 1 1 0 0 1 1 10 0 1 0 1 10 1 0 0 1 1 0 0 1 0 0 0 1 0 1 0 0 0 0 0 0 1 1 1 1 0 0 0 0 1 1 0 1 0 0 1 1 1 0 0 0 0 0 0 1 0 1 0 1 0 0 1 1 0 1 1 0 1 1 0 1 0 1 0 0 1 0 10 0 1 1 1 1 1 1 0 0 0 1 0 1 0 0 0 0 1 0 1 0 0 0
0 0 0 0 0 0 0 0 0 0 0 1 10 0 1 0 1 1 1 1 0 0 0 0 0 0 0 1 0 1 0 0 0 1 0 0 1 0 1 0 0 0 0 0 0 1 0 0 0 0 0 0 1 1 1 0 0 0 1 1 0 0 0 0 1 0 0 0 1 1 1 0 0 1 0 0 0 1 1 0 1 0 0 0 1 1 0 0 0 0 0 1 0 1 1 0 0 0 1 0 1 0 0 0 1 1 1 1 0 0 0 0 0 0 0 0 0 0 0 0 0 0 1 1 0 0 0 0 0 0 0 0 0 0 10 0 0 0 0 0 0 0 1 1 0 0 0 0 1 0 0 0 1 1 1 0 0 0 1 0 1 1 0
1 0 0 10 0 0 1 1 1 0 1 0 0 0 0 0 0 0 0 0 1 0 0 0 0 0 1 1 1 0 1 1 0 1 0 0 0 0 0 0 0 0 0 1 0 0 1 0 0 0 0 0 0 0 0 0 0 0 0 1 1 0 0 0 0 0 0 1 1 0 0 1 0 0 0 1 0 0 0 1 0 1 0 1 0 1 0 0 0 0 0 0 0 0 0 0 0 1 1 1 0 0 0 0 0 0 0 1 1 1 0 0 0 0 0 0 1 0 0 0 0 0 0 0 1 0 0 0 1 10 1 0 0 0 0 0 1 1 1 0 1 0 0 0 1 1 0 1 0 1 0 1 0 1 0 0 0 1 0 0 1 0 1
0 0 1 0 0 1 0 1 1 0 0 0 1 0 1 0 1 1 1 0 0 0 1 0 0 0 1 0 0 1 0 0 0 1 0 0 0 0 0 0 0 1 0 1 0 1 0 0 0 0 1 0 10 1 0 0 0 0 1 1 1 0 0 0 0 0 0 0 1 0 1 0 0 1 0 0 0 1 1 1 1 1 0 0 0 0 0 0 0 1 0 0 0 1 1 0 0 1 1 0 1 0 0 0 0 1 0 0 0 0 0 0 0 0 1 1 0 0 0 0 0 1 0 1 0 0 0 0 0 0 0 0 1 0 1 0 1 1 0 0 0 0 0 1 0 0 0 0 1 0 0 1 0 1 1 1 1 0 1 0 1 1 0
1 0 0 0 1 0 1 0 0 1 0 0 0 0 0 0 0 0 0 1 0 0 1 0 0 1 0 0 0 0 1 0 0 0 1 0 0 0 0 1 0 0 0 0 0 0 1 0 0 0 1 0 0 0 0 1 0 0 1 0 0 0 0 1 0 1 0 0 0 0 0 0 0 0 0 0 0 0 0 0 0 1 0 0 0 0 0 0 0 0 0 0 0 1 0 0 1 0 0 0 1 0 0 0 0 0 0 0 0 0 0 0 0 1 0 0 0 0 0 0 0 1 0 0 0 0 0 1 0 0 0 0 1 0 0 0 0 0 0 0 0 0 0 0 0 0 0 0 0 1 0 0 0 0 0 1 0 0 0 0 0 0 0
1 0 0 0 1 0 1 0 0 1 0 1 1 0 1 0 1 1 0 1 1 0 1 1 0 1 0 0 0 1 1 0 0 1 10 0 0 0 0 1 0 0 0 0 0 10 1 0 1 0 1 0 1 1 0 1 0 0 10 1 0 1 1 1 0 1 0 1 0 1 1 1 1 1 0 0 1 1 1 0 1 1 0 0 1 0 0 0 1 1 0 1 1 0 1 1 1 0 1 0 10 0 0 0 1 0 0 1 1 0 0 0 0 1 0 0 0 0 1 0 1 1 0 1 1 0 0 10 0 0 0 0 1 0 1 0 0 1 0 0 0 0 0 10 0 1 1 0 0 1 0 0 1 1 1 1 0 0 1 0 1 1 0
0 0 0 0 1 0 0 0 0 1 0 0 1 1 1 0 10 1 0 0 0 0 0 0 0 0 0 1 0 1 0 0 0 1 0 0 0 0 0 0 0 0 0 0 1 1 0 1 0 1 0 0 1 1 0 0 1 1 1 1 0 0 0 0 0 0 1 1 0 0 1 0 0 10 0 0 0 1 1 0 1 0 0 0 0 0 0 0 1 1 0 1 0 1 0 0 1 0 1 0 1 0 1 0 0 0 0 0 0 0 0 0 0 0 0 0 0 0 0 0 0 0 0 10 0 0 0 0 0 0 1 0 0 0 1 0 0 0 0 1 0 1 1 1 1 0 0 0 0 0 1 0 0 1 1 0 0 1 1 1 1 1 0
0 1 0 0 1 0 0 0 0 0 0 1 0 1 0 1 1 0 0 0 1 0 0 10 10 0 0 0 1 10 0 1 1 0 1 1 0 1 0 0 0 10 1 0 1 1 0 0 1 0 0 1 0 0 0 0 1 0 0 0 0 100 1 1 0 1 0 1 0 1 1 1 1 0 1 0 10 0 1 1 0 0 1 0 1 1 1 1 1 0 0 0 0 1 0 0 1 0 0 1 0 0 1 1 10 0 1 1 10 1 0 1 0 0 0 0 0 1 1 0 10 0 0 0 1 0 1 1 1 0 0 1 0 0 0 0 0 1 0 0 0 0 0 1 0 1 1 1 0 0 0 0 1 1 0 0 0 0 1 1 0 1 0
1 0 0 0 10 0 1 0 0 10 0 0 0 10 0 0 1 0 0 1 0 0 1 1 1 1 0 1 0 1 1 0 0 0 1 0 0 0 0 1 0 1 0 0 1 0 1 1 0 1 1 0 0 0 0 1 10 1 1 0 0 1 0 10 0 1 1 1 0 0 0 0 0 1 1 0 0 0 0 0 0 1 0 0 0 1 1 0 1 0 0 0 1 1 1 1 0 0 0 0 1 0 1 1 0 0 0 0 0 0 0 0 0 1 0 0 0 1 0 0 0 1 0 1 0 0 1 1 1 0 1 0 1 0 0 0 0 0 0 1 0 1 1 0 1 0 0 0 0 1 1 0 0 1 0 1 0 1 1 10 0 0 0
1 0 1 1 0 1 1 1 10 0 0 0 0 0 0 0 0 0 1 0 0 0 1 0 0 0 10 1 1 0 0 1 0 1 0 0 0 0 0 0 0 1 0 1 0 0 1 0 0 0 1 0 1 0 0 0 0 0 0 1 1 0 0 0 0 0 0 0 10 0 0 1 0 0 0 0 0 0 0 10 0 1 0 0 0 0 0 0 0 0 1 1 0 0 0 0 0 0 1 0 0 0 0 0 0 1 0 1 0 0 0 0 0 0 1 1 1 0 0 0 0 1 0 0 1 0 0 0 0 1 0 0 1 0 0 0 10 1 1 0 1 0 0 0 1 0 0 1 1 0 0 1 0 1 0 1 1 0 0 0 1 0 1
1 0 0 1 0 0 1 0 1 1 1 0 1 0 1 1 1 1 1 0 0 0 0 0 1 0 1 1 1 1 0 1 0 10 0 1 1 0 0 0 0 0 0 0 1 1 1 0 1 0 0 0 1 1 0 0 0 0 1 10 0 0 0 1 1 0 0 0 1 0 1 1 0 1 1 0 0 1 1 1 10 0 0 0 0 0 0 0 0 1 1 1 0 1 1 0 0 1 0 0 1 0 0 1 0 0 0 1 0 0 0 0 0 0 1 0 1 0 0 1 0 0 0 1 10 1 0 0 0 1 0 0 0 1 1 0 1 0 1 1 1 0 0 1 1 0 0 10 0 0 0 0 1 10 10 0 0 0 1 0 10 1 1
0 1 0 1 1 0 1 1 0 0 1 0 0 0 0 1 1 1 0 1 1 1 1 0 1 1 0 0 1 1 1 1 10 0 0 1 0 10 0 1 1 1 10 1 1 0 0 0 0 0 0 10 0 0 0 0 0 0 1 0 1 1 0 0 0 1 1 1 0 0 1 0 0 0 0 10 1 0 1 1 0 1 1 1 0 1 0 10 0 0 1 0 0 0 0 1 0 0 0 0 0 0 1 0 1 0 1 0 10 10 1 1 0 0 1 1 0 0 0 1 1 1 0 0 0 1 0 0 1 1 1 1 0 0 0 1 0 1 1 0 0 0 0 0 0 1 0 1 0 1 0 1 0 0 0 0 0 1 1 0 1 1 0
1 1 0 0 1 0 1 0 1 1 0 0 1 0 1 0 1 1 0 1 0 0 1 0 0 1 0 0 0 1 10 0 0 1 1 1 0 0 1 1 1 0 0 0 0 10 1 1 0 0 1 0 1 1 1 1 0 0 10 1 0 0 0 1 0 1 0 0 0 0 1 0 0 1 1 0 0 1 1 0 1 1 0 0 1 0 0 1 0 1 0 1 1 10 1 0 1 0 1 0 0 1 0 1 0 0 1 0 0 0 0 0 1 1 0 0 1 0 0 0 0 1 0 1 0 0 0 1 0 0 1 1 1 1 1 1 0 0 0 0 1 1 0 10 0 0 0 0 0 1 1 1 0 1 10 1 1 1 1 0 1 1 0
1 10 1 0 0 0 0 0 1 0 0 1 0 1 0 1 0 1 0 0 0 0 0 0 0 1 0 0 1 0 1 0 1 1 0 1 1 1 10 0 10 0 0 0 0 1 1 10 0 1 1 1 0 1 1 1 0 10 0 1 1 0 0 0 1 1 0 0 0 0 0 1 1 0 1 0 0 10 0 0 1 0 1 1 1 0 10 1 1 0 0 0 0 0 0 0 0 0 0 0 1 0 0 1 0 0 1 0 0 1 0 0 10 0 0 1 10 0 1 0 0 0 1 1 0 1 10 0 0 1 1 1 1 1 1 10 0 0 0 1 1 10 0 1 0 0 0 0 0 0 1 1 0 0 1 0 10 1 0 0 0 0 0
0 1 0 0 10 0 0 0 0 1 0 0 0 1 0 1 10 0 0 0 0 0 0 0 1 0 0 1 1 1 0 1 1 0 0 1 0 1 0 0 0 1 1 0 10 0 0 1 0 1 0 1 0 0 0 0 1 1 0 0 0 1 0 0 0 1 1 1 0 0 1 0 0 1 0 0 1 0 1 1 0 0 1 0 0 0 0 1 1 0 0 0 0 0 1 1 1 0 0 1 0 0 0 0 1 0 1 0 1 1 0 1 0 0 0 0 0 0 0 0 1 0 0 1 0 0 0 0 0 0 1 1 0 0 0 0 0 0 0 1 0 1 1 0 1 0 0 1 0 0 1 0 0 0 0 0 0 1 0 1 0 1 0
0 1 0 0 0 0 0 0 1 1 1 0 0 1 0 1 0 0 1 0 0 0 0 1 10 0 0 0 0 1 1 0 0 0 0 10 1 0 1 0 1 1 0 0 1 1 0 1 1 0 0 0 0 0 1 0 1 0 0 0 0 1 0 10 1 0 0 0 0 0 0 0 0 0 100 0 0 0 0 0 1 0 0 0 1 1 1 1 0 0 0 0 0 0 0 1 1 0 1 0 1 1 0 0 0 0 1 0 0 0 0 0 1 0 1 0 1 1 0 1 0 0 0 0 1 1 1 0 1 0 1 1 0 10 0 1 0 0 0 1 1 1 0 1 0 0 0 1 0 0 1 1 1 1 10 0 1 1 1 1 0 0 0
0 1 0 0 1 0 0 0 0 0 0 10 1 0 0 1 1 0 1 1 1 0 0 1 1 0 0 1 1 1 0 1 1 0 1 1 1 1 1 0 0 1 1 0 1 1 0 0 1 0 0 1 0 0 1 0 0 0 0 0 0 10 1 0 1 1 0 1 1 10 1 1 1 0 0 0 10 0 1 1 0 0 1 0 10 1 0 1 1 1 0 0 0 1 0 10 0 0 0 1 0 0 1 0 0 1 10 10 10 1 0 1 0 0 0 0 0 0 1 0 10 0 1 0 1 0 0 1 0 0 0 1 0 0 1 0 0 1 0 0 0 0 1 1 0 1 1 1 1 0 0 0 10 0 0 0 0 0 0 0 0 1 0
0 0 1 0 0 1 0 1 1 0 0 1 1 0 0 0 0 0 10 1 0 0 1 0 0 0 1 1 0 0 0 0 0 0 0 0 1 0 1 0 0 1 0 1 0 0 0 0 0 0 1 0 1 0 1 0 0 0 0 0 1 0 0 0 1 0 0 0 10 1 0 0 0 0 0 0 0 0 0 1 0 1 0 0 1 1 0 0 0 1 0 1 0 0 0 0 0 1 0 0 0 0 0 0 1 0 1 1 0 0 0 0 0 0 1 1 0 0 0 0 0 1 1 0 0 0 0 0 0 0 0 0 1 0 1 0 1 1 0 0 0 0 1 0 0 0 0 0 10 0 0 1 1 0 0 1 1 0 0 0 0 0 0
0 10 0 0 1 0 0 0 1 0 0 1 1 0 0 1 1 0 1 1 0 0 0 0 1 0 0 1 1 1 1 1 1 0 0 10 1 1 10 0 1 1 1 0 1 1 0 1 0 0 0 1 0 0 10 0 0 0 0 0 0 1 0 0 1 1 0 0 1 1 1 0 0 0 1 0 1 0 1 1 0 0 1 0 10 1 0 10 0 1 0 0 0 0 0 1 0 0 0 1 1 1 1 1 10 1 0 1 1 1 0 1 1 0 0 0 1 0 0 0 1 0 1 0 0 0 0 0 0 0 1 10 0 1 1 1 0 0 0 0 1 1 1 1 0 0 0 1 1 0 1 1 1 0 1 0 1 1 0 0 0 1 0
1 0 0 1 0 0 1 0 1 0 0 10 1 0 0 0 0 0 1 1 1 0 0 1 0 0 1 10 1 0 0 1 0 1 1 0 1 0 1 0 0 0 0 0 0 1 1 0 1 0 0 0 0 0 1 0 0 0 0 1 0 1 1 0 1 0 0 1 10 10 0 10 1 0 0 0 1 0 0 1 0 0 0 0 10 1 0 0 1 1 1 0 0 1 0 1 0 1 1 0 0 0 0 0 10 1 1 0 1 0 0 0 0 0 0 0 1 0 1 0 1 0 1 0 10 0 0 1 0 1 0 0 0 0 1 0 1 1 1 0 1 0 1 1 1 1 1 1 1 0 0 0 10 1 0 0 0 0 0 0 1 0 1
0 1 0 1 1 0 0 1 0 0 1 1 0 0 0 1 1 0 0 0 10 0 0 1 1 0 0 0 1 1 1 1 1 0 1 1 0 1 0 0 0 1 1 1 1 1 0 0 1 0 0 1 0 0 0 0 0 0 0 0 1 10 1 0 0 1 0 10 0 1 1 1 1 0 0 1 10 0 1 1 0 1 1 1 1 1 0 1 1 0 1 0 0 1 0 10 0 0 0 10 0 0 1 0 10 0 1 1 0 10 0 1 0 0 0 0 0 0 1 0 10 0 0 0 1 0 0 1 1 1 1 1 0 0 0 0 0 10 0 0 0 0 0 1 0 10 1 1 0 1 0 1 1 0 0 0 0 1 0 0 0 1 0
0 1 0 1 1 0 0 1 0 0 1 0 0 1 0 1 1 0 0 0 1 0 0 0 1 1 0 0 10 1 1 1 10 0 0 1 1 10 0 0 0 1 1 1 1 0 0 0 0 0 1 10 0 0 0 0 0 1 0 0 10 1 0 0 0 10 0 1 0 0 1 0 1 0 0 1 1 1 1 1 1 1 1 1 0 1 1 1 1 0 1 0 0 0 0 1 0 0 0 10 0 1 1 0 1 0 1 0 10 0 0 1 0 0 0 0 1 0 0 0 1 0 0 0 0 0 1 0 1 10 1 1 1 0 1 0 0 1 0 1 0 0 0 0 0 1 0 1 0 1 0 1 0 0 0 0 0 1 0 0 0 1 0
0 0 0 0 0 0 1 0 0 0 0 0 0 0 0 0 0 1 0 1 0 1 1 0 0 1 0 0 0 0 0 0 1 0 0 0 0 1 0 1 1 0 1 0 0 0 0 0 0 0 0 1 0 0 0 0 0 0 1 0 0 0 0 0 0 0 1 0 0 0 0 0 0 0 0 1 0 0 0 0 0 0 0 0 0 0 0 1 0 0 0 0 0 0 0 0 0 0 0 1 0 0 0 0 0 0 0 0 0 0 0 0 0 0 1 1 0 0 0 1 0 1 0 0 0 1 0 0 0 0 0 0 0 0 0 1 0 0 1 0 0 0 0 0 0 0 0 0 0 0 0 0 0 0 0 0 0 0 1 0 1 0 0
0 1 0 0 1 0 0 0 0 0 0 0 0 0 0 1 1 0 0 0 0 0 0 0 1 0 0 0 1 1 0 1 1 0 0 1 0 1 0 0 0 1 1 0 1 0 0 0 0 0 0 1 0 0 0 0 0 0 0 0 0 1 0 0 0 1 0 0 0 0 1 0 0 0 0 0 1 0 1 1 0 0 1 0 0 0 0 1 0 0 0 0 0 0 0 1 0 0 0 1 0 0 1 0 1 0 1 0 1 1 0 0 0 0 0 0 0 0 0 0 1 0 0 0 0 0 0 0 0 0 0 1 0 0 0 0 0 0 0 0 0 0 0 0 0 0 0 1 0 0 0 0 0 0 0 0 0 0 0 0 0 1 0
1 10 1 0 0 0 0 0 1 0 0 1 0 0 0 1 0 1 0 0 0 0 0 0 0 0 0 0 0 0 1 0 0 1 0 1 0 0 10 0 10 0 0 0 0 1 1 10 0 1 0 0 0 1 1 1 0 1 0 1 0 0 0 0 1 0 0 0 0 0 0 1 0 0 1 0 0 1 0 0 0 0 1 1 1 0 1 1 0 0 0 0 0 0 0 0 0 0 0 0 1 10 0 1 0 0 1 0 0 0 0 0 0 0 0 1 1 0 1 0 0 0 1 1 0 1 1 0 0 0 1 1 0 1 0 10 0 0 0 0 1 10 0 1 0 0 0 0 0 0 1 1 0 0 1 0 10 1 0 0 0 0 0
1 0 0 0 1 0 1 0 0 1 0 0 0 0 0 0 0 0 0 1 0 0 1 0 0 1 0 0 0 0 1 0 0 0 1 0 0 0 0 1 0 0 0 0 0 0 1 0 0 0 1 0 0 0 0 1 0 0 1 0 0 0 0 1 0 1 0 0 0 0 0 0 0 0 0 0 0 0 0 0 0 1 0 0 0 0 0 0 0 0 0 0 1 1 0 0 1 0 0 0 1 0 0 0 0 0 0 0 0 0 0 0 0 0 0 0 0 0 0 0 0 1 0 0 0 0 0 1 0 0 0 0 1 0 0 0 0 0 0 0 0 0 0 0 0 0 0 0 0 1 0 0 0 0 0 1 0 0 0 0 0 0 0
0 0 1 0 0 1 1 1 1 1 1 0 0 0 0 1 0 1 10 1 0 1 10 0 1 1 1 0 0 0 0 0 1 0 0 1 1 1 0 1 1 1 1 1 1 0 0 0 1 0 1 1 1 0 0 0 0 0 1 0 1 0 0 1 1 0 1 0 1 0 0 0 0 0 1 1 0 0 0 1 1 1 0 0 0 0 0 1 0 0 0 1 0 0 0 0 0 1 1 1 0 0 0 1 0 1 0 0 0 0 1 0 0 0 0 10 0 0 0 10 0 10 0 0 1 10 0 0 0 0 0 0 1 1 0 1 1 1 1 1 0 0 0 0 0 0 0 1 1 0 0 1 1 0 1 1 1 0 1 0 1 0 0
1 1 10 0 0 1 1 1 1 0 0 1 0 0 0 1 0 10 1 1 0 1 10 0 0 1 1 0 0 0 0 0 1 1 0 0 0 1 1 1 10 1 1 1 0 0 1 1 0 1 1 1 1 1 0 1 0 1 1 1 1 0 0 0 1 0 1 0 1 0 0 1 0 0 0 1 0 1 0 1 0 1 1 1 0 0 1 1 0 0 0 1 0 0 0 0 0 1 0 1 0 1 0 0 0 1 0 0 0 0 1 0 1 0 10 0 0 0 1 1 0 10 1 1 0 10 1 0 0 0 0 0 1 0 0 10 1 1 1 0 0 1 0 0 0 0 0 0 1 0 0 1 0 0 0 1 10 0 1 0 1 0 0
1 1 0 1 0 0 1 0 10 0 0 0 0 1 0 0 0 0 0 0 0 0 0 0 0 1 1 1 10 0 1 1 1 1 0 1 1 1 1 0 1 0 0 0 0 1 1 1 0 0 1 1 0 0 1 0 0 1 0 1 1 0 0 0 0 1 0 0 1 0 0 1 1 0 1 0 0 1 0 1 1 0 0 0 1 0 1 1 1 0 1 0 0 0 0 0 0 1 1 0 1 10 0 1 0 0 1 1 0 1 0 0 1 0 0 0 0 0 0 0 0 0 0 0 1 0 1 0 0 10 1 1 1 1 1 1 1 0 1 1 10 1 0 1 1 0 0 1 0 0 1 1 0 1 1 0 1 1 0 0 1 0 1
0 0 0 0 0 0 0 0 0 0 0 0 0 1 0 0 0 0 0 0 0 0 0 1 1 0 0 0 0 1 0 0 0 0 0 0 0 0 0 0 0 1 0 0 0 0 0 0 0 0 0 0 0 0 0 0 1 0 0 0 0 1 0 1 0 0 0 0 0 0 0 0 0 0 1 0 0 0 0 0 0 0 0 0 0 1 1 0 0 0 0 0 0 0 0 1 1 0 0 0 0 0 0 1 0 0 0 0 0 0 0 0 0 0 0 0 0 0 0 0 0 0 0 0 0 0 1 0 1 0 0 0 0 0 0 0 0 0 0 0 0 0 0 0 0 0 0 0 0 0 0 0 0 1 0 0 0 0 1 1 0 0 0
1 1 1 0 0 0 0 0 0 0 0 10 0 0 0 1 0 1 0 0 1 0 0 1 0 0 0 0 0 0 0 0 0 1 1 0 0 0 1 0 1 0 0 0 0 1 1 1 1 1 0 0 0 1 0 1 0 1 0 1 0 1 1 0 1 0 0 1 0 1 0 10 1 0 0 0 1 1 0 0 0 0 1 1 1 0 1 0 1 0 0 0 0 1 0 1 0 0 0 0 0 1 0 0 1 0 0 1 1 0 0 0 1 0 0 1 0 0 0 0 1 0 1 1 1 1 1 1 0 0 0 0 0 0 0 1 0 1 0 0 0 1 0 1 0 1 1 0 0 0 0 0 1 0 0 0 1 0 0 0 0 0 0
0 0 0 0 0 0 1 0 0 1 1 0 0 0 0 1 0 1 1 1 0 1 1 0 1 1 0 0 0 0 0 0 1 0 0 1 1 1 0 1 1 0 1 0 1 0 0 0 1 0 0 1 0 0 0 0 0 0 1 0 0 0 0 1 1 0 1 0 0 0 0 0 0 0 1 1 0 0 0 0 1 0 0 0 0 0 0 1 0 0 0 0 0 0 0 0 0 0 1 1 0 0 0 1 0 0 0 0 0 0 1 0 0 0 10 1 0 0 0 0 0 1 0 0 1 10 0 0 0 0 0 0 0 1 0 1 0 0 1 1 0 0 0 0 0 0 0 1 0 0 0 0 1 0 1 0 0 0 1 0 1 0 0
0 1 0 0 1 0 0 0 0 0 0 1 0 0 0 1 1 0 0 0 1 0 0 1 1 0 0 0 1 1 0 1 1 0 1 1 0 1 0 0 0 1 1 0 1 1 0 0 1 0 0 1 0 0 0 0 0 0 0 0 0 10 1 0 0 1 0 1 0 1 1 1 1 0 0 0 10 0 1 1 0 0 1 0 1 0 0 1 1 0 0 0 0 1 0 10 0 0 0 1 0 0 1 0 10 0 1 1 10 1 0 1 0 0 0 0 0 0 1 0 0 0 0 0 1 0 0 1 0 0 0 1 0 0 0 0 0 1 0 0 0 0 0 1 0 1 1 1 0 0 0 0 1 0 0 0 0 0 0 0 0 1 0
1 0 1 0 1 1 10 1 1 1 0 0 0 0 0 0 0 1 1 10 0 1 100 0 0 10 1 0 0 0 1 0 1 0 1 0 0 1 0 10 1 1 1 1 0 0 1 0 0 0 10 1 1 0 0 1 0 0 10 0 1 0 0 1 0 1 1 0 1 0 0 0 0 0 0 1 0 0 0 1 0 10 0 0 0 0 0 1 0 0 0 1 1 1 0 0 1 1 0 1 1 0 0 0 0 1 0 0 0 0 1 0 0 1 10 10 0 0 0 1 0 0 0 0 0 1 0 1 0 0 0 0 10 0 0 1 1 1 1 0 0 0 0 0 0 0 0 0 1 1 0 1 0 0 0 10 1 0 1 0 1 0 0
1 1 1 0 0 0 0 0 0 0 0 10 1 0 0 1 0 1 1 1 0 0 0 0 0 0 0 1 0 0 0 0 0 1 0 0 1 0 10 0 1 0 0 0 0 0 1 1 0 1 0 0 0 1 1 1 0 1 0 1 0 0 0 0 10 0 0 0 1 1 0 1 0 0 0 0 0 1 0 0 0 0 1 1 1 1 1 0 0 1 0 0 0 0 0 0 0 0 0 0 0 1 0 0 1 1 1 1 0 0 0 0 1 0 0 1 0 0 1 0 0 0 0 1 0 1 1 0 0 0 0 0 0 0 1 1 0 0 0 0 0 1 1 0 0 0 0 0 1 0 0 0 1 0 0 0 1 0 0 0 0 0 0
1 1 1 0 1 0 0 0 0 1 0 1 1 1 1 1 10 10 0 0 0 0 0 0 0 0 0 1 0 1 0 0 0 10 0 0 0 0 1 0 1 0 0 0 1 1 1 10 0 10 0 0 1 10 0 1 1 10 1 10 0 0 0 0 1 0 1 1 0 0 1 1 0 10 0 0 0 10 1 0 1 0 1 1 0 0 1 0 1 1 0 1 0 1 10 0 1 0 1 0 1 1 1 0 0 0 0 0 0 0 0 0 1 0 0 1 0 0 1 0 0 0 1 0 0 1 1 0 0 0 1 0 0 0 1 1 0 0 0 1 0 10 1 1 1 0 0 0 0 0 1 0 0 1 1 0 1 1 1 1 1 1 0
1 0 0 1 0 0 1 0 1 1 1 1 0 0 0 1 0 0 1 0 1 0 0 1 1 0 1 1 1 0 0 1 0 1 1 1 1 0 0 0 0 0 0 0 1 1 1 0 10 0 0 0 0 0 0 0 0 0 0 1 0 1 1 1 1 0 0 1 1 1 0 10 1 0 1 0 1 0 0 1 1 0 0 0 1 0 0 0 1 0 1 0 0 1 0 1 0 1 10 0 0 0 0 1 1 0 0 10 1 0 0 0 0 0 1 0 1 0 1 1 1 0 0 0 0 1 0 1 0 1 0 0 0 1 0 0 1 1 1 1 1 0 0 1 1 1 1 10 0 0 0 0 10 1 1 0 0 0 0 0 1 0 1
1 1 1 0 0 0 1 0 0 1 1 1 0 0 0 10 0 10 1 1 0 1 1 0 1 1 0 0 0 0 0 0 1 1 0 1 1 1 1 1 10 0 1 0 1 0 1 1 1 1 0 1 0 1 0 1 0 1 1 1 0 0 0 1 10 0 1 0 0 0 0 1 0 0 1 1 0 1 0 0 1 0 1 1 0 0 1 1 0 0 0 0 0 0 0 0 0 0 1 1 0 1 0 1 0 0 0 0 0 0 1 0 1 0 10 10 0 0 1 10 0 1 1 1 1 0 1 0 0 0 0 0 0 1 0 10 0 0 1 1 0 1 0 0 0 0 0 1 0 0 0 0 1 0 1 0 1 0 1 0 1 0 0
1 1 1 0 0 0 0 0 0 0 0 1 0 10 0 1 0 1 0 0 0 0 0 1 1 1 0 0 1 1 0 0 1 1 0 0 1 1 1 0 1 1 0 0 0 0 1 1 0 1 1 1 0 1 0 1 1 10 0 1 1 1 0 1 1 1 0 0 0 0 0 1 1 0 1 0 0 10 0 0 1 0 1 1 0 1 100 0 1 0 0 0 0 0 0 1 1 0 0 0 0 10 0 1 0 0 0 0 0 1 0 0 1 0 0 1 1 1 1 0 0 0 1 1 0 1 0 0 1 1 0 0 1 0 1 1 0 0 0 1 0 1 0 0 0 0 0 0 0 0 0 0 0 1 0 0 1 0 1 1 0 0 0
1 0 0 0 1 0 1 0 0 1 0 1 0 0 0 0 0 0 0 1 1 0 1 1 0 1 0 0 0 0 1 0 0 0 10 0 0 0 0 1 0 0 0 0 0 1 1 0 1 0 1 0 0 0 0 1 0 0 1 0 0 1 1 1 0 1 0 1 0 1 0 1 1 0 0 0 1 0 0 0 0 1 0 0 1 0 0 0 1 0 0 0 1 10 0 1 1 0 0 0 1 0 0 0 1 0 0 1 1 0 0 0 0 1 0 0 0 0 1 0 1 1 0 0 1 0 0 0 0 0 0 0 1 0 0 0 0 1 0 0 0 0 0 1 0 1 1 0 0 1 0 0 1 0 0 1 0 0 0 0 0 0 0
0 0 0 1 0 0 0 1 0 0 1 0 0 1 0 0 0 0 0 0 1 0 0 1 1 0 0 0 0 1 1 0 0 0 0 0 0 0 0 0 0 1 0 1 0 0 0 0 0 0 0 0 0 0 0 0 1 0 0 0 1 1 0 1 0 0 0 1 0 0 0 0 0 0 1 1 0 0 0 0 0 1 0 1 0 10 1 0 0 0 1 0 0 0 0 1 1 0 0 1 0 0 0 1 0 0 0 0 1 1 0 0 0 0 0 0 0 1 0 0 0 0 0 0 0 0 1 0 0 1 1 0 0 0 0 0 0 1 0 0 0 0 0 0 0 1 0 0 0 1 0 1 0 1 0 0 0 1 1 1 0 0 0
1 0 0 10 0 0 1 1 1 0 1 0 0 1 0 0 0 0 0 0 1 0 0 0 0 1 1 1 10 0 1 1 1 1 0 0 1 1 0 0 0 0 0 1 0 0 1 0 0 0 1 1 0 0 0 0 0 1 0 1 10 0 0 0 0 1 0 1 1 0 0 1 1 0 0 1 0 1 0 1 1 1 0 1 0 1 1 0 1 0 10 0 0 0 0 0 0 1 1 1 0 1 0 0 0 0 0 1 1 10 0 0 0 0 0 0 10 0 0 0 0 0 0 0 1 0 1 0 1 0 1 0 1 0 1 0 1 1 1 1 1 0 0 0 1 1 0 1 0 1 0 1 0 1 0 0 0 1 0 0 1 0 1
0 1 0 1 1 0 0 1 1 1 1 0 0 1 0 0 1 0 0 0 1 0 0 0 0 0 0 1 0 0 10 0 0 0 0 1 0 0 1 0 1 0 0 1 1 1 0 10 0 1 0 0 0 0 1 0 1 1 0 0 1 0 0 0 0 0 1 10 0 0 0 0 0 1 1 1 0 0 0 0 0 1 0 1 1 1 0 1 1 0 1 0 0 0 1 0 1 0 0 1 1 1 1 1 0 0 1 0 1 1 0 0 1 0 0 0 1 0 0 0 0 0 0 1 0 0 0 0 1 1 0 1 0 1 0 1 0 1 0 1 1 10 1 1 1 1 0 0 0 1 10 10 0 0 1 0 1 100 0 1 0 0 0
0 10 0 0 1 0 0 0 1 0 0 0 0 0 0 1 1 0 0 0 0 0 0 0 1 0 0 0 1 1 1 1 1 0 0 10 0 1 1 0 1 1 1 0 1 1 0 1 0 0 0 1 0 0 1 0 0 0 0 0 0 1 0 0 0 1 0 0 0 0 1 0 0 0 1 0 1 0 1 1 0 0 1 0 1 0 0 10 0 0 0 0 0 0 0 1 0 0 0 1 1 1 1 1 1 0 10 0 1 1 0 1 1 0 0 0 1 0 0 0 1 0 0 0 0 0 0 0 0 0 1 0 0 1 0 1 0 0 0 0 1 1 0 1 0 0 0 1 0 0 1 1 0 0 1 0 1 1 0 0 0 1 0
1 0 1 0 1 1 1 1 1 1 0 0 0 1 0 0 0 0 1 1 0 0 10 0 0 10 1 0 1 0 1 0 1 0 1 0 1 1 0 1 0 1 0 1 0 0 1 0 0 0 100 1 1 0 0 1 0 1 1 0 10 0 0 1 0 10 0 0 1 0 0 0 1 0 0 0 0 1 0 1 1 10 0 0 0 0 1 0 1 0 0 1 1 1 0 0 1 1 0 0 1 1 0 0 0 1 0 0 0 1 0 0 0 1 1 1 1 0 0 0 0 10 0 0 0 0 1 1 0 1 0 0 0 0 1 0 1 1 0 1 0 0 0 0 0 0 0 0 1 1 0 1 0 0 0 10 1 0 0 0 0 0 0
0 1 0 0 0 0 0 0 1 1 1 0 0 0 0 1 0 0 1 0 0 0 0 0 1 0 0 0 0 0 1 0 0 0 0 10 1 0 1 0 1 0 0 0 1 1 0 1 1 0 0 0 0 0 1 0 0 0 0 0 0 0 0 1 1 0 0 0 0 0 0 0 0 0 10 0 0 0 0 0 1 0 0 0 1 0 0 1 0 0 0 0 0 0 0 0 0 0 1 0 1 1 0 10 0 0 1 0 0 0 0 0 1 0 1 0 1 0 0 1 0 0 0 0 1 1 0 0 0 0 1 1 0 0 0 1 0 0 0 1 1 1 0 1 0 0 0 1 0 0 1 1 1 0 10 0 1 1 0 0 0 0 0
0 0 0 0 0 0 0 0 0 0 0 1 10 1 1 0 1 1 1 1 0 0 0 0 0 1 0 1 1 1 0 0 1 1 0 0 10 1 1 0 0 0 0 0 0 1 0 0 0 0 1 1 1 1 1 0 0 1 1 1 1 0 0 0 1 1 0 0 1 1 1 0 1 1 0 0 0 10 1 0 10 0 0 0 1 1 1 0 1 10 0 1 0 1 1 0 0 0 1 0 1 1 0 0 1 1 1 1 0 1 0 0 0 0 0 0 1 0 0 0 0 0 1 1 0 0 1 0 0 1 0 0 1 0 0 0 0 0 0 1 0 0 1 1 0 0 0 0 1 0 0 0 1 1 1 0 0 0 1 0 1 1 0
1 10 1 0 0 0 1 0 1 0 0 1 0 0 0 1 0 10 0 1 0 1 1 0 0 1 0 0 0 0 1 0 1 1 0 1 0 1 10 1 100 0 1 0 0 1 1 10 0 1 0 1 0 1 1 1 0 1 1 1 0 0 0 0 1 0 1 0 0 0 0 1 0 0 1 1 0 1 0 0 0 0 1 1 1 0 1 10 0 0 0 0 0 0 0 0 0 0 0 1 1 10 0 1 0 0 1 0 0 0 1 0 10 0 1 10 1 0 1 1 0 1 1 1 0 10 1 0 0 0 1 1 0 1 0 0 0 0 1 0 1 10 0 1 0 0 0 0 0 0 1 1 0 0 1 0 10 1 1 0 1 0 0
1 0 1 1 0 1 1 1 10 0 0 0 0 0 0 0 0 0 1 0 0 0 1 0 0 0 10 1 1 0 0 1 0 1 0 0 0 0 0 0 0 1 0 1 0 0 1 0 0 0 1 0 1 0 0 0 0 0 0 1 1 0 0 0 0 0 0 0 10 0 0 1 0 0 0 0 0 0 0 10 0 1 0 0 0 0 0 0 0 0 1 1 0 0 0 0 0 10 1 0 0 0 0 0 0 1 0 1 0 0 0 0 0 0 1 1 1 0 0 0 0 1 0 0 1 0 0 0 0 1 0 0 1 0 0 0 0 1 1 0 1 0 0 0 1 0 0 1 1 0 0 1 0 1 0 1 1 0 0 0 1 0 1
0 0 1 1 0 1 0 10 1 0 1 1 0 0 0 0 0 0 1 0 10 0 1 1 0 0 1 0 0 0 1 0 0 0 1 0 0 0 0 0 0 1 0 10 0 1 0 0 1 0 1 0 1 0 0 0 0 0 0 0 10 1 1 0 0 0 0 10 1 1 0 1 1 0 0 1 1 0 0 1 0 10 0 1 1 1 0 0 1 0 1 1 0 1 0 1 0 1 0 1 0 0 0 0 1 1 0 1 10 1 0 0 0 0 1 1 0 0 1 0 1 1 0 0 1 0 0 1 1 1 1 0 1 0 0 0 1 0 0 0 0 0 0 1 0 10 1 0 1 1 0 10 1 0 0 1 1 1 0 0 0 0 0
1 0 0 1 0 0 10 0 1 0 0 0 0 0 0 0 0 1 0 1 0 1 1 0 0 1 1 1 1 0 0 1 1 1 0 0 0 1 0 1 1 0 1 0 0 0 1 0 0 0 0 1 0 0 0 0 0 0 1 1 0 0 0 0 0 0 1 0 1 0 0 1 0 0 0 1 0 0 0 1 0 0 0 0 0 0 0 1 0 0 1 0 0 0 0 0 0 1 1 1 0 0 0 0 0 0 0 1 0 0 1 0 0 0 1 1 1 0 0 1 0 1 0 0 1 1 0 0 0 1 0 0 0 0 0 1 1 0 0 0 1 0 0 0 1 0 0 1 0 0 0 0 0 1 0 0 0 0 1 0 10 0 1
0 0 0 0 1 0 0 0 0 10 1 0 0 10 0 1 1 0 1 0 0 0 0 0 1 1 0 1 1 0 0 0 1 0 0 1 10 1 0 0 0 0 0 0 10 0 0 1 1 1 1 1 0 0 0 0 1 10 0 0 1 0 0 1 1 1 1 1 0 0 0 0 1 1 1 0 0 1 0 0 10 0 0 0 0 0 1 0 10 0 0 0 0 0 1 0 1 0 1 0 0 1 1 1 0 0 0 0 0 1 0 0 0 0 1 0 1 0 0 1 0 0 0 1 1 1 1 0 0 1 1 0 1 1 1 0 0 0 0 0 0 1 1 0 1 0 0 1 0 0 1 0 1 0 1 0 0 1 0 1 0 0 0
1 1 0 1 0 0 1 0 10 0 0 0 0 0 0 0 0 0 0 0 0 0 0 0 0 0 1 1 1 0 1 1 0 1 0 1 0 0 1 0 1 0 0 0 0 1 1 1 0 0 0 0 0 0 1 0 0 0 0 1 0 0 0 0 0 0 0 0 1 0 0 1 0 0 1 0 0 0 0 1 0 0 0 0 1 0 0 1 0 0 1 0 0 0 0 0 0 1 1 0 1 1 0 1 0 0 1 1 0 0 0 0 1 0 0 0 10 0 0 0 0 0 0 0 1 0 0 0 0 1 1 1 0 1 0 1 1 0 1 0 0 1 0 1 1 0 0 1 0 0 1 1 0 1 1 0 1 1 0 0 1 0 1
1 10 1 0 1 0 0 0 1 1 0 1 0 1 0 1 1 1 0 0 0 0 0 0 0 0 0 1 0 0 1 0 0 1 0 1 0 0 10 0 10 0 0 0 1 1 1 100 0 10 0 0 0 1 1 1 1 10 0 1 0 0 0 0 1 0 1 1 0 0 0 1 0 1 1 0 0 1 0 0 0 0 1 1 1 0 1 1 1 0 0 0 0 0 1 0 1 0 0 0 1 10 1 1 0 0 1 0 0 0 0 0 10 0 0 1 1 0 1 0 0 0 1 10 0 1 1 0 0 0 10 1 0 1 0 10 0 0 0 1 1 0 1 1 1 0 0 0 0 0 10 1 0 0 1 0 10 10 0 1 0 0 0
0 0 0 0 1 0 0 0 0 1 0 1 1 1 0 0 1 0 1 1 0 0 0 0 0 0 0 10 0 0 0 0 0 0 0 0 1 0 1 0 0 0 0 0 1 0 0 1 0 1 0 0 0 0 1 0 1 1 0 0 0 0 0 0 1 0 1 1 1 1 0 0 0 1 0 0 0 0 0 0 0 0 0 0 1 1 0 0 1 1 0 0 0 0 1 0 1 0 0 0 0 0 1 0 1 1 1 1 0 0 0 0 0 0 0 0 0 0 0 0 0 0 1 1 0 0 0 0 0 0 1 0 0 0 1 0 0 0 0 1 0 1 0 0 1 0 0 0 1 0 1 0 1 0 0 0 0 1 0 1 0 0 0
0 1 0 0 0 0 0 0 1 0 0 1 1 0 1 0 1 1 0 0 1 0 0 1 0 0 0 0 0 1 1 0 0 1 1 1 0 0 1 0 1 0 0 0 0 100 0 1 1 0 0 0 1 1 1 0 0 0 1 1 0 1 1 0 0 0 0 1 0 1 1 1 1 1 1 0 1 1 1 0 1 0 0 0 10 0 0 1 1 1 0 1 0 10 1 1 0 0 1 0 10 1 0 1 1 0 1 1 1 0 0 0 1 0 0 0 1 0 1 0 1 0 0 1 1 0 0 1 0 0 1 1 0 1 1 1 0 1 0 0 1 1 0 0 0 1 1 0 0 0 1 1 1 1 10 0 1 1 1 0 1 1 0
1 0 0 1 1 0 1 0 1 1 0 0 0 1 0 0 1 0 0 0 0 0 0 0 0 0 1 10 1 0 0 1 0 1 0 0 0 0 0 0 0 0 0 0 1 0 1 1 0 1 0 0 0 0 0 0 1 1 0 1 0 0 0 0 0 0 1 1 1 0 0 1 0 1 0 0 0 0 0 1 0 0 0 0 0 0 0 0 1 0 1 0 0 0 1 0 1 1 1 0 0 0 1 0 0 0 0 1 0 0 0 0 0 0 0 0 1 0 0 0 0 0 0 1 1 0 0 0 0 1 1 0 0 0 0 0 1 0 1 1 1 1 1 0 0 0 0 1 0 0 1 0 0 1 0 0 0 1 0 1 1 0 1
0 0 0 1 0 0 0 1 0 0 1 1 0 0 0 0 0 0 0 0 10 0 0 1 0 0 0 0 0 0 1 0 0 0 1 0 0 0 0 0 0 0 0 1 0 1 0 0 1 0 0 0 0 0 0 0 0 0 0 0 1 1 1 0 0 0 0 10 0 1 0 1 1 0 0 1 1 0 0 0 0 1 0 1 1 1 0 0 1 0 1 0 0 1 0 1 0 0 0 1 0 0 0 0 1 0 0 1 10 1 0 0 0 0 0 0 0 0 1 0 1 0 0 0 1 0 0 1 1 1 1 0 0 0 0 0 0 10 0 0 0 0 0 1 0 0 1 0 0 1 0 1 1 0 0 0 0 1 0 0 0 0 0
0 0 0 0 0 0 0 0 0 0 0 1 0 0 0 0 0 0 0 0 1 0 0 1 0 0 0 0 0 0 0 0 0 0 1 0 0 0 0 0 0 0 0 0 0 1 0 0 1 0 0 0 0 0 0 0 0 0 0 0 0 1 1 0 0 0 0 1 0 1 0 1 1 0 0 0 1 0 0 0 0 0 0 0 1 0 0 0 1 0 0 0 0 1 0 1 0 0 0 0 0 0 0 0 1 0 0 1 1 0 0 0 0 0 0 0 0 0 1 0 1 0 0 0 1 0 0 1 0 0 0 0 0 0 0 0 0 1 0 0 0 0 0 1 0 1 0 0 0 0 0 0 1 0 0 0 0 0 0 0 0 0 0
1 1 0 1 1 0 1 0 1 1 1 0 0 0 0 10 1 0 1 0 0 0 0 0 10 0 1 1 10 1 0 10 1 1 0 10 1 1 0 0 0 1 1 0 10 0 1 0 1 0 0 1 0 0 0 0 0 0 0 1 0 1 0 1 1 1 0 0 1 0 1 1 0 0 1 0 1 0 1 10 1 0 1 0 0 0 0 1 0 0 1 0 0 0 0 1 0 1 10 1 0 0 1 1 1 0 1 1 1 1 0 1 0 0 1 0 1 0 0 1 1 0 0 0 10 1 0 0 0 1 0 1 0 1 0 0 1 0 1 1 1 0 0 0 1 0 0 0 0 0 0 0 1 1 1 0 0 0 0 0 1 1 1
0 0 1 0 0 1 0 1 1 0 0 1 1 0 0 0 0 0 10 1 0 0 1 0 0 0 1 1 0 0 0 0 0 0 0 0 1 0 1 0 0 1 0 1 0 0 0 0 0 0 1 0 1 0 1 0 0 0 0 0 1 0 0 0 1 0 0 0 10 1 0 0 0 0 0 0 0 0 0 1 0 1 0 0 1 1 0 0 0 1 0 1 0 0 0 0 0 1 0 0 0 0 0 0 1 10 1 1 0 0 0 0 0 0 1 1 0 0 0 0 0 1 1 0 0 0 0 0 0 0 0 0 1 0 1 0 1 1 0 0 0 0 1 0 0 0 0 0 0 0 0 1 1 0 0 1 1 0 0 0 0 0 0
1 0 0 1 1 0 1 1 0 1 1 0 0 0 0 0 0 0 0 1 1 0 1 0 0 1 0 0 0 0 10 0 0 0 1 0 0 0 0 1 0 0 0 1 0 0 1 0 0 0 1 0 0 0 0 1 0 0 1 0 1 0 0 1 0 1 0 1 0 0 0 0 0 0 0 1 0 0 0 0 0 10 0 1 0 1 0 0 0 0 1 0 1 1 0 0 1 0 0 1 1 0 0 0 0 0 0 0 1 1 0 0 0 1 0 0 0 0 0 0 0 1 0 0 0 0 0 1 1 1 1 0 1 0 0 0 0 1 0 0 0 0 0 0 0 1 0 0 0 0 0 1 0 0 0 1 0 1 0 0 0 0 0
0 1 0 0 1 0 0 0 1 1 0 0 0 1 0 0 1 0 0 0 0 0 0 0 0 0 0 1 0 0 1 0 0 0 0 1 0 0 1 0 1 0 0 0 1 1 0 10 0 1 0 0 0 0 1 0 1 1 0 0 0 0 0 0 0 0 1 1 0 0 0 0 0 1 1 0 0 0 0 0 0 0 0 0 1 0 0 1 1 0 0 0 0 0 1 0 1 0 0 0 1 1 1 1 0 0 1 0 0 0 0 0 1 0 0 0 1 0 0 0 0 0 0 1 0 0 0 0 0 0 10 1 0 1 0 1 0 0 0 1 1 10 1 1 1 0 0 0 0 0 0 1 0 0 1 0 1 10 0 1 0 0 0
0 1 1 1 0 1 0 10 10 0 1 0 0 0 0 0 0 0 1 0 1 0 1 0 0 0 1 0 0 0 10 0 0 0 0 1 0 0 1 0 1 1 0 10 0 1 0 1 0 0 1 0 1 0 1 0 0 0 0 0 10 0 0 0 0 0 0 1 1 0 0 0 0 0 1 1 0 0 0 1 0 10 0 1 1 1 0 1 0 0 1 1 0 0 0 0 0 1 0 1 1 1 0 1 0 1 1 0 1 1 0 0 1 0 1 1 1 0 0 0 0 1 0 0 0 0 0 0 1 1 10 1 1 1 0 1 1 10 0 0 1 1 0 1 0 1 0 0 1 1 1 0 0 0 1 1 10 10 0 0 0 0 0
0 0 0 0 0 0 0 0 0 1 1 10 1 0 0 1 0 0 10 1 1 0 0 1 1 0 0 1 0 0 0 0 0 0 1 1 10 0 1 0 0 0 0 0 1 1 0 0 10 0 0 0 0 0 1 0 0 0 0 0 0 1 1 1 10 0 0 1 1 10 0 1 1 0 1 0 1 0 0 0 1 0 0 0 10 1 0 0 1 1 0 0 0 1 0 1 0 0 1 0 0 0 0 1 10 1 1 10 1 0 0 0 0 0 1 0 0 0 1 1 1 0 1 0 10 1 0 1 0 0 0 0 0 1 1 0 0 1 0 1 0 0 1 1 0 1 1 1 1 0 0 0 0 0 1 0 0 0 0 0 0 0 0
1 0 0 1 0 0 1 0 1 0 0 0 1 1 1 0 1 1 0 0 0 0 0 1 1 0 1 1 1 10 0 1 0 10 0 0 0 0 0 0 0 1 0 0 0 1 1 0 0 0 0 0 1 1 0 0 1 0 1 10 0 1 0 1 0 0 0 0 1 0 1 1 0 1 1 0 0 1 1 1 1 0 0 0 0 1 1 0 0 1 1 1 0 1 1 1 1 1 10 0 1 0 0 1 0 0 0 1 0 0 0 0 0 0 0 0 1 1 0 0 0 0 0 1 1 0 1 0 1 1 0 0 0 0 1 0 1 0 1 0 1 0 0 1 1 0 0 1 0 0 0 0 0 0 1 0 0 0 10 1 10 1 1
0 1 0 0 0 0 0 0 1 1 1 0 1 0 1 1 1 1 1 0 0 0 0 0 1 0 0 0 0 1 1 0 0 1 0 10 1 0 1 0 1 0 0 0 1 10 0 1 1 0 0 0 1 1 1 0 0 0 1 1 0 0 0 1 1 0 0 0 0 0 1 0 0 1 10 0 0 1 1 0 10 0 0 0 1 0 0 1 0 1 0 1 0 1 1 0 0 0 10 0 10 1 0 10 0 0 1 0 0 0 0 0 1 0 1 0 1 0 0 1 0 0 0 1 1 1 0 0 0 0 1 1 0 10 1 1 0 0 0 1 1 1 0 10 0 0 0 1 0 0 1 1 1 1 0 0 1 1 1 0 1 1 0
1 0 1 0 1 1 1 1 1 1 0 0 0 0 0 0 0 0 1 1 0 0 10 0 0 1 1 0 0 0 1 0 0 0 1 0 0 0 0 1 0 1 0 1 0 0 1 0 0 0 10 0 1 0 0 1 0 0 1 0 1 0 0 1 0 1 0 0 1 0 0 0 0 0 0 0 0 0 0 1 0 10 0 0 0 0 0 0 0 0 0 1 1 1 0 0 1 1 0 0 1 0 0 0 0 1 0 0 0 0 0 0 0 1 1 1 0 0 0 0 0 10 0 0 0 0 0 1 0 0 0 0 10 0 0 0 1 1 0 0 0 0 0 0 0 0 0 0 1 1 0 1 0 0 0 0 1 0 0 0 0 0 0
1 10 10 0 0 1 0 1 10 0 0 1 0 0 0 1 0 1 1 0 0 0 1 0 0 0 1 0 0 0 1 0 0 1 0 1 0 0 10 0 10 1 0 1 0 1 1 10 0 1 1 0 1 1 1 1 0 1 0 1 1 0 0 0 1 0 0 0 1 0 0 1 0 0 1 0 0 1 0 1 0 1 1 1 1 0 1 1 0 0 0 1 0 0 0 0 0 1 0 0 1 10 0 1 0 1 1 0 0 0 0 0 10 0 1 10 1 0 1 0 0 1 1 1 0 1 1 0 0 0 1 1 1 1 0 10 1 1 0 0 1 10 0 1 0 0 0 0 1 0 1 10 0 0 1 1 0 1 0 0 0 0 0
0 1 0 1 1 0 0 1 1 1 1 0 0 1 0 0 1 0 0 0 1 0 0 0 0 0 0 1 0 0 10 0 0 0 0 1 0 0 1 0 1 0 0 1 1 1 0 10 0 1 0 0 0 0 1 0 1 1 0 0 1 0 0 0 0 0 1 10 0 0 0 0 0 1 1 1 0 0 0 0 0 1 0 1 1 1 0 1 1 0 1 0 0 0 1 0 1 0 0 1 1 1 1 1 0 0 1 0 1 1 0 0 1 0 0 0 1 0 0 0 0 0 0 1 0 0 0 0 1 1 100 1 0 1 0 1 0 1 0 1 1 10 1 1 1 1 0 0 0 1 10 10 0 0 1 0 1 0 0 1 0 0 0
0 0 0 0 0 0 1 0 0 0 0 0 1 1 1 0 1 10 0 1 0 1 1 1 1 1 0 0 0 10 0 0 1 1 0 0 0 1 0 1 1 1 1 0 0 1 0 0 0 0 0 1 1 1 0 0 1 0 10 1 0 1 0 1 0 0 1 0 0 0 1 0 0 1 1 1 0 1 1 0 1 0 0 0 0 1 1 1 0 1 0 1 0 1 1 1 1 0 1 1 1 0 0 1 0 0 0 0 0 0 1 0 0 0 1 1 0 1 0 1 0 1 0 1 0 1 1 0 1 0 0 0 0 0 1 1 0 0 1 0 0 0 0 1 0 0 0 0 0 0 0 0 0 10 1 0 0 0 0 1 10 1 0
0 0 0 0 1 0 0 0 0 1 0 0 0 10 0 0 1 0 0 0 0 0 0 1 1 0 0 1 0 1 0 0 0 0 0 0 0 0 0 0 0 1 0 0 1 0 0 1 0 1 0 0 0 0 0 0 10 1 0 0 0 1 0 1 0 0 1 1 0 0 0 0 0 1 1 0 0 0 0 0 0 0 0 0 0 1 1 0 1 0 0 0 0 0 1 1 10 0 0 0 0 0 1 1 0 0 0 0 0 0 0 0 0 0 0 0 0 1 0 0 0 0 0 1 0 0 1 0 1 0 1 0 0 0 0 0 0 0 0 1 0 1 1 0 1 0 0 0 0 0 1 0 0 1 0 0 0 1 1 0 0 0 0
1 0 0 1 0 0 10 0 1 0 0 0 1 0 1 0 1 10 0 1 0 1 1 0 0 1 1 1 1 1 0 1 1 10 0 0 0 1 0 1 1 0 1 0 0 1 1 0 0 0 0 1 1 1 0 0 0 0 10 10 0 0 0 0 0 0 1 0 1 0 1 1 0 1 0 1 0 1 1 1 1 0 0 0 0 0 0 1 0 1 1 1 0 1 1 0 0 1 10 1 1 0 0 0 0 0 0 1 0 0 1 0 0 0 1 1 1 0 0 1 0 1 0 1 1 1 0 0 0 1 0 0 0 0 1 1 1 0 10 0 1 0 0 1 1 0 0 1 0 0 0 0 0 10 1 0 0 0 10 0 0 1 1
0 1 0 0 1 0 0 0 0 0 0 0 1 0 1 1 10 1 0 0 0 0 0 0 1 0 0 0 1 10 0 1 1 1 0 1 0 1 0 0 0 1 1 0 1 1 0 0 0 0 0 1 1 1 0 0 0 0 1 1 0 1 0 0 0 1 0 0 0 0 10 0 0 1 0 0 1 1 10 1 1 0 1 0 0 0 0 1 0 1 0 1 0 1 1 1 0 0 1 1 1 0 1 0 1 0 1 0 1 1 0 1 0 0 0 0 0 0 0 0 1 0 0 1 0 0 0 0 0 0 0 1 0 0 1 0 0 0 0 0 0 0 0 1 0 0 0 1 0 0 0 0 0 1 1 0 0 0 1 0 1 0 0
1 0 0 1 0 0 1 0 1 0 0 0 0 0 0 0 0 0 0 0 0 0 0 0 0 0 1 1 1 0 0 1 0 1 0 0 0 0 0 0 0 0 0 0 0 0 1 0 0 0 0 0 0 0 0 0 0 0 0 1 0 0 0 0 0 0 0 0 1 0 0 1 0 0 0 0 0 0 0 1 0 0 0 0 0 0 0 0 0 0 1 0 0 0 0 0 0 1 1 0 0 0 0 0 0 0 0 1 0 0 0 0 0 0 0 0 1 0 0 0 0 0 0 0 1 0 0 0 0 1 0 0 0 0 0 0 1 0 1 0 1 0 0 0 1 0 0 1 0 0 0 0 0 1 0 0 0 0 0 0 1 0 0
4
3 2 3
4 20 3
5 1 3
6 12 3
5
4 4 
1 3
2 3
3 5
4 4
2 4 
1 4
1 4
2 6
2 6
3 7 
1 4
1 4
2 6
2 6
2 6
3 4
3 4
2 3 
1 4
1 4
2 6
1 17 
1 4
1 4
1 6
1 4
1 4
1 4
1 6
1 6
1 4
1 4
1 6
1 6
1 6
1 4
1 4
1 4
1 4
163 15
3 0 4 6
3 14 2 6
2 13 6
2 11 4
3 0 10 2
1 13
3 0 4 8
2 11 13
3 13 14 4
3 0 10 7
2 11 7
3 12 5 6
2 1 12
3 10 3 9
1 1
3 2 6 7
3 1 10 2
3 1 6 8
3 12 13 7
3 0 12 8
2 11 5
1 8
3 0 13 8
2 5 9
3 2 7 9
3 0 3 8
2 13 4
3 10 12 4
3 2 3 4
3 1 2 9
3 0 11 14
2 2 4
3 2 3 8
3 1 4 6
2 0 5
3 14 2 7
3 12 3 7
3 2 3 8
3 12 14 6
2 0 8
3 14 6 8
3 13 2 9
2 2 8
2 11 13
3 10 2 7
3 1 14 5
3 0 4 6
3 10 14 6
2 5 7
2 10 6
3 0 13 3
3 2 3 8
2 1 13
2 1 6
2 12 14
2 0 6
2 10 9
3 10 3 6
3 0 1 8
3 1 4 6
3 11 13 3
3 2 5 9
1 5
3 0 7 9
3 12 6 7
3 0 2 3
2 10 8
3 10 11 5
3 12 13 4
2 12 5
2 1 2
3 4 5 6
2 3 5
2 1 10
3 14 7 9
2 11 8
2 2 5
3 1 3 6
2 1 2
3 13 2 4
3 1 3 7
3 0 11 13
2 2 6
2 11 6
3 12 14 5
3 11 12 9
3 3 6 9
3 14 2 8
3 10 3 5
2 1 12
2 11 4
2 1 13
1 0
3 0 1 5
2 1 10
3 2 5 9
3 0 10 9
2 13 4
3 1 4 7
3 11 2 8
3 0 1 14
3 14 3 6
2 10 2
3 14 7 9
3 12 2 5
2 12 13
3 12 14 2
3 12 4 5
3 11 2 5
3 11 2 3
1 8
1 2
2 14 6
1 0
3 13 7 8
3 13 6 8
3 14 3 4
1 9
2 5 6
2 7 8
2 2 5
3 0 13 8
2 12 6
3 1 10 6
3 4 5 7
3 6 7 8
3 3 6 9
2 0 5
2 11 9
3 11 3 4
3 10 11 14
2 14 2
3 0 13 3
2 14 7
3 1 12 3
3 14 6 8
2 13 4
3 11 13 5
2 4 8
3 10 3 7
2 14 4
3 10 14 6
2 10 12
3 1 14 5
2 10 4
2 11 5
1 5
3 2 4 7
2 12 13
2 0 11
2 10 14
3 11 13 14
3 12 5 7
3 1 4 9
3 1 14 7
2 0 13
3 13 14 6
3 10 11 14
3 1 8 9
2 10 9
3 1 4 8
2 1 2
1 4
163 442
4 333 432 435 83
2 185 423
4 315 334 394 397
6 103 177 271 382 390 434
4 146 161 304 391
3 170 427 61
4 110 159 427 62
5 259 35 405 431 441
3 200 307 432
3 149 335 396
4 354 364 436 84
4 341 438 52 85
2 277 34
2 262 350
3 213 401 417
5 181 283 350 375 396
3 219 341 371
6 155 195 274 30 344 370
3 365 425 72
3 10 126 429
2 3 422
4 256 402 74 92
7 100 17 288 306 352 406 70
4 302 370 416 420
4 143 276 356 388
3 11 124 408
4 180 204 364 428
2 361 413
1 355
3 267 407 64
4 202 348 373 404
7 230 249 272 340 432 434 98
2 278 433
6 118 196 224 422 438 73
8 21 312 346 37 40 408 436 51
4 116 178 235 425
3 188 192 91
4 357 381 409 67
2 136 137
3 114 264 412
2 211 48
4 125 363 430 436
6 107 212 39 427 56 75
2 339 63
3 173 414 417
2 205 357
5 203 372 378 38 45
2 122 7
5 27 300 353 400 430
2 216 87
4 148 396 403 432
2 191 356
3 167 331 438
3 132 250 403
3 347 369 77
4 138 162 254 285
4 129 134 330 434
4 26 372 404 8
5 284 365 367 411 49
3 402 413 43
2 184 368
3 248 275 409
4 251 31 323 425
4 13 376 421 439
2 109 269
3 190 252 4
4 105 305 359 414
4 133 41 416 428
4 164 318 429 431
5 220 281 436 439 78
8 157 270 33 362 383 400 60 97
2 351 59
3 152 226 81
5 194 328 373 418 424
4 112 12 246 388
7 111 117 286 308 358 398 80
8 135 245 265 266 381 410 423 58
3 186 240 329
5 273 411 415 96 99
3 187 291 425
4 1 108 169 86
8 160 206 299 346 389 394 400 406
3 229 343 44
1 349
3 255 320 89
4 28 440 441 82
5 263 361 405 415 441
3 182 352 397
5 145 175 338 345 428
2 360 378
4 327 347 379 433
1 5
6 163 168 374 385 414 438
4 222 403 88 93
4 418 426 429 440
2 119 399
5 310 379 395 441 6
4 153 209 358 423
6 238 294 398 440 65 94
2 102 189
4 214 421 426 90
6 115 313 382 395 415 50
3 232 413 53
4 151 297 36 426
4 128 410 419 68
4 343 355 419 426
3 236 242 367
6 208 340 353 393 437 441
2 399 412
5 241 303 366 406 424
4 384 393 54 95
1 437
3 293 317 435
6 16 172 198 391 441 9
4 336 394 435 439
4 121 316 380 431
3 292 410 69
5 29 354 389 401 421
1 2
3 244 427 441
7 127 207 322 366 376 392 76
1 156
3 15 158 398
3 221 225 326
5 14 141 217 319 417
2 359 437
5 228 23 351 57 79
4 179 344 387 440
4 113 123 289 321
6 166 253 377 386 412 433
3 0 348 437
4 280 332 411 440
6 147 165 383 402 424 71
2 199 374
6 130 18 258 345 371 387
2 183 375
2 42 47
5 243 260 369 420 46
6 176 20 24 298 363 416
3 268 55 66
3 25 337 405
2 231 397
3 106 384 433
5 279 314 385 401 420
6 140 233 261 296 32 435
4 174 301 309 342
3 215 393 434
4 139 142 339 360
3 193 368 429
3 257 349 407
4 197 218 395 428
3 104 201 223
6 101 19 227 390 418 430
6 144 324 325 338 342 407
4 171 22 422 439
5 150 234 386 408 439
3 295 399 419
1 287
2 237 430
6 120 210 239 282 377 409
1 311
4 247 290 404 438
6 131 154 362 380 392 431
