69
0 1 0 1 1 1 0 0 0 1 1 10 1 1 1 1 1 1 1 0 1 1 0 1 1 1 1 10 1 1 0 1 10 0 0 0 1 1 1 1 10 0 1 1 1 0 10 0 1 1 0 0 1 0 1 1 10 1 1 0 0 0 0 1 1 1 0 1 0
1 0 0 0 100 1 1 1 1 1 1 10 1 0 0 1 10 10 1 0 0 10 10 0 1 10 10 1 0 10 1 10 1 1 10 10 1 0 1 10 10 1 10 1 1 1 1 0 10 1 10 1 1 0 100 1 1 1 100 1 0 0 10 10 1 10 1 1 1
0 0 0 1 0 0 1 1 1 0 0 0 1 1 1 1 0 0 1 1 10 1 1 10 1 1 0 1 0 0 10 1 1 0 0 1 1 1 1 1 0 1 0 1 1 1 0 10 0 10 1 10 1 1 0 10 1 0 0 1 10 10 0 0 1 1 1 0 0
1 0 1 0 0 1 0 1 1 0 1 1 0 10 10 1 1 0 1 0 10 1 1 10 1 1 0 10 1 1 1 0 1 0 0 0 10 1 1 0 1 1 0 10 10 0 1 1 1 1 0 1 10 1 0 1 10 1 0 0 1 1 0 1 10 1 0 0 0
1 100 0 0 0 1 1 1 1 1 1 10 1 0 0 1 10 10 1 0 0 10 10 0 1 10 10 1 0 10 1 10 1 1 10 10 1 0 1 10 10 1 10 1 1 1 1 0 10 1 10 1 1 0 100 1 1 1 100 1 0 0 10 10 1 10 1 1 1
1 1 0 1 1 0 0 0 0 0 1 10 0 1 1 10 10 1 1 0 1 1 1 1 10 1 0 1 1 10 1 0 1 1 1 1 10 1 0 0 1 1 0 1 1 1 1 0 10 0 1 0 10 0 1 0 1 10 1 1 0 0 1 10 10 1 1 0 0
0 1 1 0 1 0 0 1 1 0 1 0 1 0 0 1 1 0 10 1 1 0 1 1 1 0 1 0 0 1 1 10 1 0 1 10 0 1 0 10 1 0 1 1 1 1 0 1 1 1 10 10 0 0 1 1 0 0 1 1 1 1 1 1 0 0 1 0 1
0 1 1 1 1 0 1 0 10 0 1 0 0 1 1 0 1 0 1 0 1 1 10 1 0 1 1 1 0 1 1 1 0 0 1 1 1 0 1 1 1 1 1 10 10 0 0 1 1 1 1 10 1 1 1 1 1 0 1 0 1 1 1 1 1 1 0 0 1
0 1 1 1 1 0 1 10 0 0 1 0 0 1 1 0 1 0 1 0 1 1 10 1 0 1 1 1 0 1 1 1 0 0 1 1 1 0 1 1 1 1 1 10 10 0 0 1 1 1 1 10 1 1 1 1 1 0 1 0 1 1 1 1 1 1 0 0 1
1 1 0 0 1 0 0 0 0 0 0 1 1 0 0 0 0 1 0 0 0 1 0 0 0 1 1 1 0 0 0 1 1 0 0 0 0 0 1 1 1 0 1 0 0 0 1 0 0 1 0 0 0 0 1 1 1 0 1 0 0 0 0 0 0 1 0 1 0
1 1 0 1 1 1 1 1 1 0 0 1 0 1 1 1 10 0 10 0 1 0 1 1 1 0 1 1 1 10 0 1 1 0 1 1 1 1 0 1 10 0 1 10 10 0 1 0 10 0 1 1 1 0 1 0 1 1 1 0 0 0 1 10 1 0 0 0 1
10 10 0 1 10 10 0 0 0 1 1 0 1 1 1 10 10 10 1 0 1 10 1 1 10 10 1 10 1 10 1 1 10 1 1 1 10 1 1 1 10 1 1 1 1 1 10 0 10 1 1 0 10 0 10 1 10 10 10 1 0 0 1 10 10 10 1 1 0
1 1 1 0 1 0 1 0 0 1 0 1 0 0 0 1 0 1 1 1 1 1 0 1 1 1 1 1 0 0 1 10 10 0 0 1 0 1 1 10 1 0 1 0 0 1 1 1 0 10 1 1 0 0 1 10 1 0 1 1 1 1 0 0 0 1 1 1 0
1 0 1 10 0 1 0 1 1 0 1 1 0 0 10 1 1 0 1 0 10 1 1 10 1 1 0 10 1 1 1 0 1 0 0 0 10 1 1 0 1 1 0 10 10 0 1 1 1 1 0 1 10 1 0 1 10 1 0 0 1 1 0 1 10 1 0 0 0
1 0 1 10 0 1 0 1 1 0 1 1 0 10 0 1 1 0 1 0 10 1 1 10 1 1 0 10 1 1 1 0 1 0 0 0 10 1 1 0 1 1 0 10 10 0 1 1 1 1 0 1 10 1 0 1 10 1 0 0 1 1 0 1 10 1 0 0 0
1 1 1 1 1 10 1 0 0 0 1 10 1 1 1 0 10 1 10 1 10 1 1 10 100 1 0 1 1 10 10 1 10 1 1 10 10 10 0 1 1 1 0 1 1 10 1 1 10 1 10 1 10 0 1 1 1 10 1 10 1 1 1 10 10 1 10 0 0
1 10 0 1 10 10 1 1 1 0 10 10 0 1 1 10 0 1 10 0 1 1 10 1 10 1 1 1 1 100 1 1 1 1 10 10 10 1 0 1 10 1 1 10 10 1 1 0 100 0 10 1 10 0 10 0 1 10 10 1 0 0 10 100 10 1 1 0 1
1 10 0 0 10 1 0 0 0 1 0 10 1 0 0 1 1 0 0 0 0 10 1 0 1 10 1 1 0 1 1 1 1 1 1 1 1 0 1 1 1 1 1 0 0 1 1 0 1 1 1 0 1 0 10 1 1 1 10 1 0 0 1 1 1 10 1 1 0
1 1 1 1 1 1 10 1 1 0 10 1 1 1 1 10 10 0 0 1 10 0 1 10 10 0 1 1 1 10 1 10 10 0 1 10 1 10 0 10 10 0 1 10 10 1 1 1 10 1 10 10 1 0 1 1 1 1 1 1 1 1 1 10 1 0 1 0 1
0 0 1 0 0 0 1 0 0 0 0 0 1 0 0 1 0 0 1 0 1 0 0 1 1 0 0 0 0 0 1 1 1 0 0 1 0 1 0 1 0 0 0 0 0 1 0 1 0 1 1 1 0 0 0 1 0 0 0 1 1 1 0 0 0 0 1 0 0
1 0 10 10 0 1 1 1 1 0 1 1 1 10 10 10 1 0 10 1 0 1 1 100 10 1 0 10 1 1 10 1 10 0 0 1 10 10 1 1 1 1 0 10 10 1 1 10 1 10 1 10 10 1 0 10 10 1 0 1 10 10 0 1 10 1 1 0 0
1 10 1 1 10 1 0 1 1 1 0 10 1 1 1 1 1 10 0 0 1 0 10 1 1 100 1 10 0 1 10 1 1 1 1 1 10 0 10 1 1 10 1 1 1 1 1 1 1 10 1 1 10 1 10 10 10 1 10 1 1 1 1 1 10 100 1 1 0
0 10 1 1 10 1 1 10 10 0 1 1 0 1 1 1 10 1 1 0 1 10 0 1 1 10 1 1 0 10 10 1 0 1 10 10 10 0 1 1 1 10 1 10 10 1 0 1 10 1 10 10 10 1 10 1 1 1 10 1 1 1 10 10 10 10 1 0 1
1 0 10 10 0 1 1 1 1 0 1 1 1 10 10 10 1 0 10 1 100 1 1 0 10 1 0 10 1 1 10 1 10 0 0 1 10 10 1 1 1 1 0 10 10 1 1 10 1 10 1 10 10 1 0 10 10 1 0 1 10 10 0 1 10 1 1 0 0
1 1 1 1 1 10 1 0 0 0 1 10 1 1 1 100 10 1 10 1 10 1 1 10 0 1 0 1 1 10 10 1 10 1 1 10 10 10 0 1 1 1 0 1 1 10 1 1 10 1 10 1 10 0 1 1 1 10 1 10 1 1 1 10 10 1 10 0 0
1 10 1 1 10 1 0 1 1 1 0 10 1 1 1 1 1 10 0 0 1 100 10 1 1 0 1 10 0 1 10 1 1 1 1 1 10 0 10 1 1 10 1 1 1 1 1 1 1 10 1 1 10 1 10 10 10 1 10 1 1 1 1 1 10 100 1 1 0
1 10 0 0 10 0 1 1 1 1 1 1 1 0 0 0 1 1 1 0 0 1 1 0 0 1 0 1 0 1 0 10 1 0 1 1 0 0 1 10 10 0 10 1 1 0 1 0 1 1 1 1 0 0 10 1 1 0 10 0 0 0 1 1 0 1 0 1 1
10 1 1 10 1 1 0 1 1 1 1 10 1 10 10 1 1 1 1 0 10 10 1 10 1 10 1 0 1 1 1 1 10 0 0 0 10 1 10 1 10 1 1 10 10 0 10 1 1 10 0 1 10 1 1 10 100 1 1 0 1 1 0 1 10 10 0 1 0
1 0 0 1 0 1 0 0 0 0 1 1 0 1 1 1 1 0 1 0 1 0 0 1 1 0 0 1 0 1 0 0 1 0 0 0 1 1 0 0 1 0 0 1 1 0 1 0 1 0 0 0 1 0 0 0 1 1 0 0 0 0 0 1 1 0 0 0 0
1 10 0 1 10 10 1 1 1 0 10 10 0 1 1 10 100 1 10 0 1 1 10 1 10 1 1 1 1 0 1 1 1 1 10 10 10 1 0 1 10 1 1 10 10 1 1 0 100 0 10 1 10 0 10 0 1 10 10 1 0 0 10 100 10 1 1 0 1
0 1 10 1 1 1 1 1 1 0 0 1 1 1 1 10 1 1 1 1 10 10 10 10 10 10 0 1 0 1 0 1 1 1 1 10 10 1 1 1 0 10 0 1 1 10 0 10 1 10 10 10 10 1 1 10 1 1 1 10 10 10 1 1 10 10 10 0 0
1 10 1 0 10 0 10 1 1 1 1 1 10 0 0 1 1 1 10 1 1 1 1 1 1 1 10 1 0 1 1 0 10 0 1 10 0 1 1 100 10 0 10 1 1 1 1 1 1 10 10 10 0 0 10 10 1 0 10 1 1 1 1 1 0 1 1 1 1
10 1 1 1 1 1 1 0 0 1 1 10 10 1 1 10 1 1 10 1 10 1 0 10 10 1 1 10 1 1 1 10 0 0 0 1 1 10 1 10 10 0 1 1 1 1 10 1 1 10 1 1 1 0 1 10 10 1 1 1 1 1 0 1 1 1 1 1 0
0 1 0 0 1 1 0 0 0 0 0 1 0 0 0 1 1 1 0 0 0 1 1 0 1 1 0 0 0 1 1 0 0 0 1 1 1 0 0 0 0 1 0 0 0 1 0 0 1 0 1 0 1 0 1 0 0 1 1 1 0 0 1 1 1 1 1 0 0
0 10 0 0 10 1 1 1 1 0 1 1 0 0 0 1 10 1 1 0 0 1 10 0 1 1 1 0 0 10 1 1 0 1 0 10 1 0 0 1 1 1 1 1 1 1 0 0 10 0 10 1 1 0 10 0 0 1 10 1 0 0 10 10 1 1 1 0 1
0 10 1 0 10 1 10 1 1 0 1 1 1 0 0 10 10 1 10 1 1 1 10 1 10 1 1 0 0 10 10 10 1 1 10 0 1 1 0 10 1 1 1 1 1 10 0 1 10 1 100 10 1 0 10 1 0 1 10 10 1 1 10 10 1 1 10 0 1
1 1 1 10 1 10 0 1 1 0 1 10 0 10 10 10 10 1 1 0 10 10 10 10 10 10 0 10 1 10 10 0 1 1 1 1 0 1 1 0 1 10 0 10 10 1 1 1 10 1 1 1 100 1 1 1 10 10 1 1 1 1 1 10 100 10 1 0 0
1 0 1 1 0 1 1 0 0 0 1 1 1 1 1 10 1 0 10 1 10 0 0 10 10 0 0 1 1 1 1 1 10 0 0 1 1 0 0 1 1 0 0 1 1 1 1 1 1 1 1 1 1 0 0 1 1 1 0 1 1 1 0 1 1 0 1 0 0
1 1 1 1 1 0 0 1 1 1 0 1 1 1 1 0 0 1 0 0 1 10 1 1 0 10 1 10 0 0 1 1 1 0 0 0 1 0 0 1 1 1 1 1 1 0 1 1 0 10 0 1 1 1 1 10 10 0 1 0 1 1 0 0 1 10 0 1 0
1 10 1 0 10 0 10 1 1 1 1 1 10 0 0 1 1 1 10 1 1 1 1 1 1 1 10 1 0 1 1 100 10 0 1 10 0 1 1 0 10 0 10 1 1 1 1 1 1 10 10 10 0 0 10 10 1 0 10 1 1 1 1 1 0 1 1 1 1
10 10 0 1 10 1 1 1 1 1 10 10 1 1 1 1 10 1 10 0 1 1 1 1 1 1 10 10 1 10 0 10 10 0 1 1 1 1 1 10 0 0 10 10 10 0 10 0 10 1 1 1 1 0 10 1 10 1 10 0 0 0 1 10 1 1 0 1 1
0 1 1 1 1 1 0 1 1 0 0 1 0 1 1 1 1 1 0 0 1 10 10 1 1 10 0 1 0 1 10 0 0 1 1 1 10 0 1 0 0 0 0 1 1 1 0 1 1 1 1 1 10 1 1 1 1 1 1 1 1 1 1 1 10 10 1 0 0
1 10 0 0 10 0 1 1 1 1 1 1 1 0 0 0 1 1 1 0 0 1 1 0 0 1 10 1 0 1 0 10 1 0 1 1 0 0 1 10 10 0 0 1 1 0 1 0 1 1 1 1 0 0 10 1 1 0 10 0 0 0 1 1 0 1 0 1 1
1 1 1 10 1 1 1 10 10 0 10 1 0 10 10 1 10 0 10 0 10 1 10 10 1 1 1 10 1 10 1 1 1 0 1 1 10 1 1 1 10 1 1 0 100 0 1 1 10 1 1 10 10 1 1 1 10 1 1 0 1 1 1 10 10 1 0 0 1
1 1 1 10 1 1 1 10 10 0 10 1 0 10 10 1 10 0 10 0 10 1 10 10 1 1 1 10 1 10 1 1 1 0 1 1 10 1 1 1 10 1 1 100 0 0 1 1 10 1 1 10 10 1 1 1 10 1 1 0 1 1 1 10 10 1 0 0 1
0 1 1 0 1 1 1 0 0 0 0 1 1 0 0 10 1 1 1 1 1 1 1 1 10 1 0 0 0 1 10 1 1 1 1 10 1 1 0 1 0 1 0 0 0 0 0 1 1 1 10 1 1 0 1 1 0 1 1 10 1 1 1 1 1 1 10 0 0
10 1 0 1 1 1 0 0 0 1 1 10 1 1 1 1 1 1 1 0 1 1 0 1 1 1 1 10 1 1 0 1 10 0 0 0 1 1 1 1 10 0 1 1 1 0 0 0 1 1 0 0 1 0 1 1 10 1 1 0 0 0 0 1 1 1 0 1 0
0 0 10 1 0 0 1 1 1 0 0 0 1 1 1 1 0 0 1 1 10 1 1 10 1 1 0 1 0 0 10 1 1 0 0 1 1 1 1 1 0 1 0 1 1 1 0 0 0 10 1 10 1 1 0 10 1 0 0 1 10 10 0 0 1 1 1 0 0
1 10 0 1 10 10 1 1 1 0 10 10 0 1 1 10 100 1 10 0 1 1 10 1 10 1 1 1 1 100 1 1 1 1 10 10 10 1 0 1 10 1 1 10 10 1 1 0 0 0 10 1 10 0 10 0 1 10 10 1 0 0 10 100 10 1 1 0 1
1 1 10 1 1 0 1 1 1 1 0 1 10 1 1 1 0 1 1 1 10 10 1 10 1 10 1 10 0 0 10 10 10 0 0 1 1 1 10 10 1 1 1 1 1 1 1 10 0 0 1 10 1 1 1 100 10 0 1 1 10 10 0 0 1 10 1 1 0
0 10 1 0 10 1 10 1 1 0 1 1 1 0 0 10 10 1 10 1 1 1 10 1 10 1 1 0 0 10 10 10 1 1 10 100 1 1 0 10 1 1 1 1 1 10 0 1 10 1 0 10 1 0 10 1 0 1 10 10 1 1 10 10 1 1 10 0 1
0 1 10 1 1 0 10 10 10 0 1 0 1 1 1 1 1 0 10 1 10 1 10 10 1 1 1 1 0 1 10 10 1 0 1 10 1 1 1 10 1 1 1 10 10 1 0 10 1 10 10 0 1 1 1 10 1 0 1 1 10 10 1 1 1 1 1 0 1
1 1 1 10 1 10 0 1 1 0 1 10 0 10 10 10 10 1 1 0 10 10 10 10 10 10 0 10 1 10 10 0 1 1 1 1 100 1 1 0 1 10 0 10 10 1 1 1 10 1 1 1 0 1 1 1 10 10 1 1 1 1 1 10 100 10 1 0 0
0 0 1 1 0 0 0 1 1 0 0 0 0 1 1 0 0 0 0 0 1 1 1 1 0 1 0 1 0 0 1 0 0 0 0 0 1 0 1 0 0 1 0 1 1 0 0 1 0 1 0 1 1 0 0 1 1 0 0 0 1 1 0 0 1 1 0 0 0
1 100 0 0 100 1 1 1 1 1 1 10 1 0 0 1 10 10 1 0 0 10 10 0 1 10 10 1 0 10 1 10 1 1 10 10 1 0 1 10 10 1 10 1 1 1 1 0 10 1 10 1 1 0 0 1 1 1 100 1 0 0 10 10 1 10 1 1 1
1 1 10 1 1 0 1 1 1 1 0 1 10 1 1 1 0 1 1 1 10 10 1 10 1 10 1 10 0 0 10 10 10 0 0 1 1 1 10 10 1 1 1 1 1 1 1 10 0 100 1 10 1 1 1 0 10 0 1 1 10 10 0 0 1 10 1 1 0
10 1 1 10 1 1 0 1 1 1 1 10 1 10 10 1 1 1 1 0 10 10 1 10 1 10 1 100 1 1 1 1 10 0 0 0 10 1 10 1 10 1 1 10 10 0 10 1 1 10 0 1 10 1 1 10 0 1 1 0 1 1 0 1 10 10 0 1 0
1 1 0 1 1 10 0 0 0 0 1 10 0 1 1 10 10 1 1 0 1 1 1 1 10 1 0 1 1 10 1 0 1 1 1 1 10 1 0 0 1 1 0 1 1 1 1 0 10 0 1 0 10 0 1 0 1 0 1 1 0 0 1 10 10 1 1 0 0
1 100 0 0 100 1 1 1 1 1 1 10 1 0 0 1 10 10 1 0 0 10 10 0 1 10 10 1 0 10 1 10 1 1 10 10 1 0 1 10 10 1 10 1 1 1 1 0 10 1 10 1 1 0 100 1 1 1 0 1 0 0 10 10 1 10 1 1 1
0 1 1 0 1 1 1 0 0 0 0 1 1 0 0 10 1 1 1 1 1 1 1 1 10 1 0 0 0 1 10 1 1 1 1 10 1 1 0 1 0 1 0 0 0 10 0 1 1 1 10 1 1 0 1 1 0 1 1 0 1 1 1 1 1 1 10 0 0
0 0 10 1 0 0 1 1 1 0 0 0 1 1 1 1 0 0 1 1 10 1 1 10 1 1 0 1 0 0 10 1 1 0 0 1 1 1 1 1 0 1 0 1 1 1 0 10 0 10 1 10 1 1 0 10 1 0 0 1 0 10 0 0 1 1 1 0 0
0 0 10 1 0 0 1 1 1 0 0 0 1 1 1 1 0 0 1 1 10 1 1 10 1 1 0 1 0 0 10 1 1 0 0 1 1 1 1 1 0 1 0 1 1 1 0 10 0 10 1 10 1 1 0 10 1 0 0 1 10 0 0 0 1 1 1 0 0
0 10 0 0 10 1 1 1 1 0 1 1 0 0 0 1 10 1 1 0 0 1 10 0 1 1 1 0 0 10 1 1 0 1 10 10 1 0 0 1 1 1 1 1 1 1 0 0 10 0 10 1 1 0 10 0 0 1 10 1 0 0 0 10 1 1 1 0 1
1 10 0 1 10 10 1 1 1 0 10 10 0 1 1 10 100 1 10 0 1 1 10 1 10 1 1 1 1 100 1 1 1 1 10 10 10 1 0 1 10 1 1 10 10 1 1 0 100 0 10 1 10 0 10 0 1 10 10 1 0 0 10 0 10 1 1 0 1
1 1 1 10 1 10 0 1 1 0 1 10 0 10 10 10 10 1 1 0 10 10 10 10 10 10 0 10 1 10 10 0 1 1 1 1 100 1 1 0 1 10 0 10 10 1 1 1 10 1 1 1 100 1 1 1 10 10 1 1 1 1 1 10 0 10 1 0 0
1 10 1 1 10 1 0 1 1 1 0 10 1 1 1 1 1 10 0 0 1 100 10 1 1 100 1 10 0 1 10 1 1 1 1 1 10 0 10 1 1 10 1 1 1 1 1 1 1 10 1 1 10 1 10 10 10 1 10 1 1 1 1 1 10 0 1 1 0
0 1 1 0 1 1 1 0 0 0 0 1 1 0 0 10 1 1 1 1 1 1 1 1 10 1 0 0 0 1 10 1 1 1 1 10 1 1 0 1 0 1 0 0 0 10 0 1 1 1 10 1 1 0 1 1 0 1 1 10 1 1 1 1 1 1 0 0 0
1 1 0 0 1 0 0 0 0 1 0 1 1 0 0 0 0 1 0 0 0 1 0 0 0 1 1 1 0 0 0 1 1 0 0 0 0 0 1 1 1 0 1 0 0 0 1 0 0 1 0 0 0 0 1 1 1 0 1 0 0 0 0 0 0 1 0 0 0
0 1 0 0 1 0 1 1 1 0 1 0 0 0 0 0 1 0 1 0 0 0 1 0 0 0 1 0 0 1 0 1 0 0 1 1 0 0 0 1 1 0 1 1 1 0 0 0 1 0 1 1 0 0 1 0 0 0 1 0 0 0 1 1 0 0 0 0 0
4
3 2 3
4 7 3
5 1 3
6 5 3
3
4 4 
1 3
2 3
3 5
4 4
2 4 
1 4
1 4
2 6
2 6
3 7 
1 4
1 4
2 6
2 6
2 6
3 4
3 4
69 6
2 2 3
3 0 3 5
2 1 4
2 2 4
3 0 3 5
2 2 5
2 0 1
2 0 4
2 0 4
1 3
2 0 2
3 2 3 5
2 1 3
2 2 4
2 2 4
3 1 2 5
3 0 2 5
2 3 5
3 0 1 2
1 1
3 1 2 4
3 3 4 5
3 0 4 5
3 1 2 4
3 1 2 5
3 3 4 5
2 0 3
3 2 3 4
1 2
3 0 2 5
3 1 4 5
3 0 1 3
3 1 2 3
1 5
2 0 5
3 0 1 5
3 2 4 5
2 1 2
2 3 4
3 0 1 3
3 0 2 3
2 4 5
2 0 3
3 0 2 4
3 0 2 4
2 1 5
2 2 3
2 1 4
3 0 2 5
3 1 3 4
3 0 1 5
3 0 1 4
3 2 4 5
1 4
3 0 3 5
3 1 3 4
3 2 3 4
2 2 5
3 0 3 5
2 1 5
2 1 4
2 1 4
2 0 5
3 0 2 5
3 2 4 5
3 3 4 5
2 1 5
1 3
1 0
69 184
3 145 148 178
2 178 63
3 181 28 81
7 132 147 162 167 182 183 75
4 116 143 36 97
8 133 142 167 24 55 6 80 94
4 110 119 22 68
3 12 171 95
7 0 11 142 166 30 53 72
4 105 179 21 39
3 151 175 179
4 154 159 174 180
2 137 178
1 45
4 101 109 14 73
4 113 164 166 171
2 84 87
2 169 82
2 111 8
4 104 168 176 37
4 17 47 71 98
2 165 44
3 120 147 33
3 168 54 96
2 174 38
3 122 126 48
2 173 174
8 102 107 115 158 183 31 69 78
8 108 155 161 179 182 183 7 91
8 106 118 129 156 160 161 176 29
2 114 170
4 172 179 67 76
2 10 52
4 182 183 60 90
1 86
3 136 148 163
8 149 177 35 61 65 66 79 93
4 13 144 172 181
3 138 42 50
2 127 183
7 156 165 172 32 34 49 56
1 70
4 123 154 167 177
3 1 41 51
3 157 169 176
3 168 175 92
4 112 173 180 46
3 134 155 88
2 140 18
2 146 175
4 117 125 182 83
4 131 146 163 19
3 181 74 9
6 128 159 164 169 40 85
4 139 152 170 171
2 141 180
5 124 130 177 27 4
7 144 145 152 160 162 20 3
1 103
5 121 157 2 23 77
4 135 153 173 43
4 143 15 180 25
4 150 153 170 57
4 150 178 59 89
4 151 26 62 99
4 100 166 5 58
3 149 165 64
2 158 16
1 181
