77
0 0 10 1 0 1 1 0 1 0 0 1 1 1 0 1 1 1 10 1 0 0 10 0 0 0 10 1 0 1 1 1 1 1 0 1 1 1 1 1 0 10 1 1 1 0 0 1 1 1 1 0 1 0 10 1 1 1 1 1 0 1 0 1 0 1 0 1 0 1 0 0 1 1 0 1 10
0 0 1 1 0 0 0 10 0 10 1 1 1 1 10 1 1 1 1 1 10 0 1 10 1 1 0 1 10 1 1 1 0 1 1 10 0 10 1 1 1 1 1 1 10 1 100 1 1 10 1 1 1 0 1 1 0 0 10 1 100 1 0 1 10 1 1 1 10 0 0 10 1 10 1 1 0
10 1 0 1 0 1 1 0 1 0 1 10 10 10 1 10 10 1 10 1 0 0 10 1 0 0 10 10 1 1 10 1 1 10 0 10 1 1 1 1 0 10 1 1 10 1 1 1 10 10 1 0 1 0 10 1 1 1 1 1 1 1 0 1 1 1 0 1 0 1 0 1 1 10 0 1 10
1 1 1 0 1 10 1 1 1 10 0 1 0 1 1 10 0 10 10 1 1 1 10 0 10 0 1 10 1 10 1 10 10 1 1 1 1 1 1 100 1 10 10 10 10 1 1 10 0 10 10 10 1 1 10 100 0 10 1 1 1 100 0 0 10 1 1 10 1 1 0 0 10 1 0 10 10
0 0 0 1 0 10 0 1 0 1 1 1 1 1 0 1 0 1 0 0 0 1 0 1 1 0 1 1 1 1 0 1 10 1 0 0 1 0 1 1 0 0 1 1 0 10 0 1 0 0 0 1 0 1 0 1 1 10 0 1 0 1 1 1 1 1 1 1 1 1 1 0 1 0 0 1 1
1 0 1 10 10 0 1 1 1 1 1 10 1 10 0 10 0 1 1 0 0 1 1 1 1 0 10 10 1 10 1 1 100 10 0 1 1 0 1 10 0 1 10 10 1 10 0 10 0 1 1 1 1 1 1 10 1 100 0 1 0 10 1 1 1 1 1 10 1 1 1 0 10 1 0 10 10
1 0 1 1 0 1 0 0 1 0 0 1 0 1 0 1 0 0 1 0 0 0 1 0 0 0 1 1 0 1 1 0 1 1 0 1 0 0 0 1 0 1 1 1 1 0 0 1 0 1 1 0 1 0 1 1 0 1 0 0 0 1 0 0 0 0 0 1 0 0 0 0 1 1 0 1 1
0 10 0 1 1 1 0 0 0 10 1 1 1 1 1 0 0 1 1 1 10 0 1 10 1 1 1 0 10 10 0 1 1 1 1 1 0 10 10 1 1 1 1 10 1 1 10 1 0 1 1 1 1 0 1 1 1 1 10 10 10 1 1 10 1 1 10 1 100 0 1 1 1 1 1 1 0
1 0 1 1 0 1 1 0 0 0 0 1 0 1 0 1 0 0 1 0 0 0 1 0 0 0 1 1 0 1 1 0 1 1 0 1 0 0 0 1 0 1 1 1 1 0 0 1 0 1 1 0 1 0 1 1 0 1 0 0 0 1 0 0 0 0 0 1 0 0 0 0 1 1 0 1 1
0 10 0 10 1 1 0 10 0 0 0 0 0 0 1 1 0 10 1 1 10 1 1 1 10 1 0 1 1 1 0 10 1 0 1 1 1 10 1 10 1 1 10 1 1 1 10 10 0 1 1 10 1 1 1 10 0 1 10 1 10 10 0 1 10 10 1 10 10 1 0 1 10 1 1 10 1
0 1 1 0 1 1 0 1 0 0 0 10 10 10 1 1 1 0 0 0 0 0 0 10 0 0 1 1 10 1 1 0 1 10 0 1 0 0 1 0 0 0 0 1 1 10 1 0 1 1 0 0 0 0 0 0 1 1 0 1 1 0 1 1 1 0 1 0 1 0 1 1 0 1 0 0 0
1 1 10 1 1 10 1 1 1 0 10 0 10 100 1 10 1 0 1 0 0 0 1 10 0 0 10 10 10 10 10 0 10 100 0 10 0 0 1 1 0 1 1 10 10 10 1 1 1 10 1 0 1 0 1 1 1 10 0 1 1 1 1 1 1 0 1 1 1 0 1 1 1 10 0 1 1
1 1 10 0 1 1 0 1 0 0 10 10 0 10 1 1 10 1 1 1 0 0 1 10 0 0 10 1 10 1 1 1 1 10 0 1 1 1 10 0 0 1 0 1 1 10 1 0 10 1 0 0 0 0 1 0 10 1 1 10 1 0 1 10 1 1 1 0 1 1 1 1 0 1 0 0 1
1 1 10 1 1 10 1 1 1 0 10 100 10 0 1 10 1 0 1 0 0 0 1 10 0 0 10 10 10 10 10 0 10 100 0 10 0 0 1 1 0 1 1 10 10 10 1 1 1 10 1 0 1 0 1 1 1 10 0 1 1 1 1 1 1 0 1 1 1 0 1 1 1 10 0 1 1
0 10 1 1 0 0 0 1 0 1 1 1 1 1 0 1 1 1 1 1 1 0 1 1 1 0 0 1 10 1 1 1 0 1 1 1 0 1 1 1 1 1 0 1 10 1 10 0 1 10 1 1 0 0 1 1 0 0 1 1 10 1 0 0 10 0 1 0 1 0 0 1 0 1 0 0 0
1 1 10 10 1 10 1 0 1 1 1 10 1 10 1 0 1 1 1 0 0 1 1 1 1 0 1 100 1 1 10 1 10 10 0 10 1 0 0 10 0 1 10 1 10 10 1 10 1 10 1 1 1 1 1 10 0 10 0 0 1 10 0 0 10 1 0 10 0 1 0 1 10 10 0 10 10
1 1 10 0 0 0 0 0 0 0 1 1 10 1 1 1 0 1 1 1 0 0 1 1 0 0 1 1 1 0 1 1 0 1 0 1 1 1 1 0 0 1 0 0 1 1 1 0 10 1 0 0 0 0 1 0 1 0 1 1 1 0 0 1 1 1 0 0 0 1 0 1 0 1 0 0 1
1 1 1 10 1 1 0 1 0 10 0 0 1 0 1 1 1 0 10 10 1 1 10 0 10 0 1 1 1 1 0 100 1 0 1 0 10 10 10 10 1 10 1 1 1 1 1 1 1 1 1 10 0 1 10 10 1 1 10 10 1 10 0 1 10 10 1 1 1 10 0 0 1 0 0 1 10
10 1 10 10 0 1 1 1 1 1 0 1 1 1 1 1 1 10 0 10 1 0 100 0 1 0 10 1 1 10 1 10 1 1 1 1 1 10 10 10 1 100 1 10 10 0 1 1 1 10 10 1 1 0 100 10 1 1 10 10 1 10 0 1 1 1 1 1 1 1 0 0 1 1 0 1 10
1 1 1 1 0 0 0 1 0 1 0 0 1 0 1 0 1 10 10 0 1 0 10 0 1 0 1 0 1 1 0 10 0 0 1 0 1 10 10 1 1 10 0 1 1 0 1 0 1 1 1 1 0 0 10 1 1 0 10 10 1 1 0 1 1 1 1 0 1 1 0 0 0 0 0 0 1
0 10 0 1 0 0 0 10 0 10 0 0 0 0 1 0 0 1 1 1 0 0 1 1 1 1 0 0 1 1 0 1 0 0 1 1 0 10 1 1 1 1 1 1 1 0 10 1 0 1 1 1 1 0 1 1 0 0 10 1 10 1 0 1 1 1 1 1 10 0 0 1 1 1 1 1 0
0 0 0 1 1 1 0 0 0 1 0 0 0 0 0 1 0 1 0 0 0 0 0 0 1 0 0 1 0 0 0 1 1 0 0 0 1 0 0 1 0 0 1 0 0 1 0 1 0 0 0 1 0 1 0 1 0 1 0 0 0 1 0 0 1 1 0 1 0 1 0 0 1 0 0 1 1
10 1 10 10 0 1 1 1 1 1 0 1 1 1 1 1 1 10 100 10 1 0 0 0 1 0 10 1 1 10 1 10 1 1 1 1 1 10 10 10 1 100 1 10 10 0 1 1 1 10 10 1 1 0 100 10 1 1 10 10 1 10 0 1 1 1 1 1 1 1 0 0 1 1 0 1 10
0 10 1 0 1 1 0 10 0 1 10 10 10 10 1 1 1 0 0 0 1 0 0 0 0 1 1 1 10 1 1 0 1 10 0 10 0 1 1 0 0 0 1 1 1 10 10 1 1 1 0 0 1 0 0 0 1 1 1 1 10 0 1 10 1 1 1 1 10 0 1 10 1 10 1 1 0
0 1 0 10 1 1 0 1 0 10 0 0 0 0 1 1 0 10 1 1 1 1 1 0 0 0 0 1 1 1 0 10 1 0 1 0 1 1 1 10 1 1 1 1 1 1 1 1 0 1 1 10 0 1 1 10 0 1 1 1 1 10 0 0 10 1 1 1 1 1 0 0 1 0 0 1 1
0 1 0 0 0 0 0 1 0 1 0 0 0 0 0 0 0 0 0 0 1 0 0 1 0 0 0 0 0 0 0 0 0 0 0 1 0 1 0 0 0 0 1 0 0 0 1 1 0 0 0 0 1 0 0 0 0 0 1 0 1 0 0 1 0 1 0 1 1 0 0 1 1 1 1 1 0
10 0 10 1 1 10 1 1 1 0 1 10 10 10 0 1 1 1 10 1 0 0 10 1 0 0 0 1 1 10 1 1 10 10 0 1 1 1 10 1 0 10 1 10 1 1 0 1 1 1 1 0 1 0 10 1 10 10 1 10 0 1 1 10 0 1 1 1 1 1 1 0 1 1 0 1 10
1 1 10 10 1 10 1 0 1 1 1 10 1 10 1 100 1 1 1 0 0 1 1 1 1 0 1 0 1 1 10 1 10 10 0 10 1 0 0 10 0 1 10 1 10 10 1 10 1 10 1 1 1 1 1 10 0 10 0 0 1 10 0 0 10 1 0 10 0 1 0 1 10 10 0 10 10
0 10 1 1 1 1 0 10 0 1 10 10 10 10 10 1 1 1 1 1 1 0 1 10 1 0 1 1 0 10 1 1 1 10 1 1 0 1 10 1 1 1 0 10 10 10 10 0 1 10 1 1 0 0 1 1 1 1 1 10 10 1 1 1 10 0 10 0 10 0 1 1 0 1 0 0 0
1 1 1 10 1 10 1 10 1 1 1 10 1 10 1 1 0 1 10 1 1 0 10 1 1 0 10 1 10 0 1 1 10 10 1 1 0 1 10 10 1 10 1 100 10 1 1 1 0 10 10 1 1 0 10 10 1 10 1 10 1 10 1 1 1 0 10 1 10 0 1 0 1 1 0 1 1
1 1 10 1 0 1 1 0 1 0 1 10 1 10 1 10 1 0 1 0 0 0 1 1 0 0 1 10 1 1 0 0 1 10 0 10 0 0 0 1 0 1 1 1 10 1 1 1 1 10 1 0 1 0 1 1 0 1 0 0 1 1 0 0 1 0 0 1 0 0 0 1 1 10 0 1 1
1 1 1 10 1 1 0 1 0 10 0 0 1 0 1 1 1 100 10 10 1 1 10 0 10 0 1 1 1 1 0 0 1 0 1 0 10 10 10 10 1 10 1 1 1 1 1 1 1 1 1 10 0 1 10 10 1 1 10 10 1 10 0 1 10 10 1 1 1 10 0 0 1 0 0 1 10
1 0 1 10 10 100 1 1 1 1 1 10 1 10 0 10 0 1 1 0 0 1 1 1 1 0 10 10 1 10 1 1 0 10 0 1 1 0 1 10 0 1 10 10 1 10 0 10 0 1 1 1 1 1 1 10 1 100 0 1 0 10 1 1 1 1 1 10 1 1 1 0 10 1 0 10 10
1 1 10 1 1 10 1 1 1 0 10 100 10 100 1 10 1 0 1 0 0 0 1 10 0 0 10 10 10 10 10 0 10 0 0 10 0 0 1 1 0 1 1 10 10 10 1 1 1 10 1 0 1 0 1 1 1 10 0 1 1 1 1 1 1 0 1 1 1 0 1 1 1 10 0 1 1
0 1 0 1 0 0 0 1 0 1 0 0 0 0 1 0 0 1 1 1 1 0 1 0 1 0 0 0 1 1 0 1 0 0 0 0 0 1 1 1 1 1 0 1 1 0 1 0 0 1 1 1 0 0 1 1 0 0 1 1 1 1 0 0 1 0 1 0 1 0 0 0 0 0 0 0 0
1 10 10 1 0 1 1 1 1 1 1 10 1 10 1 10 1 0 1 0 1 0 1 10 0 1 1 10 1 1 10 0 1 10 0 0 0 1 0 1 0 1 10 1 10 1 10 10 1 10 1 0 10 0 1 1 0 1 1 0 10 1 0 1 1 1 0 10 1 0 0 10 10 100 1 10 1
1 0 1 1 1 1 0 0 0 1 0 0 1 0 0 1 1 10 1 1 0 1 1 0 1 0 1 1 0 0 0 10 1 0 0 0 0 1 1 1 0 1 1 0 0 1 0 1 1 0 0 1 0 1 1 1 1 1 1 1 0 1 0 1 1 10 0 1 0 10 0 0 1 0 0 1 10
1 10 1 1 0 0 0 10 0 10 0 0 1 0 1 0 1 10 10 10 10 0 10 1 1 1 1 0 1 1 0 10 0 0 1 1 1 0 10 1 1 10 1 1 1 0 10 1 1 1 1 1 1 0 10 1 1 0 100 10 10 1 0 10 1 10 1 1 10 1 0 1 1 1 1 1 1
1 1 1 1 1 1 0 10 0 1 1 1 10 1 1 0 1 10 10 10 1 0 10 1 1 0 10 0 10 10 0 10 1 1 1 0 1 10 0 1 1 10 0 10 1 1 1 0 1 1 1 1 0 0 10 1 10 1 10 100 1 1 1 10 1 1 10 0 10 1 1 0 0 0 0 0 1
1 1 1 100 1 10 1 1 1 10 0 1 0 1 1 10 0 10 10 1 1 1 10 0 10 0 1 10 1 10 1 10 10 1 1 1 1 1 1 0 1 10 10 10 10 1 1 10 0 10 10 10 1 1 10 100 0 10 1 1 1 100 0 0 10 1 1 10 1 1 0 0 10 1 0 10 10
0 1 0 1 0 0 0 1 0 1 0 0 0 0 1 0 0 1 1 1 1 0 1 0 1 0 0 0 1 1 0 1 0 0 1 0 0 1 1 1 0 1 0 1 1 0 1 0 0 1 1 1 0 0 1 1 0 0 1 1 1 1 0 0 1 0 1 0 1 0 0 0 0 0 0 0 0
10 1 10 10 0 1 1 1 1 1 0 1 1 1 1 1 1 10 100 10 1 0 100 0 1 0 10 1 1 10 1 10 1 1 1 1 1 10 10 10 1 0 1 10 10 0 1 1 1 10 10 1 1 0 100 10 1 1 10 10 1 10 0 1 1 1 1 1 1 1 0 0 1 1 0 1 10
1 1 1 10 1 10 1 1 1 10 0 1 0 1 0 10 0 1 1 0 1 1 1 1 1 1 1 10 0 1 1 1 10 1 0 10 1 1 0 10 0 1 0 1 1 1 1 100 0 1 1 1 10 1 1 10 0 10 1 0 1 10 0 1 1 10 0 100 1 1 0 1 100 10 1 100 10
1 1 1 10 1 10 1 10 1 1 1 10 1 10 1 1 0 1 10 1 1 0 10 1 1 0 10 1 10 100 1 1 10 10 1 1 0 1 10 10 1 10 1 0 10 1 1 1 0 10 10 1 1 0 10 10 1 10 1 10 1 10 1 1 1 0 10 1 10 0 1 0 1 1 0 1 1
1 10 10 10 0 1 1 1 1 1 1 10 1 10 10 10 1 1 10 1 1 0 10 1 1 0 1 10 10 10 10 1 1 10 1 10 0 1 1 10 1 10 1 10 0 1 10 1 1 100 10 1 1 0 10 10 0 1 1 1 10 10 0 0 10 0 1 1 1 0 0 1 1 10 0 1 1
0 1 1 1 10 10 0 1 0 1 10 10 10 10 1 10 1 1 0 0 0 1 0 10 1 0 1 10 10 1 1 1 10 10 0 1 1 0 1 1 0 0 1 1 1 0 1 1 1 1 0 1 0 1 0 1 1 10 0 1 1 1 1 1 10 1 1 1 1 1 1 1 1 1 0 1 1
0 100 1 1 0 0 0 10 0 10 1 1 1 1 10 1 1 1 1 1 10 0 1 10 1 1 0 1 10 1 1 1 0 1 1 10 0 10 1 1 1 1 1 1 10 1 0 1 1 10 1 1 1 0 1 1 0 0 10 1 100 1 0 1 10 1 1 1 10 0 0 10 1 10 1 1 0
1 1 1 10 1 10 1 1 1 10 0 1 0 1 0 10 0 1 1 0 1 1 1 1 1 1 1 10 0 1 1 1 10 1 0 10 1 1 0 10 0 1 100 1 1 1 1 0 0 1 1 1 10 1 1 10 0 10 1 0 1 10 0 1 1 10 0 100 1 1 0 1 100 10 1 100 10
1 1 10 0 0 0 0 0 0 0 1 1 10 1 1 1 10 1 1 1 0 0 1 1 0 0 1 1 1 0 1 1 0 1 0 1 1 1 1 0 0 1 0 0 1 1 1 0 0 1 0 0 0 0 1 0 1 0 1 1 1 0 0 1 1 1 0 0 0 1 0 1 0 1 0 0 1
1 10 10 10 0 1 1 1 1 1 1 10 1 10 10 10 1 1 10 1 1 0 10 1 1 0 1 10 10 10 10 1 1 10 1 10 0 1 1 10 1 10 1 10 100 1 10 1 1 0 10 1 1 0 10 10 0 1 1 1 10 10 0 0 10 0 1 1 1 0 0 1 1 10 0 1 1
1 1 1 10 0 1 1 1 1 1 0 1 0 1 1 1 0 1 10 1 1 0 10 0 1 0 1 1 1 10 1 1 1 1 1 1 0 1 1 10 1 10 1 10 10 0 1 1 0 10 0 1 1 0 10 10 0 1 1 1 1 10 0 0 1 0 1 1 1 0 0 0 1 1 0 1 1
0 1 0 10 1 1 0 1 0 10 0 0 0 0 1 1 0 10 1 1 1 1 1 0 10 0 0 1 1 1 0 10 1 0 1 0 1 1 1 10 1 1 1 1 1 1 1 1 0 1 1 0 0 1 1 10 0 1 1 1 1 10 0 0 10 1 1 1 1 1 0 0 1 0 0 1 1
1 1 1 1 0 1 1 1 1 1 0 1 0 1 0 1 0 0 1 0 1 0 1 1 0 1 1 1 0 1 1 0 1 1 0 10 0 1 0 1 0 1 10 1 1 0 1 10 0 1 1 0 0 0 1 1 0 1 1 0 1 1 0 1 0 1 0 10 1 0 0 1 10 10 1 10 1
0 0 0 1 1 1 0 0 0 1 0 0 0 0 0 1 0 1 0 0 0 1 0 0 1 0 0 1 0 0 0 1 1 0 0 0 1 0 0 1 0 0 1 0 0 1 0 1 0 0 0 1 0 0 0 1 0 1 0 0 0 1 0 0 1 1 0 1 0 1 0 0 1 0 0 1 1
10 1 10 10 0 1 1 1 1 1 0 1 1 1 1 1 1 10 100 10 1 0 100 0 1 0 10 1 1 10 1 10 1 1 1 1 1 10 10 10 1 100 1 10 10 0 1 1 1 10 10 1 1 0 0 10 1 1 10 10 1 10 0 1 1 1 1 1 1 1 0 0 1 1 0 1 10
1 1 1 100 1 10 1 1 1 10 0 1 0 1 1 10 0 10 10 1 1 1 10 0 10 0 1 10 1 10 1 10 10 1 1 1 1 1 1 100 1 10 10 10 10 1 1 10 0 10 10 10 1 1 10 0 0 10 1 1 1 100 0 0 10 1 1 10 1 1 0 0 10 1 0 10 10
1 0 1 0 1 1 0 1 0 0 1 1 10 1 0 0 1 1 1 1 0 0 1 1 0 0 10 0 1 1 0 1 1 1 0 0 1 1 10 0 0 1 0 1 0 1 0 0 1 0 0 0 0 0 1 0 0 1 1 10 0 0 1 10 0 1 1 0 1 1 1 0 0 0 0 0 1
1 0 1 10 10 100 1 1 1 1 1 10 1 10 0 10 0 1 1 0 0 1 1 1 1 0 10 10 1 10 1 1 100 10 0 1 1 0 1 10 0 1 10 10 1 10 0 10 0 1 1 1 1 1 1 10 1 0 0 1 0 10 1 1 1 1 1 10 1 1 1 0 10 1 0 10 10
1 10 1 1 0 0 0 10 0 10 0 0 1 0 1 0 1 10 10 10 10 0 10 1 1 1 1 0 1 1 0 10 0 0 1 1 1 100 10 1 1 10 1 1 1 0 10 1 1 1 1 1 1 0 10 1 1 0 0 10 10 1 0 10 1 10 1 1 10 1 0 1 1 1 1 1 1
1 1 1 1 1 1 0 10 0 1 1 1 10 1 1 0 1 10 10 10 1 0 10 1 1 0 10 0 10 10 0 10 1 1 1 0 1 10 100 1 1 10 0 10 1 1 1 0 1 1 1 1 0 0 10 1 10 1 10 0 1 1 1 10 1 1 10 0 10 1 1 0 0 0 0 0 1
0 100 1 1 0 0 0 10 0 10 1 1 1 1 10 1 1 1 1 1 10 0 1 10 1 1 0 1 10 1 1 1 0 1 1 10 0 10 1 1 1 1 1 1 10 1 100 1 1 10 1 1 1 0 1 1 0 0 10 1 0 1 0 1 10 1 1 1 10 0 0 10 1 10 1 1 0
1 1 1 100 1 10 1 1 1 10 0 1 0 1 1 10 0 10 10 1 1 1 10 0 10 0 1 10 1 10 1 10 10 1 1 1 1 1 1 100 1 10 10 10 10 1 1 10 0 10 10 10 1 1 10 100 0 10 1 1 1 0 0 0 10 1 1 10 1 1 0 0 10 1 0 10 10
0 0 0 0 1 1 0 1 0 0 1 1 1 1 0 0 0 0 0 0 0 0 0 1 0 0 1 0 1 1 0 0 1 1 0 0 0 0 1 0 0 0 0 1 0 1 0 0 0 0 0 0 0 0 0 0 1 1 0 1 0 0 0 1 0 0 1 0 1 0 1 0 0 0 0 0 0
1 1 1 0 1 1 0 10 0 1 1 1 10 1 0 0 1 1 1 1 1 0 1 10 0 1 10 0 1 1 0 1 1 1 0 1 1 10 10 0 0 1 1 1 0 1 1 1 1 0 0 0 1 0 1 0 10 1 10 10 1 0 1 0 0 10 1 1 10 1 1 1 1 1 1 1 1
0 10 1 10 1 1 0 1 0 10 1 1 1 1 10 10 1 10 1 1 1 1 1 1 10 0 0 10 10 1 1 10 1 1 1 1 1 1 1 10 1 1 1 1 10 10 10 1 1 10 1 10 0 1 1 10 0 1 1 1 10 10 0 0 0 1 1 1 1 1 0 1 1 1 0 1 1
1 1 1 1 1 1 0 1 0 10 0 0 1 0 0 1 1 10 1 1 1 1 1 1 1 1 1 1 0 0 0 10 1 0 0 1 10 10 1 1 0 1 10 0 0 1 1 10 1 0 0 1 1 1 1 1 1 1 10 1 1 1 0 10 1 0 0 10 1 10 0 1 10 1 1 10 10
0 1 0 1 1 1 0 10 0 1 1 1 1 1 1 0 0 1 1 1 1 0 1 1 1 0 1 0 10 10 0 1 1 1 1 0 0 1 10 1 1 1 0 10 1 1 1 0 0 1 1 1 0 0 1 1 1 1 1 10 1 1 1 1 1 0 0 0 10 0 1 0 0 0 0 0 0
1 1 1 10 1 10 1 1 1 10 0 1 0 1 0 10 0 1 1 0 1 1 1 1 1 1 1 10 0 1 1 1 10 1 0 10 1 1 0 10 0 1 100 1 1 1 1 100 0 1 1 1 10 1 1 10 0 10 1 0 1 10 0 1 1 10 0 0 1 1 0 1 100 10 1 100 10
0 10 0 1 1 1 0 100 0 10 1 1 1 1 1 0 0 1 1 1 10 0 1 10 1 1 1 0 10 10 0 1 1 1 1 1 0 10 10 1 1 1 1 10 1 1 10 1 0 1 1 1 1 0 1 1 1 1 10 10 10 1 1 10 1 1 10 1 0 0 1 1 1 1 1 1 0
1 0 1 1 1 1 0 0 0 1 0 0 1 0 0 1 1 10 1 1 0 1 1 0 1 0 1 1 0 0 0 10 1 0 0 0 10 1 1 1 0 1 1 0 0 1 0 1 1 0 0 1 0 1 1 1 1 1 1 1 0 1 0 1 1 10 0 1 0 0 0 0 1 0 0 1 10
0 0 0 0 1 1 0 1 0 0 1 1 1 1 0 0 0 0 0 0 0 0 0 1 0 0 1 0 1 1 0 0 1 1 0 0 0 0 1 0 0 0 0 1 0 1 0 0 0 0 0 0 0 0 0 0 1 1 0 1 0 0 1 1 0 0 1 0 1 0 0 0 0 0 0 0 0
0 10 1 0 0 0 0 1 0 1 1 1 1 1 1 1 1 0 0 0 1 0 0 10 0 1 0 1 1 0 1 0 0 1 0 10 0 1 0 0 0 0 1 0 1 1 10 1 1 1 0 0 1 0 0 0 0 0 1 0 10 0 0 1 1 1 0 1 1 0 0 0 1 10 1 1 0
1 1 1 10 1 10 1 1 1 10 0 1 0 1 0 10 0 1 1 0 1 1 1 1 1 1 1 10 0 1 1 1 10 1 0 10 1 1 0 10 0 1 100 1 1 1 1 100 0 1 1 1 10 1 1 10 0 10 1 0 1 10 0 1 1 10 0 100 1 1 0 1 0 10 1 100 10
1 10 10 1 0 1 1 1 1 1 1 10 1 10 1 10 1 0 1 0 1 0 1 10 0 1 1 10 1 1 10 0 1 10 0 100 0 1 0 1 0 1 10 1 10 1 10 10 1 10 1 0 10 0 1 1 0 1 1 0 10 1 0 1 1 1 0 10 1 0 0 10 10 0 1 10 1
0 1 0 0 0 0 0 1 0 1 0 0 0 0 0 0 0 0 0 0 1 0 0 1 0 1 0 0 0 0 0 0 0 0 0 1 0 1 0 0 0 0 1 0 0 0 1 1 0 0 0 0 1 0 0 0 0 0 1 0 1 0 0 1 0 1 0 1 1 0 0 1 1 1 0 1 0
1 1 1 10 1 10 1 1 1 10 0 1 0 1 0 10 0 1 1 0 1 1 1 1 1 1 1 10 0 1 1 1 10 1 0 10 1 1 0 10 0 1 100 1 1 1 1 100 0 1 1 1 10 1 1 10 0 10 1 0 1 10 0 1 1 10 0 100 1 1 0 1 100 10 1 0 10
10 0 10 10 1 10 1 0 1 1 0 1 1 1 0 10 1 10 10 1 0 1 10 0 1 0 10 10 0 1 1 10 10 1 0 1 10 1 1 10 0 10 10 1 1 1 0 10 1 1 1 1 1 1 10 10 1 10 1 1 0 10 0 1 1 10 0 10 0 10 0 0 10 1 0 10 0
4
3 2 3
4 9 3
5 1 3
6 5 3
4
4 4 
1 3
2 3
3 5
4 4
2 4 
1 4
1 4
2 6
2 6
3 7 
1 4
1 4
2 6
2 6
2 6
3 4
3 4
1 2 
1 4
1 4
77 7
2 0 6
3 2 3 5
3 0 5 6
3 1 2 6
2 1 4
3 1 4 6
1 6
3 2 3 4
1 6
3 1 2 3
2 4 5
3 4 5 6
3 0 4 5
3 4 5 6
2 2 5
3 1 5 6
2 0 5
3 0 1 2
3 0 2 6
2 0 2
2 2 3
1 1
3 0 2 6
3 3 4 5
2 1 2
1 3
3 0 4 6
3 1 5 6
3 2 4 5
3 2 4 6
2 5 6
3 0 1 2
3 1 4 6
3 4 5 6
1 2
3 3 5 6
2 0 1
3 0 2 3
3 0 2 4
3 1 2 6
1 2
3 0 2 6
3 1 3 6
3 2 4 6
3 2 5 6
3 1 4 5
3 2 3 5
3 1 3 6
2 0 5
3 2 5 6
2 2 6
2 1 2
2 3 6
1 1
3 0 2 6
3 1 2 6
2 0 4
3 1 4 6
3 0 2 3
3 0 2 4
3 2 3 5
3 1 2 6
1 4
3 0 3 4
3 1 2 5
3 0 1 3
2 2 4
3 1 3 6
3 2 3 4
2 0 1
1 4
2 3 5
3 1 3 6
3 3 5 6
1 3
3 1 3 6
3 0 1 6
77 230
4 163 184 60 90
3 102 196 2
4 120 166 21 53
6 125 185 190 192 65 77
8 108 142 153 205 27 61 62 94
4 107 148 24 68
5 152 187 191 193 194
1 32
4 128 179 22 45
8 121 166 181 198 205 25 33 47
7 113 170 178 189 207 30 37
4 104 139 185 56
8 147 149 168 191 26 67 70 83
3 204 40 93
2 88 9
3 197 204 57
4 106 144 158 202
4 163 169 190 192
8 130 14 18 184 186 188 207 49
3 116 205 63
3 115 157 188
6 111 119 170 173 205 43
7 12 180 182 191 20 50 76
4 143 167 171 188
2 156 80
3 131 165 197
2 200 207
4 10 160 172 59
3 190 203 23
4 0 123 137 89
4 133 46 75 78
4 109 146 199 206
4 118 201 206 44
5 100 135 189 204 86
2 186 69
3 117 206 36
3 103 138 168
3 126 154 187
8 124 155 179 198 201 203 79 95
2 159 206
4 110 134 42 51
3 145 19 6
4 11 114 177 195
3 167 195 203
2 15 202
7 161 181 201 207 85 91 92
7 164 165 173 28 34 35 84
4 172 193 198 4
5 112 162 196 203 99
1 7
3 169 176 48
3 132 136 171
5 175 194 5 54 66
4 105 13 16 39
5 161 176 183 207 72
4 150 174 175 55
5 101 127 151 199 201
4 141 187 204 87
2 192 58
4 200 29 73 74
8 160 164 177 182 183 41 8 97
4 1 140 17 196
1 180
4 122 178 202 96
5 162 195 200 38 64
3 174 82 98
4 202 3 52 81
3 186 193 71
4 129 189 194 31
2 197 199
4 208 209 210 211
1 212
3 213 214 215
2 216 217
4 218 219 220 221
4 222 223 224 225
4 226 227 228 229
