37
0 0 0 0 0 0 0 0 0 0 0 0 0 0 0 0 1 0 0 0 0 0 0 0 1 0 0 0 0 0 1 0 0 0 0 0 1
0 0 0 0 0 0 1 1 0 0 1 0 1 0 1 0 0 1 1 0 0 0 0 1 0 0 0 0 1 10 0 0 0 1 0 1 0
0 0 0 0 0 0 0 0 1 1 0 0 0 0 0 0 1 0 0 1 0 0 0 0 0 0 1 0 1 0 0 1 0 0 0 0 0
0 0 0 0 1 0 0 0 0 0 1 0 0 0 1 0 0 0 0 0 1 1 0 0 0 0 0 0 0 0 0 0 0 1 0 0 0
0 0 0 1 0 0 0 0 0 0 1 0 0 0 1 0 0 0 0 0 1 1 0 0 0 0 0 0 0 0 0 0 0 1 0 0 0
0 0 0 0 0 0 0 0 0 0 0 0 0 0 1 1 0 0 0 0 1 0 0 0 0 0 1 1 0 0 1 0 1 0 1 0 1
0 1 0 0 0 0 0 10 0 1 0 1 1 0 0 0 0 10 0 0 0 1 1 1 0 1 1 0 10 10 0 0 0 0 0 1 0
0 1 0 0 0 0 10 0 0 1 0 1 1 0 0 0 0 10 0 0 0 0 0 1 0 0 1 0 1 10 0 0 0 0 0 1 0
0 0 1 0 0 0 0 0 0 1 0 0 0 0 0 0 1 0 0 1 0 1 0 0 0 0 1 0 1 0 0 10 0 0 0 0 0
0 0 1 0 0 0 1 1 1 0 0 1 0 0 0 0 1 1 0 1 0 0 0 0 0 0 10 0 1 1 0 1 0 0 0 0 0
0 1 0 1 1 0 0 0 0 0 0 0 0 1 10 0 0 0 1 0 1 1 0 0 0 0 0 1 0 1 0 0 0 100 0 0 0
0 0 0 0 0 0 1 1 0 1 0 0 0 0 0 0 0 1 0 0 0 0 0 0 0 0 1 0 0 1 0 0 0 0 0 0 0
0 1 0 0 0 0 1 1 0 0 0 0 0 0 0 0 0 1 0 0 0 0 0 1 0 0 0 0 1 1 0 0 0 0 0 1 0
0 0 0 0 0 0 0 0 0 0 1 0 0 0 0 0 0 0 0 0 0 0 0 0 0 0 0 1 0 0 0 0 0 1 0 0 0
0 1 0 1 1 1 0 0 0 0 10 0 0 0 0 0 0 0 1 0 10 1 0 0 0 0 0 0 0 1 0 0 0 10 0 0 0
0 0 0 0 0 1 0 0 0 0 0 0 0 0 0 0 0 0 0 0 0 0 0 0 0 0 1 0 0 0 0 0 1 0 0 0 1
1 0 1 0 0 0 0 0 1 1 0 0 0 0 0 0 0 0 0 1 0 0 0 0 1 0 1 0 1 0 1 1 0 0 0 0 1
0 1 0 0 0 0 10 10 0 1 0 1 1 0 0 0 0 0 0 0 0 0 0 1 0 0 1 0 1 10 0 0 0 0 0 1 0
0 1 0 0 0 0 0 0 0 0 1 0 0 0 1 0 0 0 0 0 0 0 0 0 0 0 0 0 0 1 0 0 0 1 0 0 0
0 0 1 0 0 0 0 0 1 1 0 0 0 0 0 0 1 0 0 0 0 0 0 0 0 0 1 0 1 0 0 1 0 0 0 0 0
0 0 0 1 1 1 0 0 0 0 1 0 0 0 10 0 0 0 0 0 0 1 0 0 0 0 0 0 0 0 0 0 0 1 0 0 0
0 0 0 1 1 0 1 0 1 0 1 0 0 0 1 0 0 0 0 0 1 0 1 0 0 1 0 0 1 0 0 1 0 1 0 0 0
0 0 0 0 0 0 1 0 0 0 0 0 0 0 0 0 0 0 0 0 0 1 0 0 0 1 0 0 1 0 0 0 0 0 0 0 0
0 1 0 0 0 0 1 1 0 0 0 0 1 0 0 0 0 1 0 0 0 0 0 0 0 0 0 0 1 1 0 0 0 0 0 1 0
1 0 0 0 0 0 0 0 0 0 0 0 0 0 0 0 1 0 0 0 0 0 0 0 0 0 0 0 0 0 1 0 0 0 0 0 1
0 0 0 0 0 0 1 0 0 0 0 0 0 0 0 0 0 0 0 0 0 1 1 0 0 0 0 0 1 0 0 0 0 0 0 0 0
0 0 1 0 0 1 1 1 1 10 0 1 0 0 0 1 1 1 0 1 0 0 0 0 0 0 0 0 1 1 0 1 1 0 0 0 1
0 0 0 0 0 1 0 0 0 0 1 0 0 1 0 0 0 0 0 0 0 0 0 0 0 0 0 0 0 0 1 0 0 1 1 0 0
0 1 1 0 0 0 10 1 1 1 0 0 1 0 0 0 1 1 0 1 0 1 1 1 0 1 1 0 0 1 0 1 0 0 0 1 0
0 10 0 0 0 0 10 10 0 1 1 1 1 0 1 0 0 10 1 0 0 0 0 1 0 0 1 0 1 0 0 0 0 1 0 1 0
1 0 0 0 0 1 0 0 0 0 0 0 0 0 0 0 1 0 0 0 0 0 0 0 1 0 0 1 0 0 0 0 0 0 1 0 1
0 0 1 0 0 0 0 0 10 1 0 0 0 0 0 0 1 0 0 1 0 1 0 0 0 0 1 0 1 0 0 0 0 0 0 0 0
0 0 0 0 0 1 0 0 0 0 0 0 0 0 0 1 0 0 0 0 0 0 0 0 0 0 1 0 0 0 0 0 0 0 0 0 1
0 1 0 1 1 0 0 0 0 0 100 0 0 1 10 0 0 0 1 0 1 1 0 0 0 0 0 1 0 1 0 0 0 0 0 0 0
0 0 0 0 0 1 0 0 0 0 0 0 0 0 0 0 0 0 0 0 0 0 0 0 0 0 0 1 0 0 1 0 0 0 0 0 0
0 1 0 0 0 0 1 1 0 0 0 0 1 0 0 0 0 1 0 0 0 0 0 1 0 0 0 0 1 1 0 0 0 0 0 0 0
1 0 0 0 0 1 0 0 0 0 0 0 0 0 0 1 1 0 0 0 0 0 0 0 1 0 1 0 0 0 1 0 1 0 0 0 0
3
3 2 3
4 4 3
5 3 3
3
2 4 
1 3
1 3
2 4
2 5
2 4 
1 4
1 4
2 5
2 5
1 1 
1 4
37 12
1 11
2 0 10
1 9
1 3
1 3
3 1 4 7
3 0 6 8
2 0 6
2 5 9
2 6 9
3 10 2 3
1 6
1 0
1 2
3 10 3 4
1 7
2 11 9
2 0 6
1 10
1 9
2 3 4
3 3 5 8
1 8
1 0
1 11
1 8
3 6 7 9
2 1 2
3 0 8 9
3 0 10 6
2 1 11
2 5 9
1 7
3 10 2 3
1 1
1 0
2 11 7
37 62
1 35
1 22
1 25
2 3 30
1 16
2 20 32
1 44
2 29 43
1 8
2 33 9
3 0 18 6
2 10 42
2 11 21
1 19
2 13 31
1 41
1 40
1 36
3 15 23 44
1 45
3 14 37 4
1 7
4 12 17 2 34
1 46
2 27 5
1 1
1 45
2 26 39
1 28
3 24 38 46
3 47 48 49
2 50 51
2 52 53
2 54 55
2 56 57
2 58 59
2 60 61
