76
0 0 0 0 1 0 0 0 0 1 0 0 0 0 1 0 1 0 0 0 0 0 0 0 0 0 0 0 0 0 0 1 0 0 0 0 0 1 0 0 0 0 1 0 0 10 0 0 0 1 0 0 0 10 0 0 0 1 0 1 0 0 0 0 1 0 1 0 10 0 0 0 0 0 0 0
0 0 0 1 1 0 1 0 0 0 0 1 10 0 0 0 1 1 0 0 0 1 1 1 10 0 0 0 1 1 1 0 0 0 1 1 10 1 0 1 0 10 0 0 1 0 1 10 1 0 1 0 1 0 0 0 0 0 1 1 0 0 0 1 0 1 0 1 0 1 0 1 0 10 0 0
0 0 0 0 0 0 0 0 0 0 0 0 0 1 0 10 1 0 1 0 0 0 0 1 0 1 100 0 0 0 0 0 0 0 1 0 0 0 0 0 0 0 1 0 0 0 1 0 0 1 0 0 0 0 0 0 0 10 10 0 0 0 0 0 0 0 0 0 0 0 0 0 1 0 1 0
0 1 0 0 1 0 1 0 1 0 0 10 0 0 0 0 1 0 0 0 10 0 0 1 0 0 0 0 0 1 0 0 0 0 0 100 0 1 0 0 0 1 0 0 0 0 0 0 1 0 0 0 0 0 0 0 0 0 0 1 0 0 0 0 0 0 0 0 0 1 0 1 0 1 0 10
1 1 0 1 0 0 1 0 0 0 1 0 0 0 10 0 1 1 1 0 0 0 1 1 1 0 0 0 0 1 0 0 0 0 0 1 0 10 1 0 0 1 1 1 0 1 0 0 10 0 0 0 0 1 0 0 1 0 0 1 0 0 0 0 0 0 10 0 0 1 0 1 0 1 0 0
0 0 0 0 0 0 1 0 0 0 0 0 0 0 0 0 0 0 0 0 0 1 0 0 0 0 0 0 0 0 0 0 1 1 0 0 0 0 0 1 0 0 0 0 0 0 0 0 0 0 0 0 0 0 0 0 0 0 0 0 0 1 0 0 0 1 0 0 0 1 0 0 0 0 0 0
0 1 0 1 1 1 0 0 0 1 0 0 0 0 0 0 1 0 0 0 0 1 0 1 0 0 0 0 0 1 0 1 1 1 0 1 0 1 0 1 0 1 0 1 0 1 0 0 10 0 0 0 0 0 1 1 0 0 0 1 0 1 0 0 0 1 0 0 0 10 0 1 0 1 0 0
0 0 0 0 0 0 0 0 0 0 0 0 0 0 0 0 0 1 0 0 0 0 0 0 0 0 0 0 0 0 1 1 0 1 0 0 0 0 0 0 0 0 0 0 0 0 0 0 0 0 0 0 0 0 0 0 0 0 0 0 0 0 0 0 0 0 0 0 0 0 0 0 0 0 0 0
0 0 0 1 0 0 0 0 0 0 0 1 0 0 1 1 0 0 1 0 1 0 0 0 0 0 0 1 1 0 0 0 0 0 0 1 0 1 1 0 1 1 0 1 0 0 0 0 0 0 1 0 0 0 1 1 0 0 0 0 0 1 0 1 0 1 0 0 0 1 0 1 0 1 1 10
1 0 0 0 0 0 1 0 0 0 0 0 0 0 0 0 1 0 0 0 0 0 0 0 0 0 0 0 0 0 0 10 0 0 0 0 0 0 0 0 0 0 0 1 0 1 0 0 1 0 0 0 0 0 1 1 0 0 0 0 0 0 0 0 0 0 0 0 1 0 0 0 0 0 0 0
0 0 0 0 1 0 0 0 0 0 0 0 0 0 1 0 0 1 1 0 0 0 1 0 1 0 0 0 0 0 0 0 0 0 0 0 0 0 1 0 0 0 0 1 0 0 0 0 1 0 0 0 0 0 0 0 1 0 0 0 0 0 0 0 0 0 1 0 0 0 0 0 0 0 0 0
0 1 0 10 0 0 0 0 1 0 0 0 1 0 0 0 0 0 0 0 10 0 0 0 1 0 0 0 0 0 0 0 0 0 0 10 1 0 0 0 0 0 0 0 0 0 0 1 0 0 0 0 0 0 0 0 0 0 0 0 0 0 0 0 0 0 0 0 0 0 0 0 0 0 0 10
0 10 0 0 0 0 0 0 0 0 0 1 0 0 0 0 0 1 0 0 0 1 1 0 10 0 0 0 1 0 1 0 0 0 1 0 10 0 0 1 0 1 0 0 1 0 1 10 0 0 1 0 1 0 0 0 0 0 1 0 0 0 0 1 0 1 0 1 0 0 0 0 0 1 0 0
0 0 1 0 0 0 0 0 0 0 0 0 0 0 0 1 0 0 0 0 0 0 1 1 0 0 1 1 0 0 1 0 0 0 1 0 1 0 0 0 0 0 1 0 0 0 1 0 0 0 0 0 0 0 0 0 1 1 0 0 0 0 1 0 0 0 1 0 0 0 1 1 1 0 1 0
1 0 0 0 10 0 0 0 1 0 1 0 0 0 0 0 0 1 10 0 0 0 1 0 1 0 0 1 0 0 0 0 0 0 0 0 0 1 10 0 1 0 1 10 0 1 0 0 1 0 1 0 0 1 0 1 1 0 0 0 0 1 0 0 0 0 10 0 0 0 0 0 0 0 1 1
0 0 10 0 0 0 0 0 1 0 0 0 0 1 0 0 1 0 0 0 0 0 0 1 0 1 10 0 1 0 0 0 0 0 1 0 0 1 0 0 0 1 1 0 0 0 1 0 0 1 0 0 0 0 1 0 0 1 1 0 0 0 0 1 0 1 0 0 0 1 0 1 1 1 1 0
1 1 1 1 1 0 1 0 0 1 0 0 0 0 0 1 0 0 0 0 0 0 0 1 0 1 1 0 0 1 0 1 0 0 0 1 0 1 0 0 0 1 0 0 0 0 0 0 1 1 0 0 0 0 0 0 0 0 1 1 0 0 0 0 0 0 0 0 1 1 0 1 0 1 0 0
0 1 0 0 1 0 0 1 0 0 1 0 1 0 1 0 0 0 1 0 0 1 10 0 10 0 0 0 1 0 10 0 0 1 1 0 1 0 1 1 0 1 0 1 1 0 1 1 1 0 1 0 1 0 0 0 1 0 1 0 0 0 0 1 0 1 1 1 0 0 0 0 0 1 0 0
0 0 1 0 1 0 0 0 1 0 1 0 0 0 10 0 0 1 0 0 0 0 1 0 1 0 1 1 0 0 0 0 0 0 0 0 0 0 10 0 1 0 0 10 0 0 0 0 1 0 1 0 0 0 0 1 1 1 1 0 0 1 0 0 0 0 1 0 0 0 0 0 0 0 1 1
0 0 0 0 0 0 0 0 0 0 0 0 0 0 0 0 0 0 0 0 0 0 0 0 0 0 0 0 0 0 0 0 1 0 0 0 0 0 0 0 0 0 0 0 1 0 0 0 0 0 0 0 0 0 0 0 0 0 0 0 0 0 0 0 0 0 0 0 0 0 0 0 0 0 0 0
0 0 0 10 0 0 0 0 1 0 0 10 0 0 0 0 0 0 0 0 0 0 0 0 0 0 0 0 0 0 0 0 0 0 0 10 0 0 0 0 0 0 0 0 0 0 0 0 0 0 0 0 0 0 0 0 0 0 0 0 0 0 0 0 0 0 0 0 0 0 0 0 0 0 0 10
0 1 0 0 0 1 1 0 0 0 0 0 1 0 0 0 0 1 0 0 0 0 1 0 1 0 0 0 1 0 1 0 1 1 1 0 1 0 0 10 0 1 0 0 1 0 1 1 0 0 1 0 1 0 0 0 0 0 1 0 0 1 0 1 0 10 0 1 0 1 0 0 0 1 0 0
0 1 0 0 1 0 0 0 0 0 1 0 1 1 1 0 0 10 1 0 0 1 0 0 10 0 0 1 1 0 10 0 0 0 1 0 1 0 1 1 0 1 0 1 1 0 1 1 1 0 1 0 1 0 0 0 1 0 1 0 0 0 1 1 0 1 10 1 0 0 1 1 0 1 0 0
0 1 1 1 1 0 1 0 0 0 0 0 0 1 0 1 1 0 0 0 0 0 0 0 0 0 1 0 0 1 0 0 0 0 1 1 0 1 0 0 0 1 1 0 0 0 1 0 1 0 0 0 0 0 0 0 0 1 0 1 0 0 0 0 0 0 0 0 0 1 0 1 1 1 1 0
0 10 0 0 1 0 0 0 0 0 1 1 10 0 1 0 0 10 1 0 0 1 10 0 0 0 0 0 1 0 1 0 0 0 1 0 10 0 1 1 0 1 0 1 1 0 1 10 1 0 1 0 1 0 0 0 1 0 1 0 0 0 0 1 0 1 1 1 0 0 0 0 0 1 0 0
0 0 1 0 0 0 0 0 0 0 0 0 0 0 0 1 1 0 0 0 0 0 0 0 0 0 1 0 0 0 0 0 0 0 0 0 0 0 0 0 0 0 0 0 0 0 0 0 0 1 0 0 0 0 0 0 0 0 1 0 1 0 0 0 0 0 0 0 0 0 0 0 0 0 0 0
0 0 100 0 0 0 0 0 0 0 0 0 0 1 0 10 1 0 1 0 0 0 0 1 0 1 0 0 0 0 0 0 0 0 1 0 0 0 0 0 0 0 1 0 0 0 1 0 0 1 0 0 0 0 0 0 0 10 10 0 0 0 0 0 0 0 0 0 0 0 0 0 1 0 1 0
0 0 0 0 0 0 0 0 1 0 0 0 0 1 1 0 0 0 1 0 0 0 1 0 0 0 0 0 0 0 1 0 1 0 0 0 0 0 1 0 1 0 0 1 1 0 0 0 0 0 1 0 0 0 0 1 0 0 0 0 0 1 1 0 0 0 1 0 0 0 1 1 0 0 1 1
0 1 0 0 0 0 0 0 1 0 0 0 1 0 0 1 0 1 0 0 0 1 1 0 1 0 0 0 0 0 1 0 0 0 1 0 1 1 0 1 0 10 0 0 1 0 1 1 0 0 1 0 1 0 1 0 0 0 1 0 0 0 0 10 0 10 0 1 0 1 0 1 0 10 0 0
0 1 0 1 1 0 1 0 0 0 0 0 0 0 0 0 1 0 0 0 0 0 0 1 0 0 0 0 0 0 0 0 0 0 0 1 0 1 0 0 0 1 0 0 0 0 0 0 1 0 0 0 0 0 0 0 0 0 0 1 0 0 0 0 0 0 0 0 0 1 0 1 0 1 0 0
0 1 0 0 0 0 0 1 0 0 0 0 1 1 0 0 0 10 0 0 0 1 10 0 1 0 0 1 1 0 0 0 0 1 1 0 1 0 0 1 0 1 0 0 1 0 1 1 0 0 1 0 1 0 0 0 0 0 1 0 0 0 1 1 0 1 1 1 0 0 1 1 0 1 0 0
1 0 0 0 0 0 1 1 0 10 0 0 0 0 0 0 1 0 0 0 0 0 0 0 0 0 0 0 0 0 0 0 0 0 0 0 0 0 0 0 0 0 0 1 0 1 0 0 1 0 0 0 0 0 1 1 0 0 0 0 0 0 0 0 0 0 0 0 1 0 0 0 0 0 0 0
0 0 0 0 0 1 1 0 0 0 0 0 0 0 0 0 0 0 0 1 0 1 0 0 0 0 0 1 0 0 0 0 0 1 0 0 0 0 0 1 0 0 0 0 10 0 0 0 0 0 0 0 0 0 0 0 0 0 0 0 0 1 0 0 0 1 0 0 0 1 0 0 0 0 0 0
0 0 0 0 0 1 1 1 0 0 0 0 0 0 0 0 0 1 0 0 0 1 0 0 0 0 0 0 0 0 1 0 1 0 0 0 0 0 0 1 0 0 0 0 0 0 0 0 0 0 0 0 0 0 0 0 0 0 0 0 0 1 0 0 0 1 0 0 0 1 0 0 0 0 0 0
0 1 1 0 0 0 0 0 0 0 0 0 1 1 0 1 0 1 0 0 0 1 1 1 1 0 1 0 1 0 1 0 0 0 0 0 1 0 0 1 0 1 1 0 1 0 10 1 0 0 1 0 1 0 0 0 0 1 1 0 0 0 0 1 0 1 0 1 0 0 0 0 1 1 1 0
0 1 0 100 1 0 1 0 1 0 0 10 0 0 0 0 1 0 0 0 10 0 0 1 0 0 0 0 0 1 0 0 0 0 0 0 0 1 0 0 0 1 0 0 0 0 0 0 1 0 0 0 0 0 0 0 0 0 0 1 0 0 0 0 0 0 0 0 0 1 0 1 0 1 0 10
0 10 0 0 0 0 0 0 0 0 0 1 10 1 0 0 0 1 0 0 0 1 1 0 10 0 0 0 1 0 1 0 0 0 1 0 0 0 0 1 0 1 0 0 1 0 1 10 0 0 1 0 1 0 0 0 1 0 1 0 0 0 0 1 0 1 0 1 0 0 0 0 0 1 0 0
1 1 0 1 10 0 1 0 1 0 0 0 0 0 1 1 1 0 0 0 0 0 0 1 0 0 0 0 1 1 0 0 0 0 0 1 0 0 0 0 0 10 1 0 0 1 0 0 1 0 0 0 0 1 1 0 0 0 0 1 0 0 0 1 0 1 1 0 0 10 0 10 0 10 0 0
0 0 0 0 1 0 0 0 1 0 1 0 0 0 10 0 0 1 10 0 0 0 1 0 1 0 0 1 0 0 0 0 0 0 0 0 0 0 0 0 1 0 0 10 0 0 0 0 1 0 1 0 0 0 0 1 1 0 0 0 0 1 0 0 0 0 1 0 0 0 0 0 0 0 1 1
0 1 0 0 0 1 1 0 0 0 0 0 1 0 0 0 0 1 0 0 0 10 1 0 1 0 0 0 1 0 1 0 1 1 1 0 1 0 0 0 0 1 0 0 1 0 1 1 0 0 1 0 1 0 0 0 0 0 1 0 0 1 0 1 0 10 0 1 0 1 0 0 0 1 0 0
0 0 0 0 0 0 0 0 1 0 0 0 0 0 1 0 0 0 1 0 0 0 0 0 0 0 0 1 0 0 0 0 0 0 0 0 0 0 1 0 0 0 0 1 0 0 0 0 0 0 1 0 0 0 0 1 0 0 0 0 0 1 0 0 0 0 0 0 0 0 0 0 0 0 1 1
0 10 0 1 1 0 1 0 1 0 0 0 1 0 0 1 1 1 0 0 0 1 1 1 1 0 0 0 10 1 1 0 0 0 1 1 1 10 0 1 0 0 0 0 1 0 1 1 1 0 1 0 1 0 1 0 0 0 1 1 0 0 0 10 0 10 0 1 0 10 0 10 0 100 0 0
1 0 1 0 1 0 0 0 0 0 0 0 0 1 1 1 0 0 0 0 0 0 0 1 0 0 1 0 0 0 0 0 0 0 1 0 0 1 0 0 0 0 0 0 0 1 1 0 0 0 0 0 0 1 0 0 0 1 0 0 0 0 0 0 0 0 1 0 0 0 0 0 1 0 1 0
0 0 0 0 1 0 1 0 1 1 1 0 0 0 10 0 0 1 10 0 0 0 1 0 1 0 0 1 0 0 0 1 0 0 0 0 0 0 10 0 1 0 0 0 0 1 0 0 10 0 1 0 0 0 1 10 1 0 0 0 0 1 0 0 0 0 1 0 0 0 0 0 0 0 1 1
0 1 0 0 0 0 0 0 0 0 0 0 1 0 0 0 0 1 0 1 0 1 1 0 1 0 0 1 1 0 1 0 10 0 1 0 1 0 0 1 0 1 0 0 0 0 1 1 0 0 1 0 1 0 0 0 0 0 1 0 0 0 0 1 0 1 0 1 0 0 0 0 0 1 0 0
10 0 0 0 1 0 1 0 0 1 0 0 0 0 1 0 0 0 0 0 0 0 0 0 0 0 0 0 0 0 0 1 0 0 0 0 0 1 0 0 0 0 1 1 0 0 0 0 1 1 0 0 0 10 1 1 0 1 0 1 0 0 0 0 1 0 1 0 1 0 0 0 0 0 0 0
0 1 1 0 0 0 0 0 0 0 0 0 1 1 0 1 0 1 0 0 0 1 1 1 1 0 1 0 1 0 1 0 0 0 10 0 1 0 0 1 0 1 1 0 1 0 0 1 0 0 1 0 1 0 0 0 0 1 1 0 0 0 0 1 0 1 0 1 0 0 0 0 1 1 1 0
0 10 0 0 0 0 0 0 0 0 0 1 10 0 0 0 0 1 0 0 0 1 1 0 10 0 0 0 1 0 1 0 0 0 1 0 10 0 0 1 0 1 0 0 1 0 1 0 0 0 1 0 1 0 0 0 0 0 1 0 0 0 0 1 0 1 0 1 0 0 0 0 0 1 0 0
0 1 0 1 10 0 10 0 0 1 1 0 0 0 1 0 1 1 1 0 0 0 1 1 1 0 0 0 0 1 0 1 0 0 0 1 0 1 1 0 0 1 0 10 0 1 0 0 0 0 0 0 0 0 1 1 1 0 0 1 0 0 0 0 0 0 1 0 0 1 0 1 0 1 0 0
1 0 1 0 0 0 0 0 0 0 0 0 0 0 0 1 1 0 0 0 0 0 0 0 0 1 1 0 0 0 0 0 0 0 0 0 0 0 0 0 0 0 0 0 0 1 0 0 0 0 0 0 1 1 1 1 0 1 1 1 0 0 0 0 10 0 0 0 1 0 0 0 0 0 0 0
0 1 0 0 0 0 0 0 1 0 0 0 1 0 1 0 0 1 1 0 0 1 1 0 1 0 0 1 1 0 1 0 0 0 1 0 1 0 1 1 1 1 0 1 1 0 1 1 0 0 0 0 1 0 0 1 0 0 1 0 0 1 0 1 0 1 0 1 0 0 0 0 0 1 1 1
0 0 0 0 0 0 0 0 0 0 0 0 0 0 0 0 0 0 0 0 0 0 0 0 0 0 0 0 0 0 0 0 0 0 0 0 0 0 0 0 0 0 0 0 0 0 0 0 0 0 0 0 0 0 0 0 0 0 0 0 0 0 0 0 0 0 0 0 0 0 0 0 0 0 0 0
0 1 0 0 0 0 0 0 0 0 0 0 1 0 0 0 0 1 0 0 0 1 1 0 1 0 0 0 1 0 1 0 0 0 1 0 1 0 0 1 0 1 0 0 1 0 1 1 0 1 1 0 0 0 1 1 0 0 1 0 0 0 0 1 1 1 0 1 0 0 0 0 0 1 0 0
10 0 0 0 1 0 0 0 0 0 0 0 0 0 1 0 0 0 0 0 0 0 0 0 0 0 0 0 0 0 0 0 0 0 0 0 0 1 0 0 0 0 1 0 0 10 0 0 0 1 0 0 0 0 0 0 0 1 0 1 0 0 0 0 1 0 1 0 1 0 0 0 0 0 0 0
0 0 0 0 0 0 1 0 1 1 0 0 0 0 0 1 0 0 0 0 0 0 0 0 0 0 0 0 1 0 0 1 0 0 0 0 0 1 0 0 0 1 0 1 0 1 0 0 1 1 0 0 1 0 0 10 0 0 0 0 0 0 0 1 1 1 0 0 0 1 0 1 0 1 0 0
0 0 0 0 0 0 1 0 1 1 0 0 0 0 1 0 0 0 1 0 0 0 0 0 0 0 0 1 0 0 0 1 0 0 0 0 0 0 1 0 1 0 0 10 0 1 0 0 1 1 1 0 1 0 10 0 0 0 0 0 0 1 0 0 1 0 0 0 0 0 0 0 0 0 1 1
0 0 0 0 1 0 0 0 0 0 1 0 0 1 1 0 0 1 1 0 0 0 1 0 1 0 0 0 0 0 0 0 0 0 0 0 1 0 1 0 0 0 0 1 0 0 0 0 1 0 0 0 0 0 0 0 0 0 0 0 1 0 0 0 0 0 1 0 0 0 0 0 0 0 0 0
1 0 10 0 0 0 0 0 0 0 0 0 0 1 0 1 0 0 1 0 0 0 0 1 0 0 10 0 0 0 0 0 0 0 1 0 0 0 0 0 0 0 1 0 0 1 1 0 0 1 0 0 0 1 0 0 0 0 1 1 0 0 0 0 1 0 0 0 1 0 0 0 1 0 1 0
0 1 10 0 0 0 0 0 0 0 0 0 1 0 0 1 1 1 1 0 0 1 1 0 1 1 10 0 1 0 1 0 0 0 1 0 1 0 0 1 0 1 0 0 1 0 1 1 0 1 1 0 1 0 0 0 0 1 0 0 0 0 0 1 0 1 0 1 0 0 0 0 0 1 0 0
1 1 0 1 1 0 1 0 0 0 0 0 0 0 0 0 1 0 0 0 0 0 0 1 0 0 0 0 0 1 0 0 0 0 0 1 0 1 0 0 0 1 0 0 0 1 0 0 1 1 0 0 0 1 0 0 0 1 0 0 0 0 0 0 1 0 0 0 1 1 0 1 0 1 0 0
0 0 0 0 0 0 0 0 0 0 0 0 0 0 0 0 0 0 0 0 0 0 0 0 0 1 0 0 0 0 0 0 0 0 0 0 0 0 0 0 0 0 0 0 0 0 0 0 0 0 0 0 0 0 0 0 1 0 0 0 0 0 0 0 0 0 0 0 0 0 0 0 0 0 0 0
0 0 0 0 0 1 1 0 1 0 0 0 0 0 1 0 0 0 1 0 0 1 0 0 0 0 0 1 0 0 0 0 1 1 0 0 0 0 1 1 1 0 0 1 0 0 0 0 0 0 1 0 0 0 0 1 0 0 0 0 0 0 0 0 0 1 0 0 0 1 0 0 0 0 1 1
0 0 0 0 0 0 0 0 0 0 0 0 0 1 0 0 0 0 0 0 0 0 1 0 0 0 0 1 0 0 1 0 0 0 0 0 0 0 0 0 0 0 0 0 0 0 0 0 0 0 0 0 0 0 0 0 0 0 0 0 0 0 0 0 0 0 1 0 0 0 1 1 0 0 0 0
0 1 0 0 0 0 0 0 1 0 0 0 1 0 0 1 0 1 0 0 0 1 1 0 1 0 0 0 10 0 1 0 0 0 1 0 1 1 0 1 0 10 0 0 1 0 1 1 0 0 1 0 1 0 1 0 0 0 1 0 0 0 0 0 0 10 0 1 0 1 0 1 0 10 0 0
1 0 0 0 0 0 0 0 0 0 0 0 0 0 0 0 0 0 0 0 0 0 0 0 0 0 0 0 0 0 0 0 0 0 0 0 0 0 0 0 0 0 0 0 0 1 0 0 0 10 0 0 1 1 1 1 0 1 0 1 0 0 0 0 0 0 0 0 1 0 0 0 0 0 0 0
0 1 0 0 0 1 1 0 1 0 0 0 1 0 0 1 0 1 0 0 0 10 1 0 1 0 0 0 10 0 1 0 1 1 1 0 1 1 0 10 0 10 0 0 1 0 1 1 0 0 1 0 1 0 1 0 0 0 1 0 0 1 0 10 0 0 0 1 0 10 0 1 0 10 0 0
1 0 0 0 10 0 0 0 0 0 1 0 0 1 10 0 0 1 1 0 0 0 10 0 1 0 0 1 0 0 1 0 0 0 0 0 0 1 1 0 0 0 1 1 0 1 0 0 1 0 0 0 0 1 0 0 1 0 0 0 0 0 1 0 0 0 0 0 0 0 1 1 0 0 0 0
0 1 0 0 0 0 0 0 0 0 0 0 1 0 0 0 0 1 0 0 0 1 1 0 1 0 0 0 1 0 1 0 0 0 1 0 1 0 0 1 0 1 0 0 1 0 1 1 0 0 1 0 1 0 0 0 0 0 1 0 0 0 0 1 0 1 0 0 0 0 0 0 0 1 0 0
10 0 0 0 0 0 0 0 0 1 0 0 0 0 0 0 1 0 0 0 0 0 0 0 0 0 0 0 0 0 0 1 0 0 0 0 0 0 0 0 0 0 0 0 0 1 0 0 0 1 0 0 0 1 0 0 0 1 0 1 0 0 0 0 1 0 0 0 0 0 0 0 0 0 0 0
0 1 0 1 1 1 10 0 1 0 0 0 0 0 0 1 1 0 0 0 0 1 0 1 0 0 0 0 1 1 0 0 1 1 0 1 0 10 0 1 0 10 0 0 0 0 0 0 1 0 0 0 0 0 1 0 0 0 0 1 0 1 0 1 0 10 0 0 0 0 0 10 0 10 0 0
0 0 0 0 0 0 0 0 0 0 0 0 0 1 0 0 0 0 0 0 0 0 1 0 0 0 0 1 0 0 1 0 0 0 0 0 0 0 0 0 0 0 0 0 0 0 0 0 0 0 0 0 0 0 0 0 0 0 0 0 0 0 1 0 0 0 1 0 0 0 0 1 0 0 0 0
0 1 0 1 1 0 1 0 1 0 0 0 0 1 0 1 1 0 0 0 0 0 1 1 0 0 0 1 1 1 1 0 0 0 0 1 0 10 0 0 0 10 0 0 0 0 0 0 1 0 0 0 0 0 1 0 0 0 0 1 0 0 1 1 0 1 1 0 0 10 1 0 0 10 0 0
0 0 1 0 0 0 0 0 0 0 0 0 0 1 0 1 0 0 0 0 0 0 0 1 0 0 1 0 0 0 0 0 0 0 1 0 0 0 0 0 0 0 1 0 0 0 1 0 0 0 0 0 0 0 0 0 0 1 0 0 0 0 0 0 0 0 0 0 0 0 0 0 0 0 1 0
0 10 0 1 1 0 1 0 1 0 0 0 1 0 0 1 1 1 0 0 0 1 1 1 1 0 0 0 10 1 1 0 0 0 1 1 1 10 0 1 0 100 0 0 1 0 1 1 1 0 1 0 1 0 1 0 0 0 1 1 0 0 0 10 0 10 0 1 0 10 0 10 0 0 0 0
0 0 1 0 0 0 0 0 1 0 0 0 0 1 1 1 0 0 1 0 0 0 0 1 0 0 1 1 0 0 0 0 0 0 1 0 0 0 1 0 1 0 1 1 0 0 1 0 0 0 1 0 0 0 0 1 0 1 0 0 0 1 0 0 0 0 0 0 0 0 0 0 1 0 0 1
0 0 0 10 0 0 0 0 10 0 0 10 0 0 1 0 0 0 1 0 10 0 0 0 0 0 0 1 0 0 0 0 0 0 0 10 0 0 1 0 1 0 0 1 0 0 0 0 0 0 1 0 0 0 0 1 0 0 0 0 0 1 0 0 0 0 0 0 0 0 0 0 0 0 1 0
2
4 10 3
6 6 3
4
4 4
1 4
2 4
3 6
4 4
2 4
1 4
1 4
2 6
2 6
3 7
1 4
1 4
2 6
2 6
2 6
3 4
3 4
1 1
1 4
76 31
3 0 1 2
3 3 4 5
3 6 7 8
3 3 9 10
3 0 3 11
1 12
3 3 12 13
2 14 15
3 10 16 17
2 1 13
1 11
3 5 9 10
2 4 5
3 6 18 19
3 0 11 16
3 6 7 17
3 1 3 7
3 4 11 15
3 8 11 16
1 20
2 9 10
2 4 12
3 4 11 19
2 3 6
3 4 5 11
2 7 21
3 6 7 8
3 16 19 22
2 4 17
2 3 23
3 4 15 19
3 1 13 14
3 12 20 22
2 12 15
2 4 6
3 3 9 10
3 4 5 18
3 0 3 17
2 11 16
2 4 12
1 16
3 3 4 17
3 0 6 24
3 11 13 16
3 4 20 22
3 0 2 13
2 4 6
2 4 5
3 3 11 13
3 2 7 25
2 4 16
1 26
2 4 25
2 0 2
3 13 17 25
3 13 16 25
3 11 18 27
3 2 6 8
3 4 7 8
3 2 3 28
2 21 27
2 12 16
1 19
3 4 17 29
3 2 25 30
3 4 12 17
3 0 11 19
1 4
2 1 2
3 3 12 17
1 19
3 3 17 19
1 6
3 3 4 17
2 6 16
3 9 10 16
76 216
4 0 1 2 3
3 4 5 6
6 7 8 9 10 11 12
4 13 14 15 16
3 17 18 19
6 20 21 22 23 24 25
3 17 18 19
2 26 27
4 28 29 30 31
2 32 33
5 15 16 34 35 36
3 4 5 37
5 38 39 40 41 42
4 43 44 45 46
8 20 21 23 47 48 49 50 51
2 52 53
3 20 51 54
7 55 56 57 58 59 60 61
4 19 62 63 64
2 65 66
4 67 68 69 70
2 71 72
2 73 74
4 67 75 76 77
3 78 79 80
2 81 82
4 83 84 85 86
5 87 88 89 90 91
6 46 92 93 94 95 96
6 8 10 11 12 97 98
4 5 99 100 101
3 102 103 104
3 102 103 105
6 106 107 108 109 110 111
4 112 113 114 115
5 19 62 63 116 117
4 43 118 119 120
4 112 113 114 115
5 21 22 121 122 123
4 52 53 81 124
3 27 125 126
5 19 62 63 116 117
5 127 128 129 130 131
1 132
2 43 133
8 134 135 136 137 138 139 140 141
1 142
4 143 144 145 146
8 114 147 148 149 150 151 152 153
2 102 103
7 19 116 154 155 156 157 158
4 159 160 161 162
3 163 164 165
4 166 167 168 169
3 21 22 170
5 87 171 172 173 174
6 175 176 177 178 179 180
3 28 181 182
5 52 53 81 183 184
4 87 172 185 186
2 83 84
2 20 187
2 60 188
2 46 189
3 190 191 192
4 19 62 193 194
4 39 40 41 195
1 196
4 197 198 199 200
5 39 40 41 195 201
4 43 118 119 120
2 28 202
5 60 203 204 205 206
3 207 208 209
5 144 145 210 211 212
3 213 214 215
