65
0 0 0 0 1 0 1 0 10 1 0 0 1 0 1 0 0 1 0 1 0 0 0 1 0 0 0 1 1 0 0 0 0 0 1 0 0 0 0 0 0 0 1 0 0 1 0 0 0 1 0 0 1 0 0 0 0 0 0 1 1 1 0 0 0
0 0 0 0 0 0 0 0 0 0 0 0 0 0 0 0 0 0 0 0 0 0 0 0 0 0 0 0 0 0 0 0 0 0 0 0 0 0 0 0 0 0 0 0 0 0 0 0 0 0 0 0 0 0 0 0 0 0 0 0 0 0 0 0 0
0 0 0 0 0 0 0 0 0 1 0 0 0 0 0 0 0 0 1 0 0 1 0 0 0 0 0 0 0 0 0 0 1 0 0 0 0 0 0 0 1 0 0 0 0 0 10 1 100 0 0 1 0 0 0 1 0 0 1 0 0 0 0 0 1
0 0 0 0 0 0 0 1 0 0 0 0 0 0 1 0 0 0 0 0 0 0 0 0 0 0 0 1 0 1 0 0 0 0 0 1 0 0 0 0 0 0 0 0 0 0 0 0 0 0 0 0 0 1 0 0 1 0 0 0 1 0 0 1 0
1 0 0 0 0 10 1 1 0 0 1 1 10 0 10 1 0 1 0 100 0 1 0 0 0 0 0 10 10 0 0 0 0 0 0 1 0 0 1 0 1 1 1 1 1 1 0 0 0 0 1 0 10 1 1 1 0 1 0 10 1 0 0 1 1
0 0 0 0 10 0 1 1 0 0 1 1 1 0 1 1 0 1 0 10 0 1 0 0 0 1 0 1 1 0 0 0 0 0 0 1 0 0 1 0 1 10 1 10 10 0 0 0 0 0 1 0 1 1 1 1 0 1 0 1 1 0 0 1 1
1 0 0 0 1 1 0 0 1 0 10 10 1 0 0 1 0 1 0 1 1 0 0 0 0 1 0 1 0 0 0 0 0 0 0 0 1 0 1 0 1 0 0 0 0 0 0 0 0 1 1 0 1 0 0 1 0 1 0 0 10 1 0 0 0
0 0 0 1 1 1 0 0 0 0 0 0 0 0 1 0 1 0 0 1 0 1 0 0 0 0 0 0 1 1 1 0 0 0 0 1 0 1 0 1 0 1 1 1 1 0 0 0 0 0 1 0 0 10 1 0 0 0 0 1 0 0 0 1 1
10 0 0 0 0 0 1 0 0 1 0 0 0 1 0 0 1 1 1 0 0 0 1 1 0 0 1 0 0 0 0 0 0 0 1 0 1 0 0 0 0 0 1 0 0 1 0 0 0 1 0 0 0 0 0 0 0 0 1 0 1 1 0 0 0
1 0 1 0 0 0 0 0 1 0 0 0 0 0 0 1 0 10 0 0 0 0 0 10 0 0 0 0 0 0 0 0 1 1 10 0 0 0 0 0 1 0 1 0 0 0 1 1 1 0 0 0 0 0 0 0 0 0 1 0 0 1 0 0 0
0 0 0 0 1 1 10 0 0 0 0 100 1 0 0 1 0 1 0 1 10 0 0 0 0 10 0 1 0 0 0 0 0 0 0 0 10 0 10 0 1 0 0 0 0 1 0 0 0 0 10 0 1 0 0 1 0 1 1 0 1 0 0 0 0
0 0 0 0 1 1 10 0 0 0 100 0 1 0 0 1 0 1 0 1 10 0 0 0 0 10 0 1 0 0 0 0 0 0 0 0 10 0 10 0 1 0 0 0 0 1 0 0 0 0 10 0 1 0 0 1 0 1 1 0 1 0 0 0 0
1 0 0 0 10 1 1 0 0 0 1 1 0 0 1 1 0 1 0 10 0 0 1 0 0 0 0 10 1 0 0 0 0 1 0 0 0 0 1 1 1 0 0 0 0 1 0 0 0 0 0 0 10 0 0 1 0 1 0 1 1 1 0 0 0
0 0 0 0 0 0 0 0 1 0 0 0 0 0 0 0 1 0 1 0 0 0 10 0 1 0 1 0 0 0 0 0 0 0 0 0 1 0 0 1 0 0 0 0 0 1 0 0 0 0 0 0 1 1 0 0 0 0 1 0 0 0 0 0 0
1 0 0 1 10 1 0 1 0 0 0 0 1 0 0 0 0 0 0 10 0 1 0 0 0 0 0 10 10 0 0 0 0 0 0 10 0 0 0 0 0 1 1 1 1 1 0 0 0 0 1 0 1 1 1 0 1 0 0 10 1 0 0 10 1
0 0 0 0 1 1 1 0 0 1 1 1 1 0 0 0 0 10 0 1 0 0 0 1 0 0 0 1 0 0 0 0 0 1 1 0 0 0 1 0 1 0 0 0 0 0 1 0 0 0 0 0 1 0 0 1 0 1 0 0 1 1 0 0 0
0 0 0 0 0 0 0 1 1 0 0 0 0 1 0 0 0 0 1 0 0 0 1 0 0 0 1 0 0 0 1 0 0 0 0 0 1 1 0 1 0 0 0 0 0 1 0 0 0 0 0 0 0 0 0 0 0 0 1 0 0 0 0 0 0
1 0 0 0 1 1 1 0 1 10 1 1 1 0 0 10 0 0 0 1 0 0 0 10 0 0 0 1 0 0 0 0 0 1 10 0 0 0 1 0 1 0 1 0 0 0 1 0 0 0 0 0 1 0 0 1 0 1 0 0 1 1 0 0 0
0 0 1 0 0 0 0 0 1 0 0 0 0 1 0 0 1 0 0 0 0 1 1 0 0 0 1 0 0 0 0 0 0 0 0 0 1 0 0 0 0 0 0 0 0 1 1 0 1 0 0 1 0 0 0 1 0 0 1 0 0 0 0 0 1
1 0 0 0 100 10 1 1 0 0 1 1 10 0 10 1 0 1 0 0 0 1 0 0 0 0 0 10 10 0 0 0 0 0 0 1 0 0 1 0 1 1 1 1 1 1 0 0 0 0 1 0 10 1 1 1 0 1 0 10 1 0 0 1 1
0 0 0 0 0 0 1 0 0 0 10 10 0 0 0 0 0 0 0 0 0 0 0 0 0 10 0 0 0 0 0 0 0 0 0 0 10 0 1 0 0 0 0 0 0 1 0 0 0 0 10 0 0 0 0 0 0 0 1 0 0 0 0 0 0
0 0 1 0 1 1 0 1 0 0 0 0 0 0 1 0 0 0 1 1 0 0 0 0 0 0 0 0 1 0 0 0 0 0 0 1 0 0 0 0 0 1 1 1 1 0 1 0 1 0 1 1 0 1 1 1 0 0 0 1 0 0 0 1 10
0 0 0 0 0 0 0 0 1 0 0 0 1 10 0 0 1 0 1 0 0 0 0 0 1 0 1 0 0 0 0 0 0 1 0 0 1 0 0 10 0 0 0 0 0 1 0 0 0 0 0 0 1 1 0 0 0 0 1 0 0 1 0 0 0
1 0 0 0 0 0 0 0 1 10 0 0 0 0 0 1 0 10 0 0 0 0 0 0 0 0 0 0 0 0 0 0 0 1 10 0 0 0 0 0 0 0 1 0 0 0 1 0 0 0 0 0 0 0 0 0 0 0 0 0 0 1 0 0 0
0 0 0 0 0 0 0 0 0 0 0 0 0 1 0 0 0 0 0 0 0 0 1 0 0 0 0 0 0 0 0 1 0 0 0 0 0 0 1 1 0 0 0 0 1 0 0 0 0 0 0 0 1 1 0 0 0 0 0 0 0 0 0 0 0
0 0 0 0 0 1 1 0 0 0 10 10 0 0 0 0 0 0 0 0 10 0 0 0 0 0 0 0 0 0 0 0 0 0 0 0 10 0 1 0 0 1 0 1 1 1 0 0 0 0 10 0 0 0 0 0 0 0 1 0 0 0 0 0 0
0 0 0 0 0 0 0 0 1 0 0 0 0 1 0 0 1 0 1 0 0 0 1 0 0 0 0 0 0 0 0 0 0 0 0 0 1 0 0 0 0 0 0 0 0 1 0 0 0 0 0 0 0 0 0 0 0 0 1 0 0 0 0 0 0
1 0 0 1 10 1 1 0 0 0 1 1 10 0 10 1 0 1 0 10 0 0 0 0 0 0 0 0 1 0 0 0 0 0 0 1 0 0 1 0 1 0 0 0 0 1 0 0 0 0 0 0 10 0 0 1 1 1 0 1 10 0 0 1 0
1 0 0 0 10 1 0 1 0 0 0 0 1 0 10 0 0 0 0 10 0 1 0 0 0 0 0 1 0 0 0 0 0 0 0 1 0 0 0 0 0 1 1 1 1 1 0 0 0 0 1 0 1 1 1 0 0 0 0 10 0 0 0 1 1
0 0 0 1 0 0 0 1 0 0 0 0 0 0 0 0 0 0 0 0 0 0 0 0 0 0 0 0 0 0 0 0 0 0 0 0 0 0 0 0 0 0 0 0 0 0 0 0 0 0 0 0 0 1 0 0 0 1 0 0 0 0 0 0 0
0 0 0 0 0 0 0 1 0 0 0 0 0 0 0 0 1 0 0 0 0 0 0 0 0 0 0 0 0 0 0 0 0 0 0 0 0 1 0 1 0 0 0 0 0 0 0 0 0 0 0 0 0 0 0 0 0 0 0 0 0 0 0 0 0
0 0 0 0 0 0 0 0 0 0 0 0 0 0 0 0 0 0 0 0 0 0 0 0 1 0 0 0 0 0 0 0 0 0 0 0 0 0 0 0 0 0 0 0 0 0 0 1 0 0 0 0 0 0 0 0 0 0 0 0 0 0 0 0 0
0 0 1 0 0 0 0 0 0 1 0 0 0 0 0 0 0 0 0 0 0 0 0 0 0 0 0 0 0 0 0 0 0 0 0 0 0 0 0 0 10 0 0 0 0 0 0 1 1 1 0 0 0 0 0 0 0 0 1 0 0 0 0 0 0
0 0 0 0 0 0 0 0 0 1 0 0 1 0 0 1 0 1 0 0 0 0 1 1 0 0 0 0 0 0 0 0 0 0 1 0 0 0 0 1 0 0 0 0 0 0 1 0 0 0 0 0 0 0 0 0 0 0 0 0 0 10 0 0 0
1 0 0 0 0 0 0 0 1 10 0 0 0 0 0 1 0 10 0 0 0 0 0 10 0 0 0 0 0 0 0 0 0 1 0 0 0 0 0 0 0 0 1 0 0 0 1 0 0 0 0 0 0 0 0 0 0 0 0 0 0 1 1 0 0
0 0 0 1 1 1 0 1 0 0 0 0 0 0 10 0 0 0 0 1 0 1 0 0 0 0 0 1 1 0 0 0 0 0 0 0 0 0 0 0 0 1 1 1 1 0 0 0 0 0 1 0 0 1 1 0 1 0 0 1 1 0 0 10 1
0 0 0 0 0 0 1 0 1 0 10 10 0 1 0 0 1 0 1 0 10 0 1 0 0 10 1 0 0 0 0 0 0 0 0 0 0 0 1 0 0 0 0 0 0 10 0 0 0 0 10 0 0 0 0 0 0 0 10 0 0 0 0 0 0
0 0 0 0 0 0 0 1 0 0 0 0 0 0 0 0 1 0 0 0 0 0 0 0 0 0 0 0 0 0 1 0 0 0 0 0 0 0 0 1 0 0 0 0 0 0 0 0 0 0 0 0 0 0 0 0 0 0 0 0 0 0 0 0 0
0 0 0 0 1 1 1 0 0 0 10 10 1 0 0 1 0 1 0 1 1 0 0 0 1 1 0 1 0 0 0 0 0 0 0 0 1 0 0 0 1 0 0 0 1 1 0 0 0 0 1 0 1 0 0 1 0 1 1 0 1 0 0 0 0
0 0 0 0 0 0 0 1 0 0 0 0 1 1 0 0 1 0 0 0 0 0 10 0 1 0 0 0 0 0 1 0 0 1 0 0 0 1 0 0 0 0 0 0 0 0 0 0 0 0 0 0 1 1 0 0 0 0 0 0 0 1 0 0 0
0 0 1 0 1 1 1 0 0 1 1 1 1 0 0 1 0 1 0 1 0 0 0 0 0 0 0 1 0 0 0 0 10 0 0 0 0 0 1 0 0 0 0 0 0 0 0 1 1 1 0 0 1 0 0 1 0 1 1 0 1 0 0 0 0
0 0 0 0 1 10 0 1 0 0 0 0 0 0 1 0 0 0 0 1 0 1 0 0 0 1 0 0 1 0 0 0 0 0 0 1 0 0 0 0 0 0 1 10 10 0 0 0 0 0 1 0 0 1 1 0 0 0 0 1 0 0 0 1 1
1 0 0 0 1 1 0 1 1 1 0 0 0 0 1 0 0 1 0 1 0 1 0 1 0 0 0 0 1 0 0 0 0 0 1 1 0 0 0 0 0 1 0 1 1 0 0 0 0 0 1 0 0 1 1 0 0 0 0 1 0 0 0 1 1
0 0 0 0 1 10 0 1 0 0 0 0 0 0 1 0 0 0 0 1 0 1 0 0 0 1 0 0 1 0 0 0 0 0 0 1 0 0 0 0 0 10 1 0 10 0 0 0 0 0 1 0 0 1 1 0 0 0 0 1 0 0 0 1 1
0 0 0 0 1 10 0 1 0 0 0 0 0 0 1 0 0 0 0 1 0 1 0 0 1 1 0 0 1 0 0 0 0 0 0 1 0 0 1 0 0 10 1 10 0 0 0 0 0 0 1 0 0 1 1 0 0 0 0 1 0 0 0 1 1
1 0 0 0 1 0 0 0 1 0 1 1 1 1 1 0 1 0 1 1 1 0 1 0 0 1 1 1 1 0 0 0 0 0 0 0 10 0 1 0 0 0 0 0 0 0 0 0 0 0 1 0 1 0 0 0 0 0 10 1 0 0 0 0 0
0 0 10 0 0 0 0 0 0 1 0 0 0 0 0 1 0 1 1 0 0 1 0 1 0 0 0 0 0 0 0 0 0 1 1 0 0 0 0 0 0 0 0 0 0 0 0 0 10 0 0 1 0 0 0 1 0 0 0 0 0 1 0 0 1
0 0 1 0 0 0 0 0 0 1 0 0 0 0 0 0 0 0 0 0 0 0 0 0 0 0 0 0 0 0 0 1 1 0 0 0 0 0 0 0 1 0 0 0 0 0 0 0 1 0 0 0 0 0 0 0 0 0 1 0 0 0 0 0 0
0 0 100 0 0 0 0 0 0 1 0 0 0 0 0 0 0 0 1 0 0 1 0 0 0 0 0 0 0 0 0 0 1 0 0 0 0 0 0 0 1 0 0 0 0 0 10 1 0 0 0 1 0 0 0 1 0 0 1 0 0 0 0 0 1
1 0 0 0 0 0 1 0 1 0 0 0 0 0 0 0 0 0 0 0 0 0 0 0 0 0 0 0 0 0 0 0 1 0 0 0 0 0 0 0 1 0 0 0 0 0 0 0 0 0 0 0 0 0 0 0 0 0 0 0 1 1 0 0 0
0 0 0 0 1 1 1 1 0 0 10 10 0 0 1 0 0 0 0 1 10 1 0 0 0 10 0 0 1 0 0 0 0 0 0 1 10 0 1 0 0 1 1 1 1 1 0 0 0 0 0 0 0 1 1 0 0 0 1 1 0 0 0 1 1
0 0 1 0 0 0 0 0 0 0 0 0 0 0 0 0 0 0 1 0 0 1 0 0 0 0 0 0 0 0 0 0 0 0 0 0 0 0 0 0 0 0 0 0 0 0 1 0 1 0 0 0 0 0 0 1 0 0 0 0 0 0 0 0 1
1 0 0 0 10 1 1 0 0 0 1 1 10 1 1 1 0 1 0 10 0 0 1 0 1 0 0 10 1 0 0 0 0 0 0 0 0 0 1 1 1 0 0 0 0 1 0 0 0 0 0 0 0 1 0 1 0 1 0 1 1 0 0 0 0
0 0 0 1 1 1 0 10 0 0 0 0 0 1 1 0 0 0 0 1 0 1 1 0 1 0 0 0 1 1 0 0 0 0 0 1 0 0 0 1 0 1 1 1 1 0 0 0 0 0 1 0 1 0 1 0 0 0 0 1 0 0 0 1 1
0 0 0 0 1 1 0 1 0 0 0 0 0 0 1 0 0 0 0 1 0 1 0 0 0 0 0 0 1 0 0 0 0 0 0 1 0 0 0 0 0 1 1 1 1 0 0 0 0 0 1 0 0 1 0 0 0 0 0 1 0 0 0 1 1
0 0 1 0 1 1 1 0 0 0 1 1 1 0 0 1 0 1 1 1 0 1 0 0 0 0 0 1 0 0 0 0 0 0 0 0 0 0 1 0 1 0 0 0 0 0 1 0 1 0 0 1 1 0 0 0 0 1 0 0 1 0 0 0 1
0 0 0 1 0 0 0 0 0 0 0 0 0 0 1 0 0 0 0 0 0 0 0 0 0 0 0 1 0 0 0 0 0 0 0 1 0 0 0 0 0 0 0 0 0 0 0 0 0 0 0 0 0 0 0 0 0 0 0 0 1 0 0 1 0
0 0 0 0 1 1 1 0 0 0 1 1 1 0 0 1 0 1 0 1 0 0 0 0 0 0 0 1 0 1 0 0 0 0 0 0 0 0 1 0 1 0 0 0 0 0 0 0 0 0 0 0 1 0 0 1 0 0 0 0 1 0 0 0 0
0 0 1 0 0 0 0 0 1 1 1 1 0 1 0 0 1 0 1 0 1 0 1 0 0 1 1 0 0 0 0 0 1 0 0 0 10 0 1 0 1 0 0 0 0 10 0 1 1 0 1 0 0 0 0 0 0 0 0 0 0 0 0 0 0
1 0 0 0 10 1 0 1 0 0 0 0 1 0 10 0 0 0 0 10 0 1 0 0 0 0 0 1 10 0 0 0 0 0 0 1 0 0 0 0 0 1 1 1 1 1 0 0 0 0 1 0 1 1 1 0 0 0 0 0 0 0 0 1 1
1 0 0 1 1 1 10 0 1 0 1 1 1 0 1 1 0 1 0 1 0 0 0 0 0 0 0 10 0 0 0 0 0 0 0 1 0 0 1 0 1 0 0 0 0 0 0 0 0 1 0 0 1 0 0 1 1 1 0 0 0 1 0 1 0
1 0 0 0 0 0 1 0 1 1 0 0 1 0 0 1 0 1 0 0 0 0 1 1 0 0 0 0 0 0 0 0 0 10 1 0 0 0 0 1 0 0 0 0 0 0 1 0 0 1 0 0 0 0 0 0 0 0 0 0 1 0 0 0 0
0 0 0 0 0 0 0 0 0 0 0 0 0 0 0 0 0 0 0 0 0 0 0 0 0 0 0 0 0 0 0 0 0 0 1 0 0 0 0 0 0 0 0 0 0 0 0 0 0 0 0 0 0 0 0 0 0 0 0 0 0 0 0 0 0
0 0 0 1 1 1 0 1 0 0 0 0 0 0 10 0 0 0 0 1 0 1 0 0 0 0 0 1 1 0 0 0 0 0 0 10 0 0 0 0 0 1 1 1 1 0 0 0 0 0 1 0 0 1 1 0 1 0 0 1 1 0 0 0 1
0 0 1 0 1 1 0 1 0 0 0 0 0 0 1 0 0 0 1 1 0 10 0 0 0 0 0 0 1 0 0 0 0 0 0 1 0 0 0 0 0 1 1 1 1 0 1 0 1 0 1 1 0 1 1 1 0 0 0 1 0 0 0 1 0
3
4 8 3
6 5 3
3 1 3
4
4 4
1 4
2 4
3 6
4 3
2 2
1 4
2 6
3 7
1 4
1 4
2 6
2 6
2 6
3 4
3 4
1 1
1 4
65 29
3 0 1 2
1 3
3 4 5 6
2 7 8
3 2 9 10
3 9 10 11
3 0 9 12
3 8 10 13
3 0 1 14
3 1 5 15
3 9 12 16
3 9 12 16
3 2 9 17
2 14 18
3 2 7 10
3 9 15 19
3 13 14 20
3 1 9 15
2 4 14
3 2 9 10
2 12 16
2 4 10
3 14 17 18
3 1 15 21
3 18 22 23
3 11 12 16
1 14
3 2 7 9
3 2 10 24
2 8 25
1 13
2 23 26
2 5 27
2 15 17
3 1 15 28
2 7 10
3 12 14 16
1 13
3 9 16 22
3 13 17 18
3 5 9 27
2 10 11
2 1 10
2 10 11
3 10 11 22
3 2 14 16
3 4 6 15
2 5 26
3 4 5 6
2 0 27
3 10 12 16
1 4
3 2 9 18
3 8 10 18
1 10
2 4 9
1 7
2 9 25
3 5 14 16
2 2 10
3 0 7 9
3 0 15 17
1 28
2 7 10
2 4 10
65 191
4 0 1 2 3
4 4 5 6 7
3 8 9 10
4 11 12 13 14
4 15 16 17 18
2 19 20
2 21 22
4 23 24 25 26
5 27 28 29 30 31
3 32 33 34
6 23 24 25 35 36 37
3 38 39 40
4 41 42 43 44
3 45 46 47
2 48 49
4 15 16 17 18
4 50 51 52 53
6 24 35 36 37 54 55
8 9 56 57 58 59 60 61 62
4 63 64 65 66
3 67 68 69
2 70 71
3 72 73 74
5 15 16 17 75 76
1 77
3 0 78 79
2 80 81
2 11 82
4 80 83 84 85
4 86 87 88 89
3 38 39 40
4 90 91 92 93
2 94 95
1 96
4 48 97 98 99
4 100 101 102 103
3 56 62 104
5 19 105 106 107 108
7 40 109 110 111 112 113 114
2 115 116
5 15 16 17 18 117
2 118 119
3 120 121 122
7 19 123 124 125 126 127 128
6 9 10 56 57 129 130
3 63 131 132
2 67 133
8 134 135 136 137 138 139 140 141
8 102 142 143 144 145 146 147 148
6 149 150 151 152 153 154
2 84 85
1 155
4 40 156 157 158
4 48 118 159 160
5 40 109 156 157 161
2 162 163
5 40 109 156 157 161
5 164 165 166 167 168
4 164 165 169 170
4 27 28 171 172
6 173 174 175 176 177 178
5 4 179 180 181 182
4 183 184 185 186
2 41 187
5 4 5 188 189 190
