34
0 1 0 0 0 1 0 1 0 0 1 1 0 1 0 0 0 0 0 0 0 1 0 1 0 0 1 0 0 0 0 1 1 0
1 0 0 0 0 1 0 0 0 0 10 1 0 0 0 0 0 0 0 0 0 1 0 1 0 0 0 0 0 0 0 0 1 0
0 0 0 0 0 0 0 1 0 0 0 0 0 0 0 0 0 0 0 0 1 0 0 0 1 1 0 0 0 0 0 0 0 0
0 0 0 0 0 1 0 0 0 0 0 0 1 0 0 0 0 0 1 0 0 0 0 0 0 0 0 0 0 0 0 0 0 0
0 0 0 0 0 0 0 0 0 1 0 0 0 0 0 0 0 1 0 0 0 0 1 0 0 0 0 0 0 0 0 0 0 0
1 1 0 1 0 0 0 0 1 0 1 1 1 0 0 0 0 0 10 1 0 1 0 1 0 0 0 0 1 0 1 0 1 0
0 0 0 0 0 0 0 0 0 0 0 0 0 0 10 0 1 0 0 0 10 0 1 0 0 0 1 0 0 1 0 0 0 0
1 0 1 0 0 0 0 0 1 0 0 0 0 1 0 0 0 0 0 0 1 0 0 0 1 1 10 0 0 0 0 1 0 0
0 0 0 0 0 1 0 1 0 0 0 0 0 0 0 0 0 0 1 10 0 0 0 0 1 0 1 0 1 0 1 0 0 0
0 0 0 0 1 0 0 0 0 0 0 0 0 0 0 0 0 0 0 0 0 0 1 0 0 0 0 0 0 0 0 0 0 0
1 10 0 0 0 1 0 0 0 0 0 1 0 0 0 0 0 0 0 0 0 1 0 1 0 0 0 1 1 0 0 0 1 0
1 1 0 0 0 1 0 0 0 0 1 0 0 0 0 0 0 0 0 0 0 1 0 1 1 0 0 1 0 0 0 0 1 0
0 0 0 1 0 1 0 0 0 0 0 0 0 0 0 1 1 1 10 1 0 0 0 0 0 0 0 0 0 1 1 1 0 0
1 0 0 0 0 0 0 1 0 0 0 0 0 0 1 0 0 0 0 0 0 0 0 0 0 0 1 1 0 0 1 1 1 1
0 0 0 0 0 0 10 0 0 0 0 0 0 1 0 0 1 0 0 0 10 0 0 0 0 0 1 1 0 1 1 0 1 1
0 0 0 0 0 0 0 0 0 0 0 0 1 0 0 0 1 1 0 0 0 0 0 0 0 1 0 0 0 0 0 0 0 0
0 0 0 0 0 0 1 0 0 0 0 0 1 0 1 1 0 0 1 1 1 0 0 0 0 1 1 0 0 10 1 1 0 0
0 0 0 0 1 0 0 0 0 0 0 0 1 0 0 1 0 0 0 0 0 0 0 0 0 0 0 0 0 0 0 0 0 0
0 0 0 1 0 10 0 0 1 0 0 0 10 0 0 0 1 0 0 10 0 0 0 0 0 0 0 0 1 1 10 1 0 0
0 0 0 0 0 1 0 0 10 0 0 0 1 0 0 0 1 0 10 0 0 0 0 0 1 0 0 0 1 1 10 1 0 0
0 0 1 0 0 0 10 1 0 0 0 0 0 0 10 0 1 0 0 0 0 0 0 0 1 1 1 0 0 1 0 0 0 0
1 1 0 0 0 1 0 0 0 0 1 1 0 0 0 0 0 0 0 0 0 0 0 1 0 0 0 0 0 0 0 0 1 0
0 0 0 0 1 0 1 0 0 1 0 0 0 0 0 0 0 0 0 0 0 0 0 0 0 0 0 0 0 0 0 0 0 0
1 1 0 0 0 1 0 0 0 0 1 1 0 0 0 0 0 0 0 0 0 1 0 0 0 0 0 0 0 0 0 0 10 0
0 0 1 0 0 0 0 1 1 0 0 1 0 0 0 0 0 0 0 1 1 0 0 0 0 1 0 1 0 0 0 0 0 0
0 0 1 0 0 0 0 1 0 0 0 0 0 0 0 1 1 0 0 0 1 0 0 0 1 0 0 0 0 0 0 0 0 0
1 0 0 0 0 0 1 10 1 0 0 0 0 1 1 0 1 0 0 0 1 0 0 0 0 0 0 0 0 1 0 1 0 0
0 0 0 0 0 0 0 0 0 0 1 1 0 1 1 0 0 0 0 0 0 0 0 0 1 0 0 0 1 0 1 0 1 1
0 0 0 0 0 1 0 0 1 0 1 0 0 0 0 0 0 0 1 1 0 0 0 0 0 0 0 1 0 0 1 0 0 0
0 0 0 0 0 0 1 0 0 0 0 0 1 0 1 0 10 0 1 1 1 0 0 0 0 0 1 0 0 0 1 1 0 0
0 0 0 0 0 1 0 0 1 0 0 0 1 1 1 0 1 0 10 10 0 0 0 0 0 0 0 1 1 1 0 1 1 1
1 0 0 0 0 0 0 1 0 0 0 0 1 1 0 0 1 0 1 1 0 0 0 0 0 0 1 0 0 1 1 0 0 0
1 1 0 0 0 1 0 0 0 0 1 1 0 1 1 0 0 0 0 0 0 1 0 10 0 0 0 1 0 0 1 0 0 1
0 0 0 0 0 0 0 0 0 0 0 0 0 1 1 0 0 0 0 0 0 0 0 0 0 0 0 1 0 0 1 0 1 0
2
4 4 3
6 3 3
2
2 2
1 4
2 6
3 5
1 4
1 4
2 6
2 6
3 4
34 28
2 0 1
2 1 2
2 3 4
1 5
2 6 7
3 1 5 8
3 9 10 11
3 0 3 12
3 8 12 13
1 6
3 1 2 14
3 1 15 16
3 5 17 18
2 0 19
3 9 11 19
3 18 20 21
3 11 17 21
2 7 18
3 5 8 17
3 8 13 17
3 3 9 11
1 1
3 6 10 22
3 1 23 24
3 3 13 16
2 3 21
3 0 11 12
3 14 16 19
3 8 14 25
2 11 17
3 8 17 19
3 0 17 26
3 1 19 23
2 19 27
34 81
3 0 1 2
1 3
3 4 5 6
3 4 5 6
3 7 8 9
3 10 11 12
3 13 14 15
3 16 17 18
3 10 19 20
3 21 22 23
2 24 25
3 25 26 27
3 28 29 30
2 21 31
3 32 33 34
3 35 36 37
3 10 38 39
2 40 41
3 42 43 44
3 28 45 46
3 47 48 49
3 7 50 51
3 52 53 54
3 55 56 57
3 36 58 59
3 29 60 61
3 32 33 34
3 62 63 64
3 65 66 67
3 68 69 70
3 71 72 73
3 74 75 76
3 62 77 78
2 79 80
