62
0 0 0 0 0 0 0 0 1 0 0 0 0 0 0 0 0 0 0 0 0 0 0 0 0 0 0 0 0 0 0 0 0 0 0 0 0 0 0 0 0 0 1 1 0 0 1 1 0 0 0 0 0 0 0 0 0 0 0 0 0 0
0 0 0 0 0 0 0 0 0 1 0 0 0 0 0 0 0 0 0 0 1 0 0 0 10 0 1 1 0 0 0 0 0 1 0 0 0 0 0 0 1 0 0 0 0 0 0 0 0 1 1 0 0 0 0 0 0 0 0 0 0 1
0 0 0 0 0 0 0 0 0 0 1 0 0 0 0 10 0 0 0 1 0 1 0 0 0 0 0 0 0 0 0 0 0 0 0 0 0 0 0 1 0 1 1 0 0 1 0 0 0 0 0 1 10 1 0 0 0 1 0 0 1 0
0 0 0 0 0 0 0 1 0 0 0 0 0 1 0 0 1 10 1 0 0 0 0 1 0 0 1 0 0 0 0 0 1 0 0 1 0 0 0 0 0 0 0 0 1 0 0 1 0 1 0 1 0 0 0 0 1 0 0 0 0 1
0 0 0 0 0 0 0 0 0 1 0 0 0 0 0 0 0 0 0 0 0 0 0 0 0 0 0 1 0 1 0 0 0 0 0 0 0 0 0 0 0 0 0 0 0 0 0 0 0 0 0 0 0 0 0 0 0 0 1 0 0 0
0 0 0 0 0 0 0 0 0 0 0 10 0 0 0 0 0 0 0 0 0 0 0 0 0 0 0 0 10 0 0 0 0 0 1 0 0 0 1 0 0 0 0 0 0 0 0 0 0 0 1 0 0 10 1 0 0 0 0 0 0 0
0 0 0 0 0 0 0 0 0 0 10 0 1 0 0 0 0 0 0 0 0 1 0 0 0 0 0 0 0 0 1 0 0 0 0 0 0 0 0 0 1 0 0 1 0 0 0 0 0 0 0 0 0 0 0 0 1 1 0 1 0 0
0 0 0 1 0 0 0 0 1 0 0 0 0 0 1 0 1 0 0 0 0 0 0 1 0 0 10 0 0 0 0 0 1 0 0 1 0 0 0 0 0 0 0 0 0 0 0 0 0 10 0 0 0 0 0 0 1 0 1 0 0 1
1 0 0 0 0 0 0 1 0 0 0 0 0 0 1 0 0 0 0 0 0 0 0 0 1 0 1 0 0 0 0 0 0 0 0 0 1 1 0 0 0 0 1 1 0 0 1 1 0 1 0 0 0 0 0 0 0 0 1 0 0 0
0 1 0 0 1 0 0 0 0 0 0 1 0 1 0 0 0 0 0 0 0 0 0 0 1 0 0 10 0 1 0 0 0 0 1 0 0 0 0 0 1 0 0 1 0 0 0 0 1 1 1 0 0 0 1 0 0 0 1 0 0 0
0 0 1 0 0 0 10 0 0 0 0 0 1 0 0 1 0 0 0 1 0 1 0 0 0 0 0 0 0 0 0 0 0 0 0 0 0 0 0 1 0 1 1 1 0 1 0 0 0 0 0 1 1 1 0 0 1 1 0 0 1 0
0 0 0 0 0 10 0 0 0 1 0 0 0 1 0 0 0 0 0 0 0 0 0 0 0 0 0 0 10 0 0 0 0 0 10 0 0 0 1 0 0 0 0 1 0 0 0 0 1 0 1 0 0 10 10 0 0 0 0 0 0 0
0 0 0 0 0 0 1 0 0 0 1 0 0 0 0 0 0 0 0 0 0 0 0 0 0 0 0 0 0 0 0 0 0 0 0 0 0 0 0 0 0 0 0 0 0 0 0 0 0 0 0 0 0 0 0 0 1 0 0 0 0 0
0 0 0 1 0 0 0 0 0 1 0 1 0 0 0 0 0 1 1 0 0 0 0 0 0 0 0 0 0 0 0 0 0 0 1 0 0 0 0 0 0 0 0 1 1 0 0 1 1 0 0 1 0 0 1 0 0 0 0 0 0 0
0 0 0 0 0 0 0 1 1 0 0 0 0 0 0 1 0 0 1 1 1 0 1 1 0 0 1 1 1 0 10 0 1 0 0 0 0 1 1 0 1 10 0 0 0 1 10 0 0 1 1 0 0 0 1 0 0 1 10 0 0 0
0 0 10 0 0 0 0 0 0 0 1 0 0 0 1 0 0 0 0 1 1 1 1 1 0 0 0 1 1 0 1 0 1 0 0 0 0 1 1 1 1 10 1 0 0 1 1 0 0 0 1 1 10 1 0 0 0 1 1 0 1 0
0 0 0 1 0 0 0 1 0 0 0 0 0 0 0 0 0 1 1 0 1 0 0 10 0 0 1 0 0 0 0 1 1 1 1 10 0 0 0 0 0 0 0 0 0 0 0 0 0 1 0 0 0 0 0 0 10 0 0 0 1 1
0 0 0 10 0 0 0 0 0 0 0 0 0 1 0 0 1 0 10 0 1 0 0 0 0 0 0 0 0 0 0 1 0 1 1 0 0 0 0 0 0 0 0 0 1 0 0 1 0 0 0 1 0 0 0 0 0 0 0 0 0 0
0 0 0 1 0 0 0 0 0 0 0 0 0 1 1 0 1 10 0 1 1 0 0 0 0 0 0 0 0 0 1 1 0 1 1 0 0 0 0 0 0 1 0 0 1 1 1 1 0 0 0 1 0 0 1 0 0 1 0 0 0 0
0 0 1 0 0 0 0 0 0 0 1 0 0 0 1 1 0 0 1 0 0 1 0 0 0 0 0 0 0 0 1 0 0 0 0 0 0 0 0 1 0 10 1 0 0 10 1 0 0 0 0 1 1 1 1 0 0 10 0 0 1 0
0 1 0 0 0 0 0 0 0 0 0 0 0 0 1 1 1 1 1 0 0 0 1 1 1 0 1 1 1 0 1 1 1 10 1 0 0 1 1 0 1 1 0 0 0 0 1 0 0 0 1 0 0 0 0 0 0 0 1 0 0 1
0 0 1 0 0 0 1 0 0 0 1 0 0 0 0 1 0 0 0 1 0 0 0 0 0 0 0 0 0 0 1 0 0 0 0 0 0 0 0 1 1 1 1 0 0 1 0 0 0 0 0 1 1 1 0 0 0 10 0 1 1 0
0 0 0 0 0 0 0 0 0 0 0 0 0 0 1 1 0 0 0 0 1 0 0 1 0 0 0 1 1 0 1 0 1 0 0 0 0 1 1 0 1 1 0 0 0 0 1 0 0 0 1 0 0 0 0 0 0 0 1 0 0 0
0 0 0 1 0 0 0 1 0 0 0 0 0 0 1 1 10 0 0 0 1 0 1 0 0 0 1 1 1 0 1 0 10 0 0 10 0 1 1 0 1 1 0 0 0 0 1 0 0 1 1 0 0 0 0 0 10 0 1 0 1 1
0 10 0 0 0 0 0 0 1 1 0 0 0 0 0 0 0 0 0 0 1 0 0 0 0 0 1 1 0 0 0 0 0 1 0 0 1 1 0 0 1 0 0 0 0 0 0 0 0 1 1 0 0 0 0 0 0 0 0 0 0 1
0 0 0 0 0 0 0 0 0 0 0 0 0 0 0 0 0 0 0 0 0 0 0 0 0 0 0 0 0 0 0 0 0 0 0 0 0 0 0 0 0 0 0 0 0 0 0 0 0 0 0 0 0 0 0 0 0 0 0 0 0 0
0 1 0 1 0 0 0 10 1 0 0 0 0 0 1 0 1 0 0 0 1 0 0 1 1 0 0 0 0 0 0 0 1 1 0 1 0 0 0 0 0 0 0 0 0 0 0 0 0 10 0 0 0 0 0 0 1 0 1 0 0 10
0 1 0 0 1 0 0 0 0 10 0 0 0 0 1 1 0 0 0 0 1 0 1 1 1 0 0 0 1 1 1 0 1 0 0 0 0 1 1 0 10 1 0 0 0 0 1 0 0 1 10 0 0 0 0 0 0 0 10 0 0 0
0 0 0 0 0 10 0 0 0 0 0 10 0 0 1 1 0 0 0 0 1 0 1 1 0 0 0 1 0 0 1 0 1 0 1 0 0 1 10 0 1 1 0 0 0 0 1 0 0 0 10 0 0 10 1 0 0 0 1 0 0 0
0 0 0 0 1 0 0 0 0 1 0 0 0 0 0 0 0 0 0 0 0 0 0 0 0 0 0 1 0 0 0 0 0 0 0 0 0 0 1 0 0 0 0 0 0 0 0 1 0 0 0 0 1 0 0 1 0 0 1 0 0 0
0 0 0 0 0 0 1 0 0 0 0 0 0 0 10 1 0 0 1 1 1 1 1 1 0 0 0 1 1 0 0 0 1 0 0 0 0 1 1 0 10 10 0 0 0 1 10 0 0 0 1 0 0 0 1 0 0 10 1 1 0 0
0 0 0 0 0 0 0 0 0 0 0 0 0 0 0 0 1 1 1 0 1 0 0 0 0 0 0 0 0 0 0 0 0 1 1 0 0 0 0 0 0 0 0 0 0 0 0 0 0 0 0 0 0 0 0 1 0 0 0 0 0 0
0 0 0 1 0 0 0 1 0 0 0 0 0 0 1 1 1 0 0 0 1 0 1 10 0 0 1 1 1 0 1 0 0 0 0 1 0 1 1 0 1 1 0 0 0 0 1 0 0 1 1 0 0 0 0 0 1 0 1 0 0 1
0 1 0 0 0 0 0 0 0 0 0 0 0 0 0 0 1 1 1 0 10 0 0 0 1 0 1 0 0 0 0 1 0 0 1 0 0 0 0 0 0 0 0 0 0 0 0 0 0 0 0 0 0 0 0 0 0 0 0 0 0 1
0 0 0 0 0 1 0 0 0 1 0 10 0 1 0 0 1 1 1 0 1 0 0 0 0 0 0 0 1 0 0 1 0 1 0 0 0 0 1 0 0 0 0 1 0 0 0 0 1 0 0 0 0 1 10 0 0 0 0 0 0 0
0 0 0 1 0 0 0 1 0 0 0 0 0 0 0 0 10 0 0 0 0 0 0 10 0 0 1 0 0 0 0 0 1 0 0 0 0 0 0 0 0 0 0 0 0 0 0 0 0 1 0 0 0 0 0 0 10 0 0 0 1 1
0 0 0 0 0 0 0 0 1 0 0 0 0 0 0 0 0 0 0 0 0 0 0 0 1 0 0 0 0 0 0 0 0 0 0 0 0 1 0 0 0 0 1 0 0 0 0 0 0 0 0 0 0 0 0 0 0 0 0 0 0 0
0 0 0 0 0 0 0 0 1 0 0 0 0 0 1 1 0 0 0 0 1 0 1 1 1 0 0 1 1 0 1 0 1 0 0 0 1 0 1 0 1 1 0 0 0 0 1 0 0 0 1 0 0 0 0 0 0 0 1 0 0 0
0 0 0 0 0 1 0 0 0 0 0 1 0 0 1 1 0 0 0 0 1 0 1 1 0 0 0 1 10 1 1 0 1 0 1 0 0 1 0 0 1 1 0 0 0 0 1 1 0 0 1 0 1 1 1 0 0 0 1 0 0 0
0 0 1 0 0 0 0 0 0 0 1 0 0 0 0 1 0 0 0 1 0 1 0 0 0 0 0 0 0 0 0 0 0 0 0 0 0 0 0 0 0 1 1 0 0 1 0 0 0 0 0 1 1 1 0 0 0 1 0 0 1 0
0 1 0 0 0 0 1 0 0 1 0 0 0 0 1 1 0 0 0 0 1 1 1 1 1 0 0 10 1 0 10 0 1 0 0 0 0 1 1 0 0 1 0 0 0 0 1 0 0 1 10 0 0 0 0 0 0 1 1 1 0 0
0 0 1 0 0 0 0 0 0 0 1 0 0 0 10 10 0 0 1 10 1 1 1 1 0 0 0 1 1 0 10 0 1 0 0 0 0 1 1 1 1 0 1 0 0 10 10 0 0 0 1 1 1 1 1 0 0 10 1 0 1 0
1 0 1 0 0 0 0 0 1 0 1 0 0 0 0 1 0 0 0 1 0 1 0 0 0 0 0 0 0 0 0 0 0 0 0 0 1 0 0 1 0 1 0 1 0 1 1 1 0 0 0 1 1 1 0 0 0 1 0 0 1 0
1 0 0 0 0 0 1 0 1 1 1 1 0 1 0 0 0 0 0 0 0 0 0 0 0 0 0 0 0 0 0 0 0 0 1 0 0 0 0 0 0 0 1 0 0 0 1 1 1 0 0 0 0 0 1 0 0 0 0 0 0 0
0 0 0 1 0 0 0 0 0 0 0 0 0 1 0 0 0 1 1 0 0 0 0 0 0 0 0 0 0 0 0 0 0 0 0 0 0 0 0 0 0 0 0 0 0 0 0 1 0 0 0 1 0 0 0 0 0 0 0 0 0 0
0 0 1 0 0 0 0 0 0 0 1 0 0 0 1 1 0 0 1 10 0 1 0 0 0 0 0 0 0 0 1 0 0 0 0 0 0 0 0 1 0 10 1 0 0 0 1 0 0 0 0 1 1 1 1 0 0 10 0 0 1 0
1 0 0 0 0 0 0 0 1 0 0 0 0 0 10 1 0 0 1 1 1 0 1 1 0 0 0 1 1 0 10 0 1 0 0 0 0 1 1 0 1 10 1 1 0 1 0 1 0 0 1 0 0 0 1 0 0 1 1 0 0 0
1 0 0 1 0 0 0 0 1 0 0 0 0 1 0 0 0 1 1 0 0 0 0 0 0 0 0 0 0 1 0 0 0 0 0 0 0 0 1 0 0 0 1 1 1 0 1 0 0 0 0 1 1 0 0 0 0 0 0 0 0 0
0 0 0 0 0 0 0 0 0 1 0 1 0 1 0 0 0 0 0 0 0 0 0 0 0 0 0 0 0 0 0 0 0 0 1 0 0 0 0 0 0 0 0 1 0 0 0 0 0 0 0 0 0 0 1 0 0 0 0 0 0 0
0 1 0 1 0 0 0 10 1 1 0 0 0 0 1 0 1 0 0 0 0 0 0 1 1 0 10 1 0 0 0 0 1 0 0 1 0 0 0 0 1 0 0 0 0 0 0 0 0 0 1 0 0 0 0 0 1 0 1 0 0 1
0 1 0 0 0 1 0 0 0 1 0 1 0 0 1 1 0 0 0 0 1 0 1 1 1 0 0 10 10 0 1 0 1 0 0 0 0 1 1 0 10 1 0 0 0 0 1 0 0 1 0 0 0 1 0 0 0 0 1 0 0 0
0 0 1 1 0 0 0 0 0 0 1 0 0 1 0 1 0 1 1 1 0 1 0 0 0 0 0 0 0 0 0 0 0 0 0 0 0 0 0 1 0 1 1 0 1 1 0 1 0 0 0 0 1 1 0 0 0 1 0 0 1 0
0 0 10 0 0 0 0 0 0 0 1 0 0 0 0 10 0 0 0 1 0 1 0 0 0 0 0 0 0 1 0 0 0 0 0 0 0 0 1 1 0 1 1 0 0 1 0 1 0 0 0 1 0 1 0 0 0 1 0 0 1 0
0 0 1 0 0 10 0 0 0 0 1 10 0 0 0 1 0 0 0 1 0 1 0 0 0 0 0 0 10 0 0 0 0 0 1 0 0 0 1 1 0 1 1 0 0 1 0 0 0 0 1 1 1 0 1 0 0 1 0 0 1 0
0 0 0 0 0 1 0 0 0 1 0 10 0 1 1 0 0 0 1 1 0 0 0 0 0 0 0 0 1 0 1 0 0 0 10 0 0 0 1 0 0 1 0 1 0 1 1 0 1 0 0 0 0 1 0 0 0 1 0 0 0 0
0 0 0 0 0 0 0 0 0 0 0 0 0 0 0 0 0 0 0 0 0 0 0 0 0 0 0 0 0 1 0 1 0 0 0 0 0 0 0 0 0 0 0 0 0 0 0 0 0 0 0 0 0 0 0 0 0 0 0 0 0 0
0 0 0 1 0 0 1 1 0 0 1 0 1 0 0 0 10 0 0 0 0 0 0 10 0 0 1 0 0 0 0 0 1 0 0 10 0 0 0 0 0 0 0 0 0 0 0 0 0 1 0 0 0 0 0 0 0 0 0 0 1 1
0 0 1 0 0 0 1 0 0 0 1 0 0 0 1 1 0 0 1 10 0 10 0 0 0 0 0 0 0 0 10 0 0 0 0 0 0 0 0 1 1 10 1 0 0 10 1 0 0 0 0 1 1 1 1 0 0 0 0 1 1 0
0 0 0 0 1 0 0 1 1 1 0 0 0 0 10 1 0 0 0 0 1 0 1 1 0 0 1 10 1 1 1 0 1 0 0 0 0 1 1 0 1 1 0 0 0 0 1 0 0 1 1 0 0 0 0 0 0 0 0 0 0 0
0 0 0 0 0 0 1 0 0 0 0 0 0 0 0 0 0 0 0 0 0 1 0 0 0 0 0 0 0 0 1 0 0 0 0 0 0 0 0 0 1 0 0 0 0 0 0 0 0 0 0 0 0 0 0 0 0 1 0 0 0 0
0 0 1 0 0 0 0 0 0 0 1 0 0 0 0 1 1 0 0 1 0 1 0 1 0 0 0 0 0 0 0 0 0 0 0 1 0 0 0 1 0 1 1 0 0 1 0 0 0 0 0 1 1 1 0 0 1 1 0 0 0 0
0 1 0 1 0 0 0 1 0 0 0 0 0 0 0 0 1 0 0 0 1 0 0 1 1 0 10 0 0 0 0 0 1 1 0 1 0 0 0 0 0 0 0 0 0 0 0 0 0 1 0 0 0 0 0 0 1 0 0 0 0 0
2
4 8 3
6 5 3
4
3 3
1 4
2 4
3 6
2 2
1 4
2 6
3 7
1 4
1 4
2 6
2 6
2 6
3 4
3 4
1 1
1 4
62 30
1 0
2 1 2
2 3 4
3 5 6 7
1 8
2 9 10
3 11 12 13
2 7 14
3 0 14 15
3 1 8 16
3 3 12 13
3 9 10 16
1 13
2 5 16
3 14 17 18
3 3 4 17
3 7 19 20
3 5 6 20
3 5 18 20
3 3 18 21
3 2 17 20
2 3 11
2 17 22
3 7 17 19
3 1 2 15
1 23
3 2 7 14
3 1 8 17
3 9 10 17
3 8 24 25
3 11 17 18
2 20 26
3 7 17 27
2 2 20
3 10 16 20
3 7 19 28
2 15 29
2 15 17
3 10 17 24
1 3
3 1 11 17
3 3 17 18
3 0 3 29
3 0 12 16
1 5
2 3 18
3 0 17 18
3 0 5 24
1 16
3 1 7 14
3 1 9 17
2 3 5
3 3 4 24
3 3 9 10
3 10 16 18
2 25 26
3 7 13 19
3 3 11 18
3 8 14 17
1 11
2 3 19
2 2 7
62 120
3 0 1 2
1 3
3 4 5 6
3 7 8 9
1 10
3 11 12 13
3 14 15 16
3 17 18 19
3 20 21 22
3 23 24 25
3 26 27 28
3 24 25 29
3 27 30 31
3 23 32 33
3 23 24 34
3 35 36 37
3 38 39 40
3 41 42 43
3 11 44 45
3 23 24 34
3 46 47 48
3 46 49 50
1 51
3 4 52 53
3 1 54 55
3 4 5 52
3 36 56 57
3 58 59 60
3 17 18 19
3 61 62 63
3 64 65 66
3 67 68 69
3 70 71 72
2 73 74
2 1 75
3 76 77 78
3 64 79 80
3 81 82 83
3 11 44 45
3 84 85 86
2 87 88
3 4 5 89
3 90 91 92
2 23 93
3 94 95 96
3 17 18 97
3 27 28 98
2 99 100
3 17 18 19
3 26 27 28
3 4 5 52
2 46 101
3 4 102 103
3 73 104 105
3 15 16 106
3 1 107 108
2 109 110
3 39 109 111
3 112 113 114
3 115 116 117
3 64 118 119
3 4 102 103
