17
0 0 0 0 0 1 0 0 0 0 0 0 1 0 1 0 1
0 0 1 1 0 0 0 0 0 0 0 0 1 1 0 0 0
0 1 0 1 1 1 0 0 0 0 0 0 0 0 0 1 0
0 1 1 0 1 0 0 0 0 0 0 0 0 0 0 0 0
0 0 1 1 0 1 0 0 0 0 0 0 0 0 0 1 0
1 0 1 0 1 0 0 0 0 0 0 0 1 0 1 1 1
0 0 0 0 0 0 0 1 10 10 0 1 0 1 0 0 0
0 0 0 0 0 0 1 0 0 1 0 0 0 0 0 0 0
0 0 0 0 0 0 10 0 0 1 0 1 0 1 0 0 0
0 0 0 0 0 0 10 1 1 0 0 1 0 1 0 0 0
0 0 0 0 0 0 0 0 0 0 0 0 0 0 10 0 1
0 0 0 0 0 0 1 0 1 1 0 0 0 1 0 0 0
1 1 0 0 0 1 0 0 0 0 0 0 0 1 1 0 1
0 1 0 0 0 0 1 0 1 1 0 1 1 0 0 0 0
1 0 0 0 0 1 0 0 0 0 10 0 1 0 0 0 10
0 0 1 0 1 1 0 0 0 0 0 0 0 0 0 0 1
1 0 0 0 0 1 0 0 0 0 1 0 1 0 10 1 0
3
4 2 3
6 1 3
3 1 3
2
2 2
1 4
2 6
2 2
1 4
2 3
17 21
3 1 2 0
3 3 4 5
3 4 6 7
2 4 8
2 7 8
3 0 7 9
3 10 11 12
3 12 13 14
2 10 11
3 10 12 15
2 16 17
2 10 18
2 0 3
2 3 10
3 0 16 17
3 7 19 20
3 0 16 19
17 43
2 0 1
2 2 3
3 4 5 6
2 7 8
3 0 9 10
3 11 12 13
3 7 8 14
3 15 16 17
3 18 19 20
3 21 22 23
3 24 25 26
3 27 28 29
3 30 31 32
3 33 34 35
3 15 36 37
2 38 39
3 40 41 42
