34
0 0 0 1 0 1 0 1 0 0 0 1 0 0 0 0 0 1 0 1 0 0 0 0 0 1 0 1 0 0 0 1 1 1
0 0 1 1 0 0 1 1 1 1 1 0 1 10 0 0 0 0 1 0 0 1 0 0 0 0 0 0 0 0 0 0 0 0
0 1 0 0 0 1 0 0 0 1 0 0 1 1 0 0 1 0 1 0 10 1 0 1 0 1 0 0 10 1 0 1 1 0
1 1 0 0 1 1 1 1 1 0 1 0 0 1 1 0 0 1 0 0 0 0 0 1 1 0 1 0 0 0 1 0 1 1
0 0 0 1 0 0 0 0 0 0 1 0 0 0 1 0 1 1 0 1 0 0 0 10 10 0 10 0 1 1 1 1 0 10
1 0 1 1 0 0 1 1 1 0 0 0 0 1 1 0 10 1 0 0 10 0 1 0 0 1 0 1 1 1 0 0 1 0
0 1 0 1 0 1 0 10 100 0 1 0 1 10 1 1 1 0 1 0 1 1 1 0 1 0 1 1 0 0 0 0 0 0
1 1 0 1 0 1 10 0 10 0 1 1 0 10 1 0 1 0 0 1 1 0 1 0 0 1 0 10 0 0 0 1 0 1
0 1 0 1 0 1 100 10 0 0 1 0 1 10 1 1 1 0 1 0 1 1 1 0 1 0 1 1 0 0 0 0 0 0
0 1 1 0 0 0 0 0 0 0 0 0 1 1 0 0 0 0 1 0 0 1 0 0 0 0 0 0 0 0 0 0 0 0
0 1 0 1 1 0 1 1 1 0 0 0 0 1 0 0 0 0 0 0 0 0 0 0 0 0 1 0 0 0 0 0 0 0
1 0 0 0 0 0 0 1 0 0 0 0 0 0 0 0 0 0 0 1 0 1 0 0 0 10 0 1 0 1 0 1 0 1
0 1 1 0 0 0 1 0 1 1 0 0 0 1 0 1 0 0 10 0 0 10 0 0 1 0 1 0 0 0 0 0 0 0
0 10 1 1 0 1 10 10 10 1 1 0 1 0 1 0 1 0 1 0 1 1 1 0 0 0 0 1 0 0 0 0 0 0
0 0 0 1 1 1 1 1 1 0 0 0 0 1 0 0 1 0 0 0 1 0 1 1 1 0 1 1 0 0 1 0 0 1
0 0 0 0 0 0 1 0 1 0 0 0 1 0 0 0 0 0 1 0 0 1 0 0 1 0 1 0 0 0 0 0 0 0
0 0 1 0 1 10 1 1 1 0 0 0 0 1 1 0 0 1 0 1 10 0 1 1 1 1 0 1 10 10 0 1 0 1
1 0 0 1 1 1 0 0 0 0 0 0 0 0 0 0 1 0 0 1 0 0 0 1 1 0 0 0 1 1 0 1 1 1
0 1 1 0 0 0 1 0 1 1 0 0 10 1 0 1 0 0 0 0 0 10 0 0 1 0 1 0 0 0 0 0 0 0
1 0 0 0 1 0 0 1 0 0 0 1 0 0 0 0 1 1 0 0 0 0 0 1 1 1 0 1 1 1 0 10 0 10
0 0 10 0 0 10 1 1 1 0 0 0 0 1 1 0 10 0 0 0 0 0 1 1 0 1 0 1 10 1 0 1 1 0
0 1 1 0 0 0 1 0 1 1 0 1 10 1 0 1 0 0 10 0 0 0 0 0 1 1 1 0 0 1 0 0 0 0
0 0 0 0 0 1 1 1 1 0 0 0 0 1 1 0 1 0 0 0 1 0 0 0 0 0 0 1 0 0 0 0 0 0
0 0 1 1 10 0 0 0 0 0 0 0 0 0 1 0 1 1 0 1 1 0 0 0 10 0 1 0 10 1 1 10 1 10
0 0 0 1 10 0 1 0 1 0 0 0 1 0 1 1 1 1 1 1 0 1 0 10 0 0 10 0 1 1 1 1 0 10
1 0 1 0 0 1 0 1 0 0 0 10 0 0 0 0 1 0 0 1 1 1 0 0 0 0 0 1 1 10 0 1 0 1
0 0 0 1 10 0 1 0 1 0 1 0 1 0 1 1 0 0 1 0 0 1 0 1 10 0 0 0 0 0 1 0 0 1
1 0 0 0 0 1 1 10 1 0 0 1 0 1 1 0 1 0 0 1 1 0 1 0 0 1 0 0 0 0 0 1 0 1
0 0 10 0 1 1 0 0 0 0 0 0 0 0 0 0 10 1 0 1 10 0 0 10 1 1 0 0 0 10 0 10 1 1
0 0 1 0 1 1 0 0 0 0 0 1 0 0 0 0 10 1 0 1 1 1 0 1 1 10 0 0 10 0 0 1 0 1
0 0 0 1 1 0 0 0 0 0 0 0 0 0 1 0 0 0 0 0 0 0 0 1 1 0 1 0 0 0 0 0 0 1
1 0 1 0 1 0 0 1 0 0 0 1 0 0 0 0 1 1 0 10 1 0 0 10 1 1 0 1 10 1 0 0 1 10
1 0 1 1 0 1 0 0 0 0 0 0 0 0 0 0 0 1 0 0 1 0 0 1 0 0 0 0 1 0 0 1 0 0
1 0 0 1 10 0 0 1 0 0 0 1 0 0 1 0 1 1 0 10 0 0 0 10 10 1 1 1 1 1 1 10 0 0
4
3 3 3
4 2 3
5 1 3
6 2 3
2
4 4 
1 3
2 3
3 5
4 3
2 4 
1 4
1 4
2 6
2 6
34 12
2 2 5
2 1 8
3 11 7 8
3 1 5 6
3 0 10 6
3 3 5 7
3 1 3 4
3 1 2 3
3 1 3 4
1 8
2 1 10
2 2 9
2 4 8
3 1 3 8
2 3 6
1 4
3 0 3 7
2 0 5
2 4 8
2 0 2
3 11 3 7
3 4 8 9
1 3
3 0 11 6
3 0 4 6
3 2 7 9
3 10 4 6
2 2 3
3 0 11 7
3 0 7 9
1 6
3 0 11 2
2 11 5
3 0 2 6
34 32
1 0
1 1
1 2
1 3
1 4
1 5
1 6
1 7
1 8
1 9
1 10
1 11
1 12
1 13
1 14
1 1
1 15
1 16
1 17
1 18
1 19
1 20
1 21
1 22
1 23
1 24
1 25
1 22
1 26
1 27
1 28
1 29
1 30
1 31
