29
0 0 1 10 1 0 1 0 10 0 1 0 0 0 0 0 1 10 0 0 1 0 0 1 0 1 1 0 1
0 0 0 0 0 0 0 0 0 1 0 0 0 0 0 0 0 0 1 0 0 0 1 0 0 0 0 0 0
1 0 0 1 0 0 1 0 1 0 1 0 0 0 0 0 1 1 0 0 1 0 0 0 0 0 0 0 1
10 0 1 0 0 0 1 0 10 0 1 0 0 0 0 0 10 10 0 1 10 0 0 0 0 1 1 0 1
1 0 0 0 0 0 0 1 0 0 0 0 0 0 1 0 0 0 0 0 0 1 0 1 0 0 0 0 0
0 0 0 0 0 0 0 0 0 0 0 0 0 0 0 0 0 1 0 0 0 0 0 0 0 0 0 0 0
1 0 1 1 0 0 0 0 1 0 10 1 0 0 0 0 1 1 0 0 1 0 0 0 0 0 0 0 1
0 0 0 0 1 0 0 0 0 0 0 0 0 0 1 0 0 0 0 0 0 1 0 0 0 0 0 0 0
10 0 1 10 0 0 1 0 0 0 1 0 0 0 0 0 1 10 0 0 1 0 0 0 0 1 1 0 1
0 1 0 0 0 0 0 0 0 0 0 0 0 0 0 0 0 0 1 0 0 0 10 1 0 0 0 0 0
1 0 1 1 0 0 10 0 1 0 0 1 0 1 0 0 10 1 0 0 10 0 0 0 0 0 0 1 10
0 0 0 0 0 0 1 0 0 0 1 0 0 0 0 0 0 0 0 0 0 0 0 0 0 0 0 0 0
0 0 0 0 0 0 0 0 0 0 0 0 0 0 0 0 0 0 0 0 0 0 0 0 0 0 1 0 0
0 0 0 0 0 0 0 0 0 0 1 0 0 0 0 0 1 0 0 0 1 0 0 0 0 0 0 1 1
0 0 0 0 1 0 0 1 0 0 0 0 0 0 0 0 0 0 0 0 0 1 0 0 0 0 0 0 0
0 0 0 0 0 0 0 0 0 0 0 0 0 0 0 0 0 0 0 0 0 0 0 0 0 1 0 0 1
1 0 1 10 0 0 1 0 1 0 10 0 0 1 0 0 0 1 0 1 100 0 0 0 0 0 0 1 10
10 0 1 10 0 1 1 0 10 0 1 0 0 0 0 0 1 0 0 0 1 0 0 0 0 1 1 0 1
0 1 0 0 0 0 0 0 0 1 0 0 0 0 0 0 0 0 0 0 0 0 1 0 0 0 0 0 0
0 0 0 1 0 0 0 0 0 0 0 0 0 0 0 0 1 0 0 0 1 0 0 0 1 0 0 0 0
1 0 1 10 0 0 1 0 1 0 10 0 0 1 0 0 100 1 0 1 0 0 0 0 0 0 0 1 10
0 0 0 0 1 0 0 1 0 0 0 0 0 0 1 0 0 0 0 0 0 0 0 0 0 0 0 0 0
0 1 0 0 0 0 0 0 0 10 0 0 0 0 0 0 0 0 1 0 0 0 0 1 0 0 0 0 0
1 0 0 0 1 0 0 0 0 1 0 0 0 0 0 0 0 0 0 0 0 0 1 0 0 0 0 0 0
0 0 0 0 0 0 0 0 0 0 0 0 0 0 0 0 0 0 0 1 0 0 0 0 0 0 0 0 0
1 0 0 1 0 0 0 0 1 0 0 0 0 0 0 1 0 1 0 0 0 0 0 0 0 0 1 0 1
1 0 0 1 0 0 0 0 1 0 0 0 1 0 0 0 0 1 0 0 0 0 0 0 0 1 0 0 0
0 0 0 0 0 0 0 0 0 0 1 0 0 1 0 0 1 0 0 0 1 0 0 0 0 0 0 0 1
1 0 1 1 0 0 1 0 1 0 10 0 0 1 0 1 10 1 0 0 10 0 0 0 0 1 0 1 0
2
3 8 3
5 1 3
2
4 6
1 3
2 5
3 3
3 3
4 3
4 3
3 3
1 3
2 3
3 3
29 17
3 0 1 2
1 3
1 1
3 1 2 4
2 0 5
1 6
2 1 7
1 5
2 1 2
2 3 8
3 1 7 9
1 7
1 10
1 9
1 5
1 11
3 1 4 9
3 1 2 6
1 3
2 4 12
3 1 4 9
1 5
2 3 8
3 0 8 13
2 12 14
2 2 11
3 2 10 15
2 9 16
3 1 9 11
29 74
5 0 1 2 3 4
3 5 6 7
2 8 9
3 10 11 12
2 13 14
3 15 16 17
2 18 19
2 20 21
5 22 23 24 25 26
3 27 28 29
4 30 31 32 33
2 34 35
3 36 37 38
2 39 40
1 41
4 42 43 44 45
4 46 47 48 49
3 42 50 51
3 52 53 54
2 55 56
3 42 57 58
3 59 60 61
3 62 63 64
1 22
2 65 66
3 67 68 69
2 70 71
2 23 72
1 73
