36
0 0 0 0 1 0 0 1 10 0 1 0 0 0 1 1 0 10 0 0 0 0 0 0 0 0 0 0 1 1 0 0 0 0 1 1
0 0 0 1 1 0 0 10 0 1 1 1 10 1 0 0 10 0 0 0 10 0 1 0 1 1 0 1 1 0 0 0 10 1 1 1
0 0 0 0 0 0 0 0 0 0 0 0 0 0 0 1 0 0 0 0 0 1 0 1 0 1 1 0 0 0 0 0 0 0 0 1
0 1 0 0 0 0 1 0 0 10 0 0 1 0 0 1 10 1 1 10 1 0 0 1 10 1 1 0 0 0 1 1 1 1 0 0
1 1 0 0 0 0 0 1 1 0 1 1 0 1 0 0 0 1 0 0 0 0 1 0 0 1 0 1 1 0 0 0 1 0 1 0
0 0 0 0 0 0 0 0 0 1 1 0 1 0 1 0 0 0 1 1 1 0 0 0 1 0 0 1 0 0 0 0 0 0 0 0
0 0 0 1 0 0 0 0 0 1 0 0 0 0 1 1 0 0 1 1 0 0 1 10 0 1 1 0 1 0 1 10 1 1 0 0
1 10 0 0 1 0 0 0 0 0 10 1 1 1 1 0 1 0 0 0 1 0 1 0 0 1 0 1 1 0 0 0 1 1 10 10
10 0 0 0 1 0 0 0 0 0 0 0 0 1 0 1 0 10 0 0 0 0 0 0 0 0 0 0 1 10 0 0 0 0 0 0
0 1 0 10 0 1 1 0 0 0 1 0 10 0 0 1 1 0 10 1 1 0 0 1 10 1 1 1 0 0 1 1 1 0 0 0
1 1 0 0 1 1 0 10 0 1 0 1 1 1 1 0 0 0 1 0 0 0 1 0 1 1 0 10 1 0 0 0 1 0 10 1
0 1 0 0 1 0 0 1 0 0 1 0 0 1 0 0 0 0 0 0 0 0 1 0 0 1 0 1 1 0 0 0 1 0 1 0
0 10 0 1 0 1 0 1 0 10 1 0 0 0 0 0 10 0 1 0 10 0 0 0 10 0 0 1 0 0 0 0 1 1 0 1
0 1 0 0 1 0 0 1 1 0 1 1 0 0 0 0 0 0 0 0 0 0 1 0 0 1 0 1 1 1 0 0 1 0 1 0
1 0 0 0 0 1 1 1 0 0 1 0 0 0 0 0 0 0 0 1 1 0 1 1 0 0 0 0 1 0 0 1 1 1 1 1
1 0 1 1 0 0 1 0 1 1 0 0 0 0 0 0 0 1 1 1 0 1 0 10 0 10 10 0 1 1 1 1 0 0 0 1
0 10 0 10 0 0 0 1 0 1 0 0 10 0 0 0 0 1 0 1 10 0 0 0 10 0 0 0 0 0 0 0 1 10 0 1
10 0 0 1 1 0 0 0 10 0 0 0 0 0 0 1 1 0 0 1 0 0 0 0 1 0 0 0 1 1 0 0 0 1 0 0
0 0 0 1 0 1 1 0 0 10 1 0 1 0 0 1 0 0 0 1 0 0 0 1 1 1 1 1 0 0 1 1 0 0 0 0
0 0 0 10 0 1 1 0 0 1 0 0 0 0 1 1 1 1 1 0 1 0 0 1 1 1 1 0 0 0 1 1 0 1 0 0
0 10 0 1 0 1 0 1 0 1 0 0 10 0 1 0 10 0 0 1 0 0 0 0 1 0 0 0 0 0 0 0 1 1 0 1
0 0 1 0 0 0 0 0 0 0 0 0 0 0 0 1 0 0 0 0 0 0 0 1 0 1 1 0 0 0 0 0 0 0 0 1
0 1 0 0 1 0 1 1 0 0 1 1 0 1 1 0 0 0 0 0 0 0 0 1 0 1 0 1 10 0 0 1 10 1 1 0
0 0 1 1 0 0 10 0 0 1 0 0 0 0 1 10 0 0 1 1 0 1 1 0 0 10 10 0 1 0 1 10 1 1 0 1
0 1 0 10 0 1 0 0 0 10 1 0 10 0 0 0 10 1 1 1 1 0 0 0 0 0 0 1 0 0 0 0 1 1 0 0
0 1 1 1 1 0 1 1 0 1 1 1 0 1 0 10 0 0 1 1 0 1 1 10 0 0 10 1 1 0 1 1 1 0 1 1
0 0 1 1 0 0 1 0 0 1 0 0 0 0 0 10 0 0 1 1 0 1 0 10 0 10 0 0 0 0 1 1 0 0 0 1
0 1 0 0 1 1 0 1 0 1 10 1 1 1 0 0 0 0 1 0 0 0 1 0 1 1 0 0 1 0 0 0 1 0 1 0
1 1 0 0 1 0 1 1 1 0 1 1 0 1 1 1 0 1 0 0 0 0 10 1 0 1 0 1 0 1 0 1 10 1 1 0
1 0 0 0 0 0 0 0 10 0 0 0 0 1 0 1 0 1 0 0 0 0 0 0 0 0 0 0 1 0 0 0 0 0 0 0
0 0 0 1 0 0 1 0 0 1 0 0 0 0 0 1 0 0 1 1 0 0 0 1 0 1 1 0 0 0 0 1 0 0 0 0
0 0 0 1 0 0 10 0 0 1 0 0 0 0 1 1 0 0 1 1 0 0 1 10 0 1 1 0 1 0 1 0 1 1 0 0
0 10 0 1 1 0 1 1 0 1 1 1 1 1 1 0 1 0 0 0 1 0 10 1 1 1 0 1 10 0 0 1 0 1 1 0
0 1 0 1 0 0 1 1 0 0 0 0 1 0 1 0 10 1 0 1 1 0 1 1 1 0 0 0 1 0 0 1 1 0 0 1
1 1 0 0 1 0 0 10 0 0 10 1 0 1 1 0 0 0 0 0 0 0 1 0 0 1 0 1 1 0 0 0 1 0 0 1
1 1 1 0 0 0 0 10 0 0 1 0 1 0 1 1 1 0 0 0 1 1 0 1 0 1 1 0 0 0 0 0 0 1 1 0
4
2 3 2
3 4 3
4 3 3
6 1 3
4
4 4 
1 2
2 3
3 4
4 2
1 2 
1 3
1 2
3 4 
1 3
1 4
2 6
3 3
1 1 
1 4
36 13
3 0 12 6
3 10 5 9
1 7
3 1 3 5
2 6 9
2 11 8
2 3 4
3 10 12 9
3 0 2 6
3 3 5 8
3 12 8 9
1 9
3 10 5 8
2 2 9
3 11 12 4
3 0 3 7
3 1 10 5
3 0 1 6
2 3 8
3 1 11 3
3 10 11 5
1 7
2 4 9
3 3 4 7
3 1 5 8
3 3 7 9
2 3 7
2 8 9
3 0 4 9
2 0 2
1 3
2 3 4
3 4 5 9
3 1 10 4
2 12 9
3 10 12 7
36 108
4 37 38 70 78
3 66 80 94
2 67 85
3 30 63 76
3 13 16 89
4 23 60 65 79
3 25 28 91
5 29 42 46 56 93
2 15 72
2 34 69
4 12 57 59 9
2 44 85
4 18 20 31 86
4 53 83 89 90
4 51 75 81 92
5 2 58 64 75 89
8 27 48 49 62 73 84 87 88
4 36 55 68 91
4 17 33 74 92
3 0 4 93
4 7 71 82 87
4 61 77 8 86
1 50
5 22 26 35 92 94
5 1 52 6 83 93
3 10 74 93
6 39 45 78 88 90 91
3 14 19 41
6 32 47 5 54 82 90
4 24 84 86 94
4 21 76 77 79
5 11 40 43 80 81
5 3 87 88 94 95
4 96 97 98 99
4 100 101 102 103
4 104 105 106 107
