22
0 10 1 0 1 10 0 1 0 0 1 1 10 10 1 0 0 1 0 1 1 0
10 0 1 1 1 10 0 0 1 1 10 1 10 1 10 1 1 0 0 0 0 0
1 1 0 1 0 1 0 1 0 0 1 1 1 1 0 1 0 0 1 0 0 1
0 1 1 0 1 0 0 1 1 1 1 1 0 0 10 10 10 1 10 0 0 10
1 1 0 1 0 0 0 1 1 1 1 0 0 1 1 1 1 1 0 1 1 0
10 10 1 0 0 0 1 0 1 1 1 1 10 1 1 0 0 1 1 0 1 1
0 0 0 0 0 1 0 0 1 1 0 0 0 0 0 0 0 1 1 0 1 1
1 0 1 1 1 0 0 0 1 0 1 10 1 10 0 10 1 1 1 1 10 1
0 1 0 1 1 1 1 1 0 10 10 1 1 1 1 10 10 1 1 0 10 1
0 1 0 1 1 1 1 0 10 0 1 0 0 0 1 1 1 1 1 0 1 1
1 10 1 1 1 1 0 1 10 1 0 1 10 10 1 10 10 0 0 0 1 0
1 1 1 1 0 1 0 10 1 0 1 0 10 1 1 10 1 0 1 0 1 1
10 10 1 0 0 10 0 1 1 0 10 10 0 10 1 1 1 0 0 0 1 0
10 1 1 0 1 1 0 10 1 0 10 1 10 0 0 1 1 1 0 1 10 0
1 10 0 10 1 1 0 0 1 1 1 1 1 0 0 1 10 1 1 0 0 1
0 1 1 10 1 0 0 10 10 1 10 10 1 1 1 0 10 0 1 0 1 1
0 1 0 10 1 0 0 1 10 1 10 1 1 1 10 10 0 1 1 0 1 1
1 0 0 1 1 1 1 1 1 1 0 0 0 1 1 0 1 0 10 1 10 10
0 0 1 10 0 1 1 1 1 1 0 1 0 0 1 1 1 10 0 0 1 100
1 0 0 0 1 0 0 1 0 0 0 0 0 1 0 0 0 1 0 0 1 0
1 0 0 0 1 1 1 10 10 1 1 1 1 10 0 1 1 10 1 1 0 1
0 0 1 10 0 1 1 1 1 1 0 1 0 0 1 1 1 10 100 0 1 0
3
3 2 3
4 1 3
6 2 3
4
1 1 
1 4
1 1 
1 6
1 2 
1 3
1 3
1 1 
1 6
22 8
3 0 4 5
3 0 3 5
2 1 5
3 1 3 6
2 3 4
3 0 5 7
1 7
3 1 2 4
3 2 3 7
2 3 7
3 2 3 5
3 0 1 2
3 0 2 5
3 2 4 5
3 0 3 6
3 1 2 3
3 2 3 6
3 4 6 7
3 1 6 7
1 4
3 2 4 7
3 1 6 7
22 70
3 3 52 56
3 1 34 48
4 22 28 29 35
8 13 21 32 4 49 51 55 56
3 18 25 37
4 0 46 54 7
2 16 44
6 42 43 46 53 57 9
4 20 39 57 8
6 12 14 23 40 53 54
2 2 57
2 15 51
7 30 36 47 49 54 55 6
4 24 26 48 52
4 17 27 47 53
4 33 38 45 50
5 11 19 31 50 57
2 41 5
4 10 55 56 58
5 59 60 61 62 63
4 64 65 66 67
2 68 69
