57
0 1 0 0 0 0 0 1 10 0 0 0 1 0 0 0 0 0 0 0 1 0 0 0 1 0 0 0 0 0 0 0 0 0 0 1 1 1 0 0 1 0 0 0 0 1 0 0 1 0 0 0 0 0 0 1 0
1 0 0 1 0 0 0 0 1 1 0 0 1 0 0 0 0 1 0 0 0 0 0 0 1 0 0 0 0 0 0 0 0 0 1 1 1 0 0 1 0 1 1 0 1 0 0 0 0 0 0 0 1 0 1 1 1
0 0 0 0 0 1 0 1 0 1 1 0 1 0 0 0 0 1 0 0 1 0 10 0 0 1 1 1 0 1 0 0 0 0 0 0 0 1 0 0 1 0 0 1 0 0 1 0 0 0 0 10 0 1 0 0 0
0 1 0 0 0 0 0 0 0 1 0 0 0 0 0 0 0 1 0 0 0 0 0 0 1 0 0 0 0 0 0 0 0 0 1 0 0 0 0 0 0 0 0 0 0 0 0 0 0 0 0 0 0 0 0 0 0
0 0 0 0 0 0 0 0 1 0 0 1 0 1 0 0 0 0 0 0 0 0 0 0 0 0 0 0 0 0 1 0 0 1 0 0 0 0 0 0 0 0 0 1 0 0 0 0 0 0 0 0 0 0 0 0 0
0 0 1 0 0 0 1 0 0 10 0 1 1 1 0 0 1 0 0 0 0 1 0 1 0 0 1 0 0 1 0 0 0 0 1 1 0 1 1 0 1 10 0 0 0 0 1 0 0 1 1 1 0 0 0 0 1
0 0 0 0 0 1 0 0 0 1 0 1 0 10 0 0 1 0 0 0 0 10 0 1 0 0 1 0 0 0 0 0 0 1 0 1 0 0 0 1 0 1 0 0 1 0 0 1 0 0 1 0 0 1 0 0 1
1 0 1 0 0 0 0 0 1 0 0 0 0 0 0 0 0 0 1 0 10 0 1 0 1 1 10 0 1 0 1 0 0 0 1 0 0 1 1 1 1 0 0 1 1 1 0 1 1 0 0 1 0 0 1 0 0
10 1 0 0 1 0 0 1 0 0 0 1 1 1 0 0 0 0 0 0 1 0 0 0 1 0 0 0 0 0 1 0 0 1 0 1 1 1 0 0 1 0 0 1 0 1 0 0 1 0 0 0 0 0 0 1 0
0 1 1 1 0 10 1 0 0 0 0 1 1 1 0 0 1 1 0 0 0 1 0 1 1 0 1 0 0 1 0 0 0 0 1 1 0 1 0 0 1 1 0 0 0 0 1 0 0 0 1 1 0 0 0 0 1
0 0 1 0 0 0 0 0 0 0 0 0 0 0 0 0 0 1 0 0 0 0 1 1 0 0 0 1 0 0 0 0 0 0 0 0 0 0 0 0 0 0 1 0 0 0 0 0 0 0 0 1 0 1 0 1 0
0 0 0 0 1 1 1 0 1 1 0 0 1 10 0 1 1 0 0 1 0 1 0 1 0 0 1 0 0 0 1 0 0 1 0 1 0 0 0 0 0 1 0 10 0 1 0 0 0 1 1 0 0 0 0 0 1
1 1 1 0 0 1 0 0 1 1 0 1 0 0 0 1 0 0 0 1 0 0 0 0 0 0 0 0 0 1 0 0 0 0 0 1 1 1 0 0 1 0 0 1 0 1 1 0 0 1 0 1 0 0 0 1 0
0 0 0 0 1 1 10 0 1 1 0 10 0 0 0 0 1 0 0 0 0 10 0 1 0 0 1 0 0 0 1 0 0 10 0 1 0 0 0 1 0 1 0 1 1 0 0 1 0 0 1 0 0 1 0 0 1
0 0 0 0 0 0 0 0 0 0 0 0 0 0 0 0 0 0 0 1 0 0 0 0 0 0 0 0 0 0 1 0 1 0 0 0 0 0 0 0 0 0 0 0 0 1 0 0 1 0 0 0 0 0 0 0 0
0 0 0 0 0 0 0 0 0 0 0 1 1 0 0 0 0 0 0 10 0 0 0 0 0 0 0 1 0 0 0 0 0 0 0 1 0 0 0 0 0 0 0 1 0 1 0 0 0 1 0 0 0 0 0 0 0
0 0 0 0 0 1 1 0 0 1 0 1 0 1 0 0 0 0 0 0 0 1 0 1 0 0 1 0 0 0 0 0 0 0 0 1 0 0 0 0 0 1 0 0 0 0 0 0 0 0 1 0 0 0 0 0 1
0 1 1 1 0 0 0 0 0 1 1 0 0 0 0 0 0 0 0 0 0 0 1 0 1 0 0 1 0 0 0 0 0 0 1 0 0 0 0 0 0 0 0 0 0 0 0 0 0 0 0 1 0 1 0 0 0
0 0 0 0 0 0 0 1 0 0 0 0 0 0 0 0 0 0 0 0 0 0 1 0 0 0 1 0 1 1 1 0 1 1 1 0 0 0 1 1 0 0 1 0 1 0 0 1 0 0 0 1 1 0 1 1 0
0 0 0 0 0 0 0 0 0 0 0 1 1 0 1 10 0 0 0 0 0 0 0 0 0 0 0 1 0 0 1 0 1 0 0 1 0 0 0 0 0 0 0 1 0 10 0 0 1 1 0 0 0 0 0 0 0
1 0 1 0 0 0 0 10 1 0 0 0 0 0 0 0 0 0 0 0 0 0 1 1 1 1 1 0 0 0 0 1 0 0 0 0 0 1 0 0 1 0 0 1 0 1 0 0 1 1 0 0 0 0 0 0 0
0 0 0 0 0 1 10 0 0 1 0 1 0 10 0 0 1 0 0 0 0 0 0 1 0 0 1 0 0 0 0 0 0 1 0 1 0 0 0 1 0 1 0 0 1 0 0 1 0 0 1 0 0 1 0 0 1
0 0 10 0 0 0 0 1 0 0 1 0 0 0 0 0 0 1 1 0 1 0 0 0 0 1 1 1 0 1 0 0 1 1 0 0 0 0 0 0 0 0 1 1 0 0 0 0 0 0 0 1 1 1 0 1 0
0 0 0 0 0 1 1 0 0 1 1 1 0 1 0 0 1 0 0 0 1 1 0 0 0 0 1 0 0 0 0 1 0 0 0 1 0 0 0 0 0 1 1 0 0 0 0 0 0 1 1 0 0 0 0 1 1
1 1 0 1 0 0 0 1 1 1 0 0 0 0 0 0 0 1 0 0 1 0 0 0 0 1 0 0 0 0 0 0 1 0 1 0 1 1 0 0 1 0 0 0 0 1 1 0 10 0 0 0 0 0 0 0 0
0 0 1 0 0 0 0 1 0 0 0 0 0 0 0 0 0 0 0 0 1 0 1 0 1 0 1 0 0 0 0 0 1 0 0 0 1 0 0 0 0 0 0 1 0 0 1 0 1 0 0 0 0 0 0 0 0
0 0 1 0 0 1 1 10 0 1 0 1 0 1 0 0 1 0 1 0 1 1 1 1 0 1 0 0 1 0 1 0 0 0 1 1 0 0 1 1 0 1 0 1 1 0 0 1 0 0 1 1 0 0 1 0 1
0 0 1 0 0 0 0 0 0 0 1 0 0 0 0 1 0 1 0 1 0 0 1 0 0 0 0 0 0 0 0 0 0 0 0 1 0 0 0 0 0 0 0 0 0 0 0 0 0 0 0 1 0 1 0 0 0
0 0 0 0 0 0 0 1 0 0 0 0 0 0 0 0 0 0 1 0 0 0 0 0 0 0 1 0 0 0 1 0 0 0 1 0 0 1 1 1 0 0 0 0 1 0 0 1 0 0 0 1 1 0 10 0 0
0 0 1 0 0 1 0 0 0 1 0 0 1 0 0 0 0 0 1 0 0 0 1 0 0 0 0 0 0 0 0 0 1 1 0 0 0 1 0 0 1 0 1 0 0 0 1 0 0 0 0 1 1 0 0 1 0
0 0 0 0 1 0 0 1 1 0 0 1 0 1 1 0 0 0 1 1 0 0 0 0 0 0 1 0 1 0 0 0 1 1 1 0 0 0 1 1 0 0 0 1 1 1 0 1 1 0 0 1 0 0 1 0 0
0 0 0 0 0 0 0 0 0 0 0 0 0 0 0 0 0 0 0 0 1 0 0 1 0 0 0 0 0 0 0 0 0 0 0 0 0 0 0 0 0 0 0 0 0 0 0 0 0 1 0 0 0 0 0 0 0
0 0 0 0 0 0 0 0 0 0 0 0 0 0 1 0 0 0 1 1 0 0 1 0 1 1 0 0 0 1 1 0 0 1 0 0 1 0 0 0 0 0 1 0 0 1 1 0 10 0 0 0 1 0 0 1 0
0 0 0 0 1 0 1 0 1 0 0 1 0 10 0 0 0 0 1 0 0 1 1 0 0 0 0 0 0 1 1 0 1 0 0 0 0 0 0 1 0 0 1 1 1 0 0 1 0 0 0 0 1 1 0 1 0
0 1 0 1 0 1 0 1 0 1 0 0 0 0 0 0 0 1 1 0 0 0 0 0 1 0 1 0 1 0 1 0 0 0 0 0 0 0 10 1 0 1 0 0 1 0 0 1 0 1 0 1 0 0 1 0 0
1 1 0 0 0 1 1 0 1 1 0 1 1 1 0 1 1 0 0 1 0 1 0 1 0 0 1 1 0 0 0 0 0 0 0 0 1 0 0 0 0 1 0 0 0 0 0 0 0 0 1 0 0 0 0 1 1
1 1 0 0 0 0 0 0 1 0 0 0 1 0 0 0 0 0 0 0 0 0 0 0 1 1 0 0 0 0 0 0 1 0 0 1 0 0 0 0 0 0 0 0 0 0 1 0 1 0 0 0 0 0 0 1 0
1 0 1 0 0 1 0 1 1 1 0 0 1 0 0 0 0 0 0 0 1 0 0 0 1 0 0 0 1 1 0 0 0 0 0 0 0 0 0 0 10 0 0 0 0 1 1 0 1 0 0 1 1 0 1 0 0
0 0 0 0 0 1 0 1 0 0 0 0 0 0 0 0 0 0 1 0 0 0 0 0 0 0 1 0 1 0 1 0 0 0 10 0 0 0 0 1 0 1 0 0 1 0 0 1 0 1 0 1 0 0 1 0 0
0 1 0 0 0 0 1 1 0 0 0 0 0 1 0 0 0 0 1 0 0 1 0 0 0 0 1 0 1 0 1 0 0 1 1 0 0 0 1 0 0 1 1 0 100 0 0 10 0 0 0 1 1 1 10 0 1
1 0 1 0 0 1 0 1 1 1 0 0 1 0 0 0 0 0 0 0 1 0 0 0 1 0 0 0 0 1 0 0 0 0 0 0 0 10 0 0 0 0 0 0 0 1 1 0 1 0 0 1 0 0 0 0 0
0 1 0 0 0 10 1 0 0 1 0 1 0 1 0 0 1 0 0 0 0 1 0 1 0 0 1 0 0 0 0 0 0 0 1 1 0 0 1 1 0 0 1 0 1 0 0 0 0 1 1 0 1 0 1 0 10
0 1 0 0 0 0 0 0 0 0 1 0 0 0 0 0 0 0 1 0 0 0 1 1 0 0 0 0 0 1 0 0 1 1 0 0 0 0 0 1 0 1 0 0 1 0 0 0 0 0 0 0 10 0 1 10 1
0 0 1 0 1 0 0 1 1 0 0 10 1 1 0 1 0 0 0 1 1 0 1 0 0 1 1 0 0 0 1 0 0 1 0 0 0 0 0 0 0 0 0 0 0 1 0 0 0 1 0 0 0 0 0 0 0
0 1 0 0 0 0 1 1 0 0 0 0 0 1 0 0 0 0 1 0 0 1 0 0 0 0 1 0 1 0 1 0 0 1 1 0 0 0 1 100 0 1 1 0 0 0 0 10 0 0 0 1 1 1 10 0 1
1 0 0 0 0 0 0 1 1 0 0 1 1 0 1 1 0 0 0 10 1 0 0 0 1 0 0 0 0 0 1 0 1 0 0 0 0 1 0 0 1 0 0 1 0 0 0 0 10 1 0 0 0 0 0 0 0
0 0 1 0 0 1 0 0 0 1 0 0 1 0 0 0 0 0 0 0 0 0 0 0 1 1 0 0 0 1 0 0 1 0 0 0 1 1 0 0 1 0 0 0 0 0 0 0 1 0 0 1 0 0 0 0 0
0 0 0 0 0 0 1 1 0 0 0 0 0 1 0 0 0 0 1 0 0 1 0 0 0 0 1 0 1 0 1 0 0 1 1 0 0 0 1 10 0 0 0 0 10 0 0 0 0 0 0 1 0 1 1 0 0
1 0 0 0 0 0 0 1 1 0 0 0 0 0 1 0 0 0 0 1 1 0 0 0 10 1 0 0 0 0 1 0 10 0 0 0 1 1 0 0 1 0 0 0 0 10 1 0 0 0 0 0 0 0 0 0 0
0 0 0 0 0 1 0 0 0 0 0 1 1 0 0 1 0 0 0 1 1 0 0 1 0 0 0 0 0 0 0 1 0 0 1 0 0 0 1 0 0 1 0 1 0 1 0 0 0 0 0 0 0 0 0 0 0
0 0 0 0 0 1 1 0 0 1 0 1 0 1 0 0 1 0 0 0 0 1 0 1 0 0 1 0 0 0 0 0 0 0 0 1 0 0 0 0 0 1 0 0 0 0 0 0 0 0 0 0 0 0 0 0 1
0 0 10 0 0 1 0 1 0 1 1 0 1 0 0 0 0 1 1 0 0 0 1 0 0 0 1 1 1 1 1 0 0 0 1 0 0 1 1 1 1 0 0 0 1 0 1 1 0 0 0 0 0 1 1 0 0
0 1 0 0 0 0 0 0 0 0 0 0 0 0 0 0 0 0 1 0 0 0 1 0 0 0 0 0 1 1 0 0 1 1 0 0 0 1 0 1 0 1 10 0 1 0 0 0 0 0 0 0 0 0 10 1 1
0 0 1 0 0 0 1 0 0 0 1 0 0 1 0 0 0 1 0 0 0 1 1 0 0 0 0 1 0 0 0 0 0 1 0 0 0 0 0 1 0 0 0 0 1 0 0 1 0 0 0 1 0 0 0 0 0
0 1 0 0 0 0 0 1 0 0 0 0 0 0 0 0 0 0 1 0 0 0 0 0 0 0 1 0 10 0 1 0 0 0 1 0 0 1 1 10 0 1 1 0 10 0 0 1 0 0 0 1 10 0 0 0 1
1 1 0 0 0 0 0 0 1 0 1 0 1 0 0 0 0 0 1 0 0 0 1 1 0 0 0 0 0 1 0 0 1 1 0 1 1 0 0 0 0 0 10 0 0 0 0 0 0 0 0 0 1 0 0 0 0
0 1 0 0 0 1 1 0 0 1 0 1 0 1 0 0 1 0 0 0 0 1 0 1 0 0 1 0 0 0 0 0 0 0 0 1 0 0 0 1 0 10 1 0 1 0 0 0 0 0 1 0 1 0 1 0 0
3
3 1 3
4 9 3
6 3 3
4
4 4 
1 4
2 4
3 6
4 4
2 3 
1 4
1 4
2 6
3 4 
1 4
1 3
2 6
3 4
1 2 
1 4
1 4
57 20
2 17 18
3 10 11 17
3 15 16 3
1 10
1 0
3 13 3 5
2 13 19
3 12 16 18
3 0 17 18
3 10 13 3
2 15 4
3 0 13 14
3 14 17 3
3 0 13 19
1 8
2 14 7
1 13
2 10 15
2 1 12
3 14 7 8
3 16 18 6
2 13 19
3 1 15 16
3 13 4 6
3 10 18 2
2 16 2
3 12 13 16
2 15 7
2 12 9
2 1 3
3 0 12 8
1 6
3 1 2 8
3 0 1 19
3 10 12 5
3 13 17 7
2 17 2
3 18 3 9
2 12 5
3 11 12 19
2 18 3
3 11 13 5
3 1 11 4
3 0 14 16
3 11 12 19
3 14 18 8
2 2 3
2 12 19
3 18 2 8
3 14 5 6
1 13
3 12 15 3
3 1 11 9
2 15 19
3 11 12 9
3 1 17 4
2 11 13
57 171
4 11 148 49 84
3 128 137 2
2 124 132
5 138 150 48 79 88
6 106 118 121 24 60 69
3 135 137 21
2 56 90
4 130 136 3 86
2 135 149
6 110 142 20 23 36 62
4 105 108 149 54
6 10 112 134 15 150 47
5 128 132 133 140 146
6 13 139 147 27 64 66
3 14 142 94
3 104 145 28
2 103 76
4 147 46 75 9
4 117 44 59 89
4 61 71 77 87
8 114 120 143 144 145 146 37 42
3 1 151 80
2 131 136
5 101 115 22 68 78
2 0 141
2 25 98
4 138 142 147 151
2 117 151
3 121 137 40
8 111 12 122 134 41 45 57 8
7 116 129 133 143 145 31 67
3 109 148 85
5 126 19 5 91 97
8 140 52 55 58 6 81 95 99
5 125 127 29 65 96
3 139 148 151
2 129 82
2 127 83
6 123 126 141 18 26 92
4 138 32 50 7
8 100 102 123 124 139 143 147 4
2 113 122
3 120 30 43
5 141 144 151 39 51
8 136 140 148 149 17 34 38 72
4 119 130 150 70
2 150 93
8 118 131 144 35 53 63 73 74
3 125 16 33
1 119
4 107 146 149 152
3 153 154 155
2 156 157
3 158 159 160
4 161 162 163 164
4 165 166 167 168
2 169 170
