52
0 0 0 0 0 1 0 0 0 1 0 0 1 0 1 1 0 0 1 0 1 0 1 0 0 0 0 1 0 0 0 1 0 1 0 10 1 0 0 10 1 1 0 0 1 1 1 0 0 1 0 0
0 0 0 0 1 0 0 0 0 0 0 0 0 0 0 0 0 0 0 0 0 0 0 1 0 0 1 0 0 0 0 0 0 0 0 0 0 0 1 0 0 0 0 0 0 0 0 0 0 0 0 0
0 0 0 0 0 0 0 0 1 0 0 1 0 1 1 0 0 0 0 1 1 0 0 0 0 0 0 0 0 0 0 0 0 0 0 1 0 1 1 0 10 1 0 1 0 0 10 0 1 0 0 0
0 0 0 0 1 0 1 1 0 0 1 0 1 1 1 0 0 0 1 1 0 0 1 0 1 0 0 0 1 0 0 0 0 0 1 0 0 1 0 1 0 0 1 0 1 0 0 0 1 0 1 0
0 1 0 1 0 0 1 0 0 0 0 0 0 1 0 0 0 1 0 0 0 0 1 1 1 0 1 0 0 0 0 0 0 0 0 0 0 1 0 0 0 0 1 0 1 0 0 0 0 0 0 0
1 0 0 0 0 0 0 0 0 10 1 1 0 0 0 1 0 0 1 0 0 0 0 0 0 0 1 0 0 1 0 1 0 1 0 1 0 0 0 1 0 1 0 0 1 1 0 0 0 0 0 10
0 0 0 1 1 0 0 1 0 0 1 0 0 0 0 0 0 10 0 1 0 0 0 0 10 1 0 0 1 0 0 0 1 0 1 0 0 0 0 1 0 0 1 1 0 0 0 0 0 0 10 1
0 0 0 1 0 0 1 0 0 0 1 0 0 0 0 0 0 0 0 0 0 0 0 0 1 0 0 0 1 0 0 0 0 0 1 0 0 0 0 1 0 0 0 0 0 0 0 0 0 0 1 0
0 0 1 0 0 0 0 0 0 0 0 0 0 1 0 0 1 0 0 1 1 0 0 0 1 0 0 0 0 1 1 0 1 0 1 1 1 0 1 0 1 0 0 0 0 0 1 0 0 0 0 0
1 0 0 0 0 10 0 0 0 0 1 10 0 0 0 1 0 0 1 0 0 0 0 0 0 0 1 0 0 1 0 1 0 1 0 1 0 0 0 1 0 10 0 0 1 1 0 0 0 0 0 1
0 0 0 1 0 1 1 1 0 1 0 1 0 0 0 0 0 0 0 0 0 0 0 0 1 0 1 0 1 1 0 0 0 0 1 0 0 0 0 1 0 0 0 0 0 1 0 0 0 0 1 1
0 0 1 0 0 1 0 0 0 10 1 0 0 1 1 0 0 0 0 0 0 0 0 0 0 0 1 0 0 1 0 0 0 0 0 0 0 1 0 0 1 10 0 1 0 1 1 0 1 0 0 1
1 0 0 1 0 0 0 0 0 0 0 0 0 0 1 0 0 0 1 1 0 0 0 0 0 0 0 1 0 0 0 0 0 0 0 0 1 0 0 1 1 0 0 0 0 0 1 0 1 1 0 0
0 0 1 1 1 0 0 0 1 0 0 1 0 0 1 0 1 0 0 0 0 0 1 0 1 0 0 0 0 1 1 0 1 0 1 0 1 10 0 0 1 1 1 1 1 0 1 0 1 0 0 0
1 0 1 1 0 0 0 0 0 0 0 1 1 1 0 0 0 0 1 1 1 0 1 0 0 0 0 0 0 0 0 0 0 0 0 1 0 1 0 0 1 1 0 1 0 1 1 0 10 0 0 0
1 0 0 0 0 1 0 0 0 1 0 0 0 0 0 0 0 0 1 0 0 0 0 0 0 0 0 0 0 1 0 10 0 10 0 1 0 0 1 1 0 1 1 0 1 0 0 1 0 0 0 0
0 0 0 0 0 0 0 0 1 0 0 0 0 1 0 0 0 0 1 0 0 1 0 0 1 0 1 0 0 1 1 1 10 0 10 0 1 0 0 0 0 0 0 0 0 1 0 1 1 0 0 0
0 0 0 0 1 0 10 0 0 0 0 0 0 0 0 0 0 0 0 1 0 0 0 0 1 1 0 0 0 0 0 0 1 0 0 0 0 0 0 0 0 0 1 1 0 0 0 0 0 0 1 1
1 0 0 1 0 1 0 0 0 1 0 0 1 0 1 1 1 0 0 1 0 1 0 0 0 0 1 0 0 0 0 10 1 1 1 1 0 0 0 1 0 1 0 0 1 1 0 1 10 0 0 0
0 0 1 1 0 0 1 0 1 0 0 0 1 0 1 0 0 1 1 0 1 0 0 0 0 1 0 0 0 0 0 0 1 0 0 1 0 0 1 0 1 0 1 1 0 0 1 0 1 0 1 1
1 0 1 0 0 0 0 0 1 0 0 0 0 0 1 0 0 0 0 1 0 0 1 0 0 0 0 0 0 0 0 0 0 0 0 10 0 0 1 0 1 0 0 0 0 1 1 0 0 0 0 0
0 0 0 0 0 0 0 0 0 0 0 0 0 0 0 0 1 0 1 0 0 0 0 0 0 0 1 0 0 0 0 1 1 0 1 0 0 0 0 0 0 0 0 0 0 1 0 1 1 0 0 0
1 0 0 1 1 0 0 0 0 0 0 0 0 1 1 0 0 0 0 0 1 0 0 0 0 0 0 0 0 0 0 0 0 0 0 1 0 1 0 0 0 0 1 0 1 1 0 0 0 0 0 0
0 1 0 0 1 0 0 0 0 0 0 0 0 0 0 0 0 0 0 0 0 0 0 0 0 0 1 0 0 0 0 0 0 0 0 0 0 0 0 0 0 0 0 0 0 0 0 0 0 0 0 0
0 0 0 1 1 0 10 1 1 0 1 0 0 1 0 0 1 1 0 0 0 0 0 0 0 0 0 0 1 1 1 0 1 0 10 0 1 0 0 1 0 0 0 0 0 0 0 0 0 0 1 0
0 0 0 0 0 0 1 0 0 0 0 0 0 0 0 0 0 1 0 1 0 0 0 0 0 0 0 0 0 0 0 0 1 0 0 0 0 0 0 0 0 0 1 1 0 0 0 0 0 0 1 1
0 1 0 0 1 1 0 0 0 1 1 1 0 0 0 0 1 0 1 0 0 1 0 1 0 0 0 0 0 1 0 1 1 0 1 0 0 0 0 0 0 0 0 0 0 10 0 1 1 0 0 1
1 0 0 0 0 0 0 0 0 0 0 0 1 0 0 0 0 0 0 0 0 0 0 0 0 0 0 0 0 0 0 0 0 0 0 0 1 0 0 1 1 0 0 0 0 0 1 0 0 1 0 0
0 0 0 1 0 0 1 1 0 0 1 0 0 0 0 0 0 0 0 0 0 0 0 0 1 0 0 0 0 0 0 0 0 0 1 0 0 0 0 1 0 0 0 0 0 0 0 0 0 0 1 0
0 0 0 0 0 1 0 0 1 1 1 1 0 1 0 1 1 0 0 0 0 0 0 0 1 0 1 0 0 0 1 0 1 1 1 0 1 0 0 0 0 0 0 0 0 1 0 1 0 0 0 1
0 0 0 0 0 0 0 0 1 0 0 0 0 1 0 0 1 0 0 0 0 0 0 0 1 0 0 0 0 1 0 0 1 0 1 0 1 0 0 0 0 0 0 0 0 0 0 0 0 0 0 0
1 0 0 0 0 1 0 0 0 1 0 0 0 0 0 10 1 0 10 0 0 1 0 0 0 0 1 0 0 0 0 0 1 1 1 1 0 0 1 1 0 1 1 0 1 1 0 1 1 0 0 0
0 0 0 0 0 0 1 0 1 0 0 0 0 1 0 0 10 1 1 1 0 1 0 0 1 1 1 0 0 1 1 1 0 0 10 0 1 0 0 0 0 0 1 1 0 1 0 1 1 0 1 1
1 0 0 0 0 1 0 0 0 1 0 0 0 0 0 10 0 0 1 0 0 0 0 0 0 0 0 0 0 1 0 1 0 0 0 1 0 0 0 1 0 1 0 0 1 0 0 1 0 0 0 0
0 0 0 1 0 0 1 1 1 0 1 0 0 1 0 0 10 0 1 0 0 1 0 0 10 0 1 0 1 1 1 1 10 0 0 0 1 0 0 1 0 0 0 0 0 1 0 1 1 0 1 0
10 0 1 0 0 1 0 0 1 1 0 0 0 0 1 1 0 0 1 1 10 0 1 0 0 0 0 0 0 0 0 1 0 1 0 0 0 0 1 1 1 1 0 0 1 1 1 0 0 0 0 0
1 0 0 0 0 0 0 0 1 0 0 0 1 1 0 0 1 0 0 0 0 0 0 0 1 0 0 1 0 1 1 0 1 0 1 0 0 0 0 1 1 0 0 0 0 0 1 0 0 1 0 0
0 0 1 1 1 0 0 0 0 0 0 1 0 10 1 0 0 0 0 0 0 0 1 0 0 0 0 0 0 0 0 0 0 0 0 0 0 0 0 0 1 1 1 1 1 0 1 0 1 0 0 0
0 1 1 0 0 0 0 0 1 0 0 0 0 0 0 1 0 0 0 1 1 0 0 0 0 0 0 0 0 0 0 1 0 0 0 1 0 0 0 0 1 0 1 0 0 0 1 0 0 0 0 0
10 0 0 1 0 1 1 1 0 1 1 0 1 0 0 1 0 0 1 0 0 0 0 0 1 0 0 1 1 0 0 1 0 1 1 1 1 0 0 0 1 1 0 0 1 0 1 0 0 1 1 0
1 0 10 0 0 0 0 0 1 0 0 1 1 1 1 0 0 0 0 1 1 0 0 0 0 0 0 1 0 0 0 0 0 0 0 1 1 1 1 1 0 1 0 1 0 0 100 0 1 1 0 0
1 0 1 0 0 1 0 0 0 10 0 10 0 1 1 1 0 0 1 0 0 0 0 0 0 0 0 0 0 0 0 1 0 1 0 1 0 1 0 1 1 0 0 1 1 0 1 0 1 0 0 0
0 0 0 1 1 0 1 0 0 0 0 0 0 1 0 1 0 1 0 1 0 0 1 0 0 1 0 0 0 0 0 1 1 0 0 0 0 1 1 0 0 0 0 1 1 0 0 0 0 0 1 1
0 0 1 0 0 0 1 0 0 0 0 1 0 1 1 0 0 1 0 1 0 0 0 0 0 1 0 0 0 0 0 0 1 0 0 0 0 1 0 0 1 1 1 0 0 0 1 0 1 0 1 1
1 0 0 1 1 1 0 0 0 1 0 0 0 1 0 1 0 0 1 0 0 0 1 0 0 0 0 0 0 0 0 1 0 1 0 1 0 1 0 1 0 1 1 0 0 0 0 0 0 0 0 0
1 0 0 0 0 1 0 0 0 1 1 1 0 0 1 0 1 0 1 0 1 1 1 0 0 0 10 0 0 1 0 1 1 0 1 1 0 0 0 0 0 0 0 0 0 0 0 1 1 0 0 1
1 0 10 0 0 0 0 0 1 0 0 1 1 1 1 0 0 0 0 1 1 0 0 0 0 0 0 1 0 0 0 0 0 0 0 1 1 1 1 1 100 1 0 1 0 0 0 0 1 1 0 0
0 0 0 0 0 0 0 0 0 0 0 0 0 0 0 1 1 0 1 0 0 1 0 0 0 0 1 0 0 1 0 1 1 1 1 0 0 0 0 0 0 0 0 0 0 1 0 0 1 0 0 0
0 0 1 1 0 0 0 0 0 0 0 1 1 1 10 0 1 0 10 1 0 1 0 0 0 0 1 0 0 0 0 1 1 0 1 0 0 1 0 0 1 1 0 1 0 1 1 1 0 0 0 0
1 0 0 0 0 0 0 0 0 0 0 0 1 0 0 0 0 0 0 0 0 0 0 0 0 0 0 1 0 0 0 0 0 0 0 0 1 0 0 1 1 0 0 0 0 0 1 0 0 0 0 0
0 0 0 1 0 0 10 1 0 0 1 0 0 0 0 0 0 1 0 1 0 0 0 0 1 1 0 0 1 0 0 0 1 0 1 0 0 0 0 1 0 0 1 1 0 0 0 0 0 0 0 1
0 0 0 0 0 10 1 0 0 1 1 1 0 0 0 0 0 1 0 1 0 0 0 0 0 1 1 0 0 1 0 0 1 0 0 0 0 0 0 0 0 0 1 1 0 1 0 0 0 0 1 0
3
3 2 3
4 7 3
6 3 3
3
4 8 
1 3
1 4
2 3
2 4
3 6
3 6
4 4
4 4
2 3 
1 4
1 4
2 6
1 1 
1 4
52 19
3 14 6 9
2 0 2
2 1 4
3 10 12 3
3 0 10 18
3 14 17 8
3 12 13 18
1 12
2 1 11
3 14 5 8
2 12 8
3 4 5 8
2 3 9
3 10 11 4
3 3 4 6
3 14 15 16
2 11 7
2 13 18
3 14 3 7
3 1 13 3
2 1 6
1 7
2 10 6
1 0
3 11 12 18
1 13
3 0 7 8
1 9
1 12
3 11 16 8
1 11
3 14 15 7
3 11 13 7
2 14 16
3 11 12 7
3 1 14 6
2 11 9
2 10 4
3 1 15 2
3 12 14 9
3 1 4 9
3 14 4 5
3 10 13 15
2 13 4
2 10 14
3 6 7 8
3 1 4 9
2 16 7
3 3 4 7
1 9
2 12 13
3 13 17 8
52 138
4 123 128 136 65
4 126 131 21 77
2 35 76
4 110 137 17 82
3 123 49 75
4 124 136 55 56
3 121 136 79
3 133 134 69
3 125 31 73
4 130 20 26 39
3 113 13 85
4 108 125 50 97
6 115 117 120 135 23 93
4 1 10 112 137
3 106 127 30
5 112 116 123 28 60
5 122 129 135 42 74
4 107 14 2 47
6 100 114 116 118 127 33
2 131 24
1 133
2 92 96
3 133 15 40
1 137
5 27 34 46 7 90
4 113 137 58 71
2 124 83
4 12 132 36 68
3 102 54 59
4 105 38 51 80
2 126 128
4 108 110 130 78
3 119 134 67
5 11 128 32 63 87
4 111 129 133 9
2 62 84
5 130 16 19 29 52
6 131 134 41 6 72 8
2 48 98
2 106 132
4 118 132 5 89
6 120 135 136 61 86 88
2 37 53
4 135 137 3 43
4 25 70 91 95
6 115 122 125 126 4 45
3 109 114 66
6 117 121 22 57 64 99
3 124 134 44
4 0 103 107 94
2 109 129
7 101 104 111 119 127 18 81
