43
0 0 0 10 1 0 1 0 0 0 0 0 0 0 0 0 0 0 0 1 0 0 0 0 0 0 0 0 0 1 0 1 0 0 0 0 1 1 0 1 0 0 0
0 0 1 0 0 10 1 1 1 0 0 0 0 0 1 10 1 1 0 1 0 10 0 0 0 0 0 0 0 1 1 0 1 0 1 0 1 0 1 0 0 0 1
0 1 0 0 0 10 1 10 1 0 0 0 1 0 0 1 10 0 1 1 0 1 1 0 0 10 0 0 0 0 1 1 1 1 0 0 1 0 0 0 0 0 1
10 0 0 0 1 0 1 0 0 0 0 0 0 0 0 0 0 0 0 1 0 0 0 0 0 0 0 0 0 1 0 1 0 0 0 0 1 1 0 1 0 0 0
1 0 0 1 0 0 0 0 0 0 0 0 0 0 0 0 0 0 0 0 0 0 0 0 0 0 0 0 0 0 0 0 0 0 0 0 1 0 0 1 0 0 0
0 10 10 0 0 0 10 1 1 0 0 0 1 0 0 10 10 1 0 1 0 1 1 0 0 1 0 0 0 0 1 0 1 0 1 0 1 0 0 0 0 0 1
1 1 1 1 0 10 0 0 1 0 0 0 1 0 0 1 1 1 0 1 0 0 1 0 0 1 0 0 0 1 1 1 0 0 1 0 0 1 0 0 0 0 1
0 1 10 0 0 1 0 0 1 0 0 1 0 0 1 1 1 0 1 1 0 10 0 0 0 1 0 0 0 0 0 1 1 1 1 0 1 0 0 0 0 0 1
0 1 1 0 0 1 1 1 0 0 0 0 0 0 0 1 0 1 1 0 0 0 0 0 0 1 0 0 0 0 0 1 0 1 1 0 0 0 0 0 0 0 10
0 0 0 0 0 0 0 0 0 0 0 0 10 0 1 0 0 1 1 1 0 0 0 0 1 1 0 0 0 0 1 0 1 0 0 1 0 1 0 0 0 0 1
0 0 0 0 0 0 0 0 0 0 0 0 0 10 0 1 1 0 1 0 1 0 1 10 0 0 10 0 10 1 0 1 1 1 0 0 0 1 1 1 100 1 0
0 0 0 0 0 0 0 1 0 0 0 0 0 0 1 0 0 0 0 0 0 1 0 1 0 0 0 1 0 0 0 0 0 0 1 1 0 0 0 0 0 0 0
0 0 1 0 0 1 1 0 0 10 0 0 0 0 1 0 1 1 1 1 0 0 1 0 1 10 0 0 0 0 10 0 1 0 0 1 0 1 0 0 0 0 1
0 0 0 0 0 0 0 0 0 0 10 0 0 0 0 1 0 1 0 0 1 0 1 1 1 0 1 0 10 1 0 0 1 1 0 0 0 0 1 1 10 0 0
0 1 0 0 0 0 0 1 0 1 0 1 1 0 0 0 0 0 1 1 0 10 0 0 1 0 0 0 0 1 1 0 0 0 1 0 0 1 1 0 0 0 0
0 10 1 0 0 10 1 1 1 0 1 0 0 1 0 0 1 1 0 1 0 1 0 0 0 0 0 0 1 1 0 0 10 1 1 0 1 0 1 0 1 0 1
0 1 10 0 0 10 1 1 0 0 1 0 1 0 0 1 0 0 1 1 0 1 1 1 0 1 1 0 0 0 1 1 1 0 0 0 1 1 0 0 1 1 0
0 1 0 0 0 1 1 0 1 1 0 0 1 1 0 1 0 0 0 0 0 0 0 0 1 1 0 0 0 0 1 0 1 0 1 1 0 0 0 0 0 0 10
0 0 1 0 0 0 0 1 1 1 1 0 1 0 1 0 1 0 0 1 0 0 0 1 1 1 1 0 0 0 0 10 0 1 0 0 0 10 0 0 1 1 1
1 1 1 1 0 1 1 1 0 1 0 0 1 0 1 1 1 0 1 0 0 1 0 0 1 0 0 0 0 1 0 1 1 0 0 0 1 10 0 0 0 0 0
0 0 0 0 0 0 0 0 0 0 1 0 0 1 0 0 0 0 0 0 0 0 1 1 0 0 1 0 1 0 0 0 0 0 0 0 0 0 0 1 1 0 0
0 10 1 0 0 1 0 10 0 0 0 1 0 0 10 1 1 0 0 1 0 0 0 0 0 0 0 0 0 1 1 0 1 0 1 0 1 0 1 0 0 0 0
0 0 1 0 0 1 1 0 0 0 1 0 1 1 0 0 1 0 0 0 1 0 0 1 0 1 1 0 1 0 1 0 0 0 0 0 0 0 0 1 1 0 0
0 0 0 0 0 0 0 0 0 0 10 1 0 1 0 0 1 0 1 0 1 0 1 0 0 0 10 1 1 0 0 1 0 0 0 1 0 1 0 1 10 1 0
0 0 0 0 0 0 0 0 0 1 0 0 1 1 1 0 0 1 1 1 0 0 0 0 0 0 0 0 0 0 0 0 0 0 0 0 0 1 0 0 0 0 0
0 0 10 0 0 1 1 1 1 1 0 0 10 0 0 0 1 1 1 0 0 0 1 0 0 0 0 0 0 0 10 1 1 1 0 1 0 0 0 0 0 0 10
0 0 0 0 0 0 0 0 0 0 10 0 0 1 0 0 1 0 1 0 1 0 1 10 0 0 0 0 1 0 0 1 0 0 0 0 0 1 0 1 10 1 0
0 0 0 0 0 0 0 0 0 0 0 1 0 0 0 0 0 0 0 0 0 0 0 1 0 0 0 0 0 0 0 0 0 0 0 1 0 0 0 0 0 0 0
0 0 0 0 0 0 0 0 0 0 10 0 0 10 0 1 0 0 0 0 1 0 1 1 0 0 1 0 0 1 0 0 1 1 0 0 0 0 1 1 10 0 0
1 1 0 1 0 0 1 0 0 0 1 0 0 1 1 1 0 0 0 1 0 1 0 0 0 0 0 0 1 0 1 1 1 1 0 0 0 1 10 0 1 0 0
0 1 1 0 0 1 1 0 0 1 0 0 10 0 1 0 1 1 0 0 0 1 1 0 0 10 0 0 0 1 0 0 1 0 0 1 0 0 1 0 0 0 1
1 0 1 1 0 0 1 1 1 0 1 0 0 0 0 0 1 0 10 1 0 0 0 1 0 1 1 0 0 1 0 0 0 1 0 0 0 10 0 0 1 1 1
0 1 1 0 0 1 0 1 0 1 1 0 1 1 0 10 1 1 0 1 0 1 0 0 0 1 0 0 1 1 1 0 0 1 0 1 1 0 1 0 1 0 1
0 0 1 0 0 0 0 1 1 0 1 0 0 1 0 1 0 0 1 0 0 0 0 0 0 1 0 0 1 1 0 1 1 0 0 0 0 0 1 0 1 1 1
0 1 0 0 0 1 1 1 1 0 0 1 0 0 1 1 0 1 0 0 0 1 0 0 0 0 0 0 0 0 0 0 0 0 0 0 0 0 0 0 0 0 1
0 0 0 0 0 0 0 0 0 1 0 1 1 0 0 0 0 1 0 0 0 0 0 1 0 1 0 1 0 0 1 0 1 0 0 0 0 0 0 0 0 0 1
1 1 1 1 1 1 0 1 0 0 0 0 0 0 0 1 1 0 0 1 0 1 0 0 0 0 0 0 0 0 0 0 1 0 0 0 0 0 0 1 0 0 0
1 0 0 1 0 0 1 0 0 1 1 0 1 0 1 0 1 0 10 10 0 0 0 1 1 0 1 0 0 1 0 10 0 0 0 0 0 0 0 0 1 1 0
0 1 0 0 0 0 0 0 0 0 1 0 0 1 1 1 0 0 0 0 0 1 0 0 0 0 0 0 1 10 1 0 1 1 0 0 0 0 0 0 1 0 0
1 0 0 1 1 0 0 0 0 0 1 0 0 1 0 0 0 0 0 0 1 0 1 1 0 0 1 0 1 0 0 0 0 0 0 0 1 0 0 0 1 0 0
0 0 0 0 0 0 0 0 0 0 100 0 0 10 0 1 1 0 1 0 1 0 1 10 0 0 10 0 10 1 0 1 1 1 0 0 0 1 1 1 0 1 0
0 0 0 0 0 0 0 0 0 0 1 0 0 0 0 0 1 0 1 0 0 0 0 1 0 0 1 0 0 0 0 1 0 1 0 0 0 1 0 0 1 0 0
0 1 1 0 0 1 1 1 10 1 0 0 1 0 0 1 0 10 1 0 0 0 0 0 0 10 0 0 0 0 1 1 1 1 1 1 0 0 0 0 0 0 0
5
2 2 2
3 4 3
4 1 3
5 1 3
6 3 3
4
3 3 
1 2
2 3
3 4
2 3 
1 2
2 5
2 6
2 3 
1 3
2 6
2 6
1 2 
1 3
1 3
43 16
2 11 8
3 0 1 5
3 1 10 3
2 11 8
1 8
3 0 1 3
3 0 11 3
3 1 10 2
2 0 10
2 15 6
3 12 14 4
2 2 7
3 15 3 6
3 12 13 4
3 15 2 5
3 0 1 12
3 1 14 3
3 0 13 6
3 10 14 15
3 1 11 15
1 4
3 1 2 5
2 3 4
3 14 4 7
2 13 15
3 10 3 6
2 14 4
1 7
2 12 4
3 11 12 5
3 3 5 6
3 10 11 14
3 1 12 6
3 10 12 9
2 0 2
2 6 7
2 1 8
3 11 14 15
2 12 5
2 4 8
3 12 14 4
2 14 9
3 0 10 6
43 128
6 114 29 49 62 90 93
5 107 110 111 38 68
7 105 109 112 60 63 69 91
4 79 83 86 92
2 114 45
6 106 107 110 24 59 64
5 107 113 39 93 98
3 110 112 94
2 6 72
4 100 103 67 8
7 109 114 14 32 46 47 53
2 10 111
3 102 104 15
2 109 96
1 70
5 102 103 104 105 56
4 11 19 23 71
4 106 113 4 55
6 26 36 77 87 96 99
4 1 61 82 92
3 104 34 97
3 112 18 21
8 101 16 5 75 84 85 88 9
3 111 112 31
5 106 108 113 48 76
3 101 66 94
2 17 33
5 114 2 20 27 95
4 105 22 90 95
2 35 52
2 57 89
4 0 108 113 3
3 114 13 51
4 44 50 80 91
3 58 97 98
4 40 65 78 81
5 41 42 7 74 99
4 100 103 43 89
4 108 111 28 73
8 115 116 117 12 25 30 37 54
4 118 119 120 121
3 122 123 124
3 125 126 127
