60
0 0 1 1 0 0 0 0 0 0 1 0 0 0 0 0 0 0 0 0 0 0 0 0 0 0 0 1 1 0 0 0 0 1 0 0 0 0 0 0 0 1 0 0 1 0 0 0 0 0 0 0 1 1 0 0 0 0 0 0
0 0 0 1 1 0 0 0 1 0 10 0 0 0 0 1 1 0 0 0 0 0 0 0 1 1 0 0 0 0 0 0 0 1 1 0 0 0 0 0 1 0 1 1 0 0 0 1 0 1 0 1 1 1 10 1 1 0 0 0
1 0 0 0 0 1 1 1 0 1 0 0 0 0 1 0 0 0 1 0 0 0 0 0 0 0 0 1 1 0 1 0 0 0 1 0 1 0 0 0 0 0 1 0 1 0 0 0 0 0 0 1 1 0 1 0 1 1 0 0
1 1 0 0 0 1 0 0 1 0 10 0 1 1 0 0 1 0 0 0 0 1 0 0 0 1 1 0 0 0 0 0 0 10 0 0 0 0 0 0 0 1 10 0 0 0 1 1 0 1 1 1 1 10 1 1 1 0 0 0
0 1 0 0 0 0 0 1 0 0 0 0 0 0 0 0 1 1 1 1 0 0 0 0 1 1 0 0 0 1 0 0 0 0 0 1 0 0 0 0 0 0 0 1 0 1 0 0 0 0 0 0 1 0 1 1 0 0 0 0
0 0 1 1 0 0 1 1 1 1 0 0 1 1 1 0 1 0 0 0 0 1 0 0 0 0 1 0 0 0 1 0 0 0 0 0 0 0 0 0 0 0 10 0 0 0 1 0 0 0 1 0 1 0 0 1 1 0 0 0
0 0 1 0 0 1 0 1 0 10 0 1 0 1 1 1 0 0 0 0 0 0 0 0 0 0 0 1 0 0 10 0 0 0 1 0 0 1 1 0 0 0 1 0 0 1 0 0 0 0 0 0 0 0 0 1 1 1 0 0
0 0 1 0 1 1 1 0 0 1 0 0 0 0 10 0 1 0 0 1 0 0 0 0 1 1 0 0 0 1 1 0 0 0 0 1 0 0 0 0 1 0 1 0 0 1 0 0 0 0 0 0 0 0 0 0 1 0 0 1
0 1 0 1 0 1 0 0 0 0 1 0 1 1 0 1 1 0 0 0 0 1 0 0 1 0 1 0 0 0 0 0 0 0 1 0 0 0 0 0 1 0 1 0 0 0 1 0 0 0 1 0 1 0 0 1 0 0 0 0
0 0 1 0 0 1 10 1 0 0 0 0 0 0 1 0 0 0 1 0 0 0 1 1 0 0 0 1 0 0 1 0 1 0 1 1 0 0 0 1 0 0 1 0 1 1 0 0 0 1 1 0 0 0 0 0 1 0 0 0
1 10 0 10 0 0 0 0 1 0 0 0 0 0 0 1 0 0 0 0 0 0 0 0 1 1 0 0 0 0 0 0 0 10 1 0 0 0 0 0 1 1 1 0 0 0 0 1 0 1 0 1 0 10 1 0 1 0 0 0
0 0 0 0 0 0 1 0 0 0 0 0 0 1 0 1 0 0 0 0 1 0 0 1 1 0 1 0 0 1 1 1 0 0 0 1 0 10 1 1 0 1 0 0 0 0 0 0 0 0 0 0 0 0 0 1 0 1 0 0
0 0 0 1 0 1 0 0 1 0 0 0 0 1 0 0 1 0 0 0 1 10 0 0 0 1 10 0 0 0 1 0 0 0 0 0 1 1 0 0 0 0 1 0 0 0 1 0 1 1 1 0 1 0 0 1 0 0 0 0
0 0 0 1 0 1 1 0 1 0 0 1 1 0 1 1 1 1 0 1 0 1 0 1 0 0 1 0 1 0 1 0 1 0 0 0 0 1 10 0 1 0 1 0 0 1 1 0 0 0 1 0 1 0 0 10 0 1 0 0
0 0 1 0 0 1 1 10 0 1 0 0 0 1 0 0 1 1 0 1 0 0 0 1 0 0 0 0 1 1 1 0 1 0 0 0 0 0 1 0 10 0 1 0 0 1 0 0 0 0 0 0 0 0 0 0 1 0 0 1
0 1 0 0 0 0 1 0 1 0 1 1 0 1 0 0 0 0 0 0 0 0 0 0 1 0 0 0 0 0 1 0 0 0 1 0 0 1 1 0 1 0 0 0 0 0 0 0 0 0 0 0 0 0 0 1 0 1 0 0
0 1 0 1 1 1 0 1 1 0 0 0 1 1 1 0 0 0 0 0 0 1 0 0 0 0 1 0 0 1 0 0 0 0 0 0 0 0 0 0 1 0 1 1 0 0 1 0 0 0 1 0 10 0 1 10 0 0 0 1
0 0 0 0 1 0 0 0 0 0 0 0 0 1 1 0 0 0 1 1 0 0 0 1 0 0 0 0 1 1 0 0 1 0 0 0 0 0 1 0 1 0 0 0 0 1 0 0 0 0 0 0 0 0 0 0 0 0 0 0
0 0 1 0 1 0 0 0 0 1 0 0 0 0 0 0 0 1 0 0 0 0 1 1 0 0 0 0 0 1 0 0 1 0 1 1 1 0 0 1 0 0 0 0 1 0 0 0 0 1 1 1 0 0 1 0 0 1 0 0
0 0 0 0 1 0 0 1 0 0 0 0 0 1 1 0 0 1 0 0 0 0 0 1 1 1 0 0 1 0 0 1 10 0 0 1 0 0 1 0 1 1 0 0 0 10 0 1 0 0 0 0 0 1 0 0 0 0 0 1
0 0 0 0 0 0 0 0 0 0 0 1 1 0 0 0 0 0 0 0 0 1 0 0 0 0 1 0 0 0 1 1 0 0 0 0 1 1 0 1 0 1 0 0 0 0 0 0 0 0 1 0 0 0 0 0 0 0 0 0
0 0 0 1 0 1 0 0 1 0 0 0 10 1 0 0 1 0 0 0 1 0 0 0 0 1 10 0 0 0 0 1 0 0 0 0 0 1 0 0 0 0 1 0 0 0 1 0 1 1 10 0 1 0 0 1 0 0 0 0
0 0 0 0 0 0 0 0 0 1 0 0 0 0 0 0 0 0 1 0 0 0 0 1 0 0 0 0 0 0 0 0 1 0 0 1 0 0 0 1 0 0 0 0 1 0 0 0 1 1 1 0 0 0 0 0 0 0 1 0
0 0 0 0 0 0 0 0 0 1 0 1 0 1 1 0 0 1 1 1 0 0 1 0 1 0 0 0 1 1 0 1 10 0 0 10 0 0 1 1 1 0 0 0 1 1 0 0 0 1 1 0 0 0 0 0 0 0 0 0
0 1 0 0 1 0 0 1 1 0 1 1 0 0 0 1 0 0 0 1 0 0 0 1 0 1 0 0 0 1 0 1 0 0 1 10 0 0 0 0 1 0 0 0 0 1 0 0 0 0 0 0 0 0 0 0 0 0 0 0
0 1 0 1 1 0 0 1 0 0 1 0 1 0 0 0 0 0 0 1 0 1 0 0 1 0 1 0 0 0 0 0 0 1 0 1 0 1 0 0 0 0 1 0 0 1 0 1 1 10 0 1 0 1 1 0 1 0 0 0
0 0 0 1 0 1 0 0 1 0 0 1 10 1 0 0 1 0 0 0 1 10 0 0 0 1 0 0 0 0 0 0 0 0 0 0 0 10 0 1 0 1 1 0 0 0 1 0 1 1 1 0 1 0 0 1 0 0 0 0
1 0 1 0 0 0 1 0 0 1 0 0 0 0 0 0 0 0 0 0 0 0 0 0 0 0 0 0 1 0 0 0 0 0 1 0 0 0 0 0 0 0 0 0 1 1 0 0 0 0 0 0 1 0 0 0 0 0 0 0
1 0 1 0 0 0 0 0 0 0 0 0 0 1 1 0 0 1 0 1 0 0 0 1 0 0 0 1 0 0 0 0 1 0 0 0 0 0 1 0 1 0 0 0 1 1 0 0 0 0 0 0 1 0 0 0 0 0 0 0
0 0 0 0 1 0 0 1 0 0 0 1 0 0 1 0 1 1 1 0 0 0 0 1 1 0 0 0 0 0 0 1 0 0 0 1 0 0 0 0 1 0 0 0 0 0 0 0 0 0 0 0 0 0 0 0 0 0 0 1
0 0 1 0 0 1 10 1 0 1 0 1 1 1 1 1 0 0 0 0 1 0 0 0 0 0 0 0 0 0 0 0 0 0 0 0 1 1 1 0 0 0 1 0 0 0 0 0 0 0 0 0 0 0 0 1 1 1 0 0
0 0 0 0 0 0 0 0 0 0 0 1 0 0 0 0 0 0 0 1 1 1 0 1 1 0 0 0 0 1 0 0 1 0 0 1 0 0 0 0 0 1 0 0 0 0 0 1 0 0 1 0 0 1 0 0 0 0 0 1
0 0 0 0 0 0 0 0 0 1 0 0 0 1 1 0 0 1 1 10 0 0 1 10 0 0 0 0 1 0 0 1 0 0 0 1 0 0 1 1 1 1 0 0 1 1 0 1 0 1 1 0 0 1 0 0 0 0 0 1
1 1 0 10 0 0 0 0 0 0 10 0 0 0 0 0 0 0 0 0 0 0 0 0 0 1 0 0 0 0 0 0 0 0 0 0 0 0 0 0 0 1 1 0 0 0 0 1 0 1 0 1 0 10 1 0 1 0 0 0
0 1 1 0 0 0 1 0 1 1 1 0 0 0 0 1 0 0 1 0 0 0 0 0 1 0 0 1 0 0 0 0 0 0 0 0 1 0 0 0 1 0 0 0 0 1 0 0 0 0 0 1 0 0 1 0 0 1 0 0
0 0 0 0 1 0 0 1 0 1 0 1 0 0 0 0 0 0 1 1 0 0 1 10 10 1 0 0 0 1 0 1 1 0 0 0 0 0 0 1 0 0 0 0 1 1 0 0 0 1 1 0 0 0 0 0 0 0 0 0
0 0 1 0 0 0 0 0 0 0 0 0 1 0 0 0 0 0 1 0 1 0 0 0 0 0 0 0 0 0 1 0 0 0 1 0 0 0 0 0 0 0 0 0 0 0 0 0 0 0 0 1 0 0 1 0 0 1 0 0
0 0 0 0 0 0 1 0 0 0 0 10 1 1 0 1 0 0 0 0 1 1 0 0 0 1 10 0 0 0 1 0 0 0 0 0 0 0 1 1 0 1 0 0 0 0 0 0 1 1 0 0 0 0 0 1 0 1 0 0
0 0 0 0 0 0 1 0 0 0 0 1 0 10 1 1 0 1 0 1 0 0 0 1 0 0 0 0 1 0 1 0 1 0 0 0 0 1 0 0 1 0 0 0 0 1 0 0 0 0 0 0 0 0 0 1 0 1 0 0
0 0 0 0 0 0 0 0 0 1 0 1 0 0 0 0 0 0 1 0 1 0 1 1 0 0 1 0 0 0 0 0 1 0 0 1 0 1 0 0 0 1 0 0 1 0 0 0 0 1 1 0 0 0 0 0 0 0 0 0
0 1 0 0 0 0 0 1 1 0 1 0 0 1 10 1 1 1 0 1 0 0 0 1 1 0 0 0 1 1 0 0 1 0 1 0 0 0 1 0 0 0 0 0 0 1 0 0 0 0 0 0 0 0 0 0 0 0 0 1
1 0 0 1 0 0 0 0 0 0 1 1 0 0 0 0 0 0 0 1 1 0 0 0 0 0 1 0 0 0 0 1 1 1 0 0 0 1 0 1 0 0 0 0 0 0 0 1 0 0 0 0 0 10 0 0 0 0 0 1
0 1 1 10 0 10 1 1 1 1 1 0 1 1 1 0 1 0 0 0 0 1 0 0 0 1 1 0 0 0 1 0 0 1 0 0 0 0 0 0 0 0 0 0 0 0 1 1 0 1 1 1 1 1 1 1 10 0 0 0
0 1 0 0 1 0 0 0 0 0 0 0 0 0 0 0 1 0 0 0 0 0 0 0 0 0 0 0 0 0 0 0 0 0 0 0 0 0 0 0 0 0 0 0 0 0 0 0 0 0 0 0 1 0 1 1 0 0 0 0
1 0 1 0 0 0 0 0 0 1 0 0 0 0 0 0 0 0 1 0 0 0 1 1 0 0 0 1 1 0 0 0 1 0 0 1 0 0 0 1 0 0 0 0 0 0 0 0 0 1 1 0 1 0 0 0 0 0 0 0
0 0 0 0 1 0 1 1 0 1 0 0 0 1 1 0 0 1 0 10 0 0 0 1 1 1 0 1 1 0 0 0 1 0 1 1 0 0 1 0 1 0 0 0 0 0 0 0 0 0 0 0 0 0 0 0 0 0 0 0
0 0 0 1 0 1 0 0 1 0 0 0 1 1 0 0 1 0 0 0 0 1 0 0 0 0 1 0 0 0 0 0 0 0 0 0 0 0 0 0 0 0 1 0 0 0 0 0 0 0 1 0 1 0 0 1 0 0 0 0
0 1 0 1 0 0 0 0 0 0 1 0 0 0 0 0 0 0 0 1 0 0 0 0 0 1 0 0 0 0 0 1 1 1 0 0 0 0 0 0 0 1 1 0 0 0 0 0 0 1 0 1 0 10 1 0 1 0 0 1
0 0 0 0 0 0 0 0 0 0 0 0 1 0 0 0 0 0 0 0 0 1 1 0 0 1 1 0 0 0 0 0 0 0 0 0 0 1 0 0 0 0 0 0 0 0 0 0 0 1 0 0 0 0 0 0 0 0 1 0
0 1 0 1 0 0 0 0 0 1 1 0 1 0 0 0 0 0 1 0 0 1 1 1 0 10 1 0 0 0 0 0 1 1 0 1 0 1 0 1 0 0 1 0 1 0 0 1 1 0 1 1 0 1 1 0 1 0 0 0
0 0 0 1 0 1 0 0 1 1 0 0 1 1 0 0 1 0 1 0 1 10 1 1 0 0 1 0 0 0 0 1 1 0 0 1 0 0 0 1 0 0 1 0 1 0 1 0 0 1 0 0 1 0 0 1 0 0 0 0
0 1 1 1 0 0 0 0 0 0 1 0 0 0 0 0 0 0 1 0 0 0 0 0 0 1 0 0 0 0 0 0 0 1 1 0 1 0 0 0 0 0 1 0 0 0 0 1 0 1 0 0 0 1 10 0 1 1 0 0
1 1 1 1 1 1 0 0 1 0 0 0 1 1 0 0 10 0 0 0 0 1 0 0 0 0 1 1 1 0 0 0 0 0 0 0 0 0 0 0 0 0 1 1 1 0 1 0 0 0 1 0 0 0 1 10 0 0 0 0
1 1 0 10 0 0 0 0 0 0 10 0 0 0 0 0 0 0 0 1 0 0 0 0 0 1 0 0 0 0 0 1 1 10 0 0 0 0 0 0 0 10 1 0 0 0 0 10 0 1 0 1 0 0 1 0 1 0 0 1
0 10 1 1 1 0 0 0 0 0 1 0 0 0 0 0 1 0 1 0 0 0 0 0 0 1 0 0 0 0 0 0 0 1 1 0 1 0 0 0 0 0 1 1 0 0 0 1 0 1 0 10 1 1 0 1 1 1 0 0
0 1 0 1 1 1 1 0 1 0 0 1 1 10 0 1 10 0 0 0 0 1 0 0 0 0 1 0 0 0 1 0 0 0 0 0 0 1 1 0 0 0 1 1 0 0 1 0 0 0 1 0 10 0 1 0 0 1 0 0
0 1 1 1 0 1 1 1 0 1 1 0 0 0 1 0 0 0 0 0 0 0 0 0 0 1 0 0 0 0 1 0 0 1 0 0 0 0 0 0 0 0 10 0 0 0 0 1 0 1 0 1 0 1 1 0 0 0 0 0
0 0 1 0 0 0 1 0 0 0 0 1 0 1 0 1 0 0 1 0 0 0 0 0 0 0 0 0 0 0 1 0 0 0 1 0 1 1 1 0 0 0 0 0 0 0 0 0 0 0 0 1 0 0 1 1 0 0 0 0
0 0 0 0 0 0 0 0 0 0 0 0 0 0 0 0 0 0 0 0 0 0 1 0 0 0 0 0 0 0 0 0 0 0 0 0 0 0 0 0 0 0 0 0 0 0 0 0 1 0 0 0 0 0 0 0 0 0 0 0
0 0 0 0 0 0 0 1 0 0 0 0 0 0 1 0 1 0 0 1 0 0 0 0 0 0 0 0 0 1 0 1 1 0 0 0 0 0 0 0 1 1 0 0 0 0 0 1 0 0 0 0 0 1 0 0 0 0 0 0
2
4 9 3
6 4 3
3
4 8 
1 4
1 4
2 4
2 4
3 6
3 6
4 4
4 4
2 3 
1 4
1 4
2 6
2 2 
1 4
2 6
60 22
2 18 3
3 13 15 21
3 10 14 3
3 12 13 18
3 11 15 8
2 12 14
3 14 20 7
3 11 14 6
2 12 21
3 14 2 20
3 13 18 21
3 1 5 7
3 0 12 4
3 12 7 9
3 14 6 9
2 21 7
3 12 15 6
2 8 9
3 10 2 8
3 11 19 9
3 17 4 5
3 0 12 17
2 16 2
3 1 2 9
3 1 11 21
3 0 11 13
3 0 12 5
2 20 3
2 3 9
3 1 6 8
3 14 4 7
3 1 17 19
3 19 2 9
2 13 18
3 10 20 21
3 1 11 2
2 10 4
3 0 5 7
2 7 9
2 2 5
3 21 6 9
3 18 19 5
3 12 13 14
1 15
2 2 3
3 11 20 9
1 12
2 13 19
2 0 16
3 0 13 2
3 12 17 2
2 10 13
3 12 15 3
3 13 18 19
3 10 13 15
3 12 15 7
2 13 14
2 10 7
1 16
2 19 6
60 190
5 109 112 129 138 145
2 154 3
4 133 153 159 85
4 137 151 71 76
3 156 26 8
2 148 159
6 13 138 142 150 157 57
4 116 154 37 53
4 121 2 55 6
6 132 147 15 16 25 69
4 130 14 146 42
5 110 32 56 59 63
3 30 68 70
4 1 139 144 41
4 148 52 79 80
3 120 159 5
8 0 156 27 34 36 64 74 92
3 141 155 159
5 122 127 131 146 88
7 125 130 136 150 18 45 97
8 102 105 147 149 39 66 94 95
5 31 47 67 73 86
5 115 145 22 35 50
3 142 155 98
4 144 147 152 156
2 134 87
5 123 124 141 77 78
4 113 21 24 91
2 137 7
4 10 119 148 155
3 124 146 158
4 106 114 126 127
8 108 125 145 17 4 49 81 89
4 100 111 133 159
3 132 136 23
2 140 143
4 101 103 131 29
4 152 33 48 61
4 104 149 157 83
3 135 157 158
3 151 20 54
4 151 153 156 65
8 107 128 152 46 51 60 75 82
2 40 90
4 11 126 44 72
2 158 38
3 117 140 58
4 149 150 84 9
3 12 134 93
5 129 135 155 28 62
4 118 128 153 157
4 139 143 144 158
4 154 19 96 99
8 160 161 162 163 164 165 166 43
4 167 168 169 170
4 171 172 173 174
2 175 176
5 177 178 179 180 181
4 182 183 184 185
4 186 187 188 189
