50
0 0 0 0 0 0 0 1 0 0 0 10 1 0 10 0 1 1 1 1 10 0 0 1 0 0 1 0 0 0 1 0 1 0 1 1 0 0 1 10 0 1 0 10 1 1 0 0 0 0
0 0 1 0 0 1 0 0 0 0 0 0 0 0 0 0 0 1 0 0 0 0 0 0 0 1 0 0 1 0 0 0 0 0 0 0 0 0 1 0 0 0 1 0 0 0 1 0 0 0
0 1 0 0 1 1 0 1 0 0 1 1 0 0 0 0 10 0 0 0 1 0 0 0 0 0 1 0 0 0 0 0 0 0 0 0 0 0 1 0 1 0 0 0 0 0 0 0 0 0
0 0 0 0 1 0 1 1 0 1 10 0 10 1 1 1 0 0 10 0 0 0 1 1 0 0 0 1 1 0 0 1 0 0 0 0 1 0 0 0 0 0 0 1 1 0 0 10 0 0
0 0 1 1 0 0 0 1 0 0 0 0 1 10 0 1 1 0 0 0 0 0 0 0 0 0 1 0 1 0 0 1 1 1 0 0 0 0 0 1 1 0 0 0 0 0 0 1 0 0
0 1 1 0 0 0 0 1 0 0 1 1 0 0 0 0 1 1 0 0 1 0 0 0 0 1 1 0 1 0 0 0 0 0 0 0 0 0 0 0 0 0 1 0 0 0 1 0 0 0
0 0 0 1 0 0 0 0 1 0 1 0 1 0 0 0 0 0 1 0 0 0 1 0 0 0 0 1 1 1 0 0 0 0 0 1 1 0 0 0 0 0 0 0 1 0 0 1 0 0
1 0 1 1 1 1 0 0 0 0 1 10 1 1 0 0 1 0 0 0 10 0 0 1 0 0 1 0 1 0 1 1 0 0 1 1 0 0 0 1 0 0 0 1 0 0 0 1 0 0
0 0 0 0 0 0 1 0 0 0 0 0 0 0 0 0 0 0 0 0 0 0 0 1 0 0 0 0 1 10 1 0 1 0 0 1 0 1 0 0 0 0 0 0 0 10 0 0 1 1
0 0 0 1 0 0 0 0 0 0 1 0 0 0 1 1 0 0 1 0 0 0 1 1 1 0 0 0 0 0 0 0 0 0 0 0 1 1 0 0 0 1 0 1 0 0 0 0 1 0
0 0 1 10 0 1 1 1 0 1 0 1 1 0 1 1 1 0 10 0 1 0 1 1 0 0 1 1 0 0 0 0 0 0 0 0 1 0 0 0 0 0 0 1 1 0 0 1 0 0
10 0 1 0 0 1 0 10 0 0 1 0 0 0 1 0 10 1 1 1 10 0 0 1 0 0 1 0 0 0 1 0 0 0 1 1 0 0 1 1 0 1 0 1 1 0 0 0 0 0
1 0 0 10 1 0 1 1 0 0 1 0 0 1 1 0 0 0 1 0 1 0 1 0 0 0 1 1 1 0 0 1 1 0 0 0 1 0 0 1 0 0 0 1 1 1 0 10 0 0
0 0 0 1 10 0 0 1 0 0 0 0 1 0 0 1 0 1 0 0 0 0 0 0 1 1 1 1 1 0 1 10 1 1 1 0 0 0 0 1 1 0 1 0 0 0 0 1 0 1
10 0 0 1 0 0 0 0 0 1 1 1 1 0 0 1 1 1 10 1 1 0 0 1 0 0 1 0 0 0 0 0 1 0 0 0 0 0 1 1 0 1 0 10 1 1 0 0 0 0
0 0 0 1 1 0 0 0 0 1 1 0 0 1 1 0 0 0 1 0 0 0 0 1 0 0 1 0 0 0 0 0 1 1 0 0 0 0 0 1 0 0 0 1 0 0 0 0 0 0
1 0 10 0 1 1 0 1 0 0 1 10 0 0 1 0 0 1 1 1 1 0 0 0 0 0 1 0 0 0 0 0 0 0 0 0 0 0 1 0 1 1 0 0 1 0 0 0 0 0
1 1 0 0 0 1 0 0 0 0 0 1 0 1 1 0 1 0 1 1 0 0 0 0 1 10 0 1 1 0 1 1 0 0 1 0 0 0 1 0 1 1 10 0 1 0 1 0 0 1
1 0 0 10 0 0 1 0 0 1 10 1 1 0 10 1 1 1 0 1 0 0 1 1 0 0 0 1 0 0 0 0 0 0 0 0 1 0 1 0 0 1 0 1 10 0 0 1 0 0
1 0 0 0 0 0 0 0 0 0 0 1 0 0 1 0 1 1 1 0 0 0 0 0 0 0 0 0 0 0 0 0 0 0 0 0 0 0 1 0 0 1 0 0 1 0 0 0 0 0
10 0 1 0 0 1 0 10 0 0 1 10 1 0 1 0 1 0 0 0 0 0 0 1 0 0 10 0 0 0 1 0 1 0 1 1 0 0 0 10 0 0 0 10 0 1 0 0 0 0
0 0 0 0 0 0 0 0 0 0 0 0 0 0 0 0 0 0 0 0 0 0 0 0 0 0 0 0 0 0 0 0 0 0 0 1 0 0 0 0 0 0 0 0 0 0 0 0 0 0
0 0 0 1 0 0 1 0 0 1 1 0 1 0 0 0 0 0 1 0 0 0 0 0 1 0 0 1 0 0 0 0 0 0 0 0 10 1 0 0 0 1 0 0 1 0 0 1 1 0
1 0 0 1 0 0 0 1 1 1 1 1 0 0 1 1 0 0 1 0 1 0 0 0 0 0 0 0 0 1 1 0 0 0 1 1 0 0 0 1 0 0 0 10 0 1 0 0 1 0
0 0 0 0 0 0 0 0 0 1 0 0 0 1 0 0 0 1 0 0 0 0 1 0 0 1 0 1 0 1 1 1 0 0 1 0 1 10 1 0 10 1 1 0 0 0 0 0 1 10
0 1 0 0 0 1 0 0 0 0 0 0 0 1 0 0 0 10 0 0 0 0 0 0 1 0 0 1 1 0 1 1 0 0 1 0 0 0 0 0 1 0 10 0 0 0 1 0 0 1
1 0 1 0 1 1 0 1 0 0 1 1 1 1 1 1 1 0 0 0 10 0 0 0 0 0 0 0 0 0 0 0 10 1 0 0 0 0 0 10 0 0 0 1 0 1 0 0 0 0
0 0 0 1 0 0 1 0 0 0 1 0 1 1 0 0 0 1 1 0 0 0 1 0 1 1 0 0 0 0 1 1 0 0 1 0 1 0 0 0 1 0 1 0 1 0 0 1 0 1
0 1 0 1 1 1 1 1 1 0 0 0 1 1 0 0 0 1 0 0 0 0 0 0 0 1 0 0 0 1 0 1 0 0 0 1 0 0 0 0 0 0 1 0 0 0 1 1 0 0
0 0 0 0 0 0 1 0 10 0 0 0 0 0 0 0 0 0 0 0 0 0 0 1 1 0 0 0 1 0 0 0 0 0 0 1 0 1 1 0 1 0 0 0 0 1 0 0 1 1
1 0 0 0 0 0 0 1 1 0 0 1 0 1 0 0 0 1 0 0 1 0 0 1 1 1 0 1 0 0 0 1 1 0 10 1 0 1 0 1 1 0 1 1 0 1 0 0 0 10
0 0 0 1 1 0 0 1 0 0 0 0 1 10 0 0 0 1 0 0 0 0 0 0 1 1 0 1 1 0 1 0 0 0 1 0 0 0 0 0 1 0 1 0 0 0 0 1 0 1
1 0 0 0 1 0 0 0 1 0 0 0 1 1 1 1 0 0 0 0 1 0 0 0 0 0 10 0 0 0 1 0 0 1 0 0 0 1 0 10 0 0 0 1 0 10 0 0 0 1
0 0 0 0 1 0 0 0 0 0 0 0 0 1 0 1 0 0 0 0 0 0 0 0 0 0 1 0 0 0 0 0 1 0 0 0 0 0 0 1 0 0 0 0 0 0 0 0 0 0
1 0 0 0 0 0 0 1 0 0 0 1 0 1 0 0 0 1 0 0 1 0 0 1 1 1 0 1 0 0 10 1 0 0 0 1 0 0 0 1 1 0 1 1 0 0 0 0 0 1
1 0 0 0 0 0 1 1 1 0 0 1 0 0 0 0 0 0 0 0 1 1 0 1 0 0 0 0 1 1 1 0 0 0 1 0 0 0 0 1 0 0 0 1 0 0 0 0 0 0
0 0 0 1 0 0 1 0 0 1 1 0 1 0 0 0 0 0 1 0 0 0 10 0 1 0 0 1 0 0 0 0 0 0 0 0 0 1 0 0 0 1 0 0 1 0 0 1 1 0
0 0 0 0 0 0 0 0 1 1 0 0 0 0 0 0 0 0 0 0 0 0 1 0 10 0 0 0 0 1 1 0 1 0 0 0 1 0 1 0 1 1 0 0 0 1 0 0 1 10
1 1 1 0 0 0 0 0 0 0 0 1 0 0 1 0 1 1 1 1 0 0 0 0 1 0 0 0 0 1 0 0 0 0 0 0 0 1 0 0 1 1 0 0 1 0 0 0 0 1
10 0 0 0 1 0 0 1 0 0 0 1 1 1 1 1 0 0 0 0 10 0 0 1 0 0 10 0 0 0 1 0 10 1 1 1 0 0 0 0 0 0 0 10 0 1 0 0 0 0
0 0 1 0 1 0 0 0 0 0 0 0 0 1 0 0 1 1 0 0 0 0 0 0 10 1 0 1 0 1 1 1 0 0 1 0 0 1 1 0 0 0 1 0 0 0 0 0 0 10
1 0 0 0 0 0 0 0 0 1 0 1 0 0 1 0 1 1 1 1 0 0 1 0 1 0 0 0 0 0 0 0 0 0 0 0 1 1 1 0 0 0 0 0 1 0 0 0 1 0
0 1 0 0 0 1 0 0 0 0 0 0 0 1 0 0 0 10 0 0 0 0 0 0 1 10 0 1 1 0 1 1 0 0 1 0 0 0 0 0 1 0 0 0 0 0 1 0 0 1
10 0 0 1 0 0 0 1 0 1 1 1 1 0 10 1 0 0 1 0 10 0 0 10 0 0 1 0 0 0 1 0 1 0 1 1 0 0 0 10 0 0 0 0 0 1 0 0 0 0
1 0 0 1 0 0 1 0 0 0 1 1 1 0 1 0 1 1 10 1 0 0 1 0 0 0 0 1 0 0 0 0 0 0 0 0 1 0 1 0 0 1 0 0 0 0 0 1 0 0
1 0 0 0 0 0 0 0 10 0 0 0 1 0 1 0 0 0 0 0 1 0 0 1 0 0 1 0 0 1 1 0 10 0 0 0 0 1 0 1 0 0 0 1 0 0 0 0 1 1
0 1 0 0 0 1 0 0 0 0 0 0 0 0 0 0 0 1 0 0 0 0 0 0 0 1 0 0 1 0 0 0 0 0 0 0 0 0 0 0 0 0 1 0 0 0 0 0 0 0
0 0 0 10 1 0 1 1 0 0 1 0 10 1 0 0 0 0 1 0 0 0 1 0 0 0 0 1 1 0 0 1 0 0 0 0 1 0 0 0 0 0 0 0 1 0 0 0 0 0
0 0 0 0 0 0 0 0 1 1 0 0 0 0 0 0 0 0 0 0 0 0 1 1 1 0 0 0 0 1 0 0 0 0 0 0 1 1 0 0 0 1 0 0 0 1 0 0 0 0
0 0 0 0 0 0 0 0 1 0 0 0 0 1 0 0 0 1 0 0 0 0 0 0 10 1 0 1 0 1 10 1 1 0 1 0 0 10 1 0 10 0 1 0 0 1 0 0 0 0
2
4 8 3
6 3 3
4
2 2 
1 4
2 4
2 3 
1 4
1 4
2 6
3 5 
1 4
2 6
2 6
3 4
3 4
1 1 
1 4
50 18
3 11 17 9
2 16 7
3 16 3 5
3 10 4 6
3 12 4 5
2 3 7
2 10 8
3 11 3 4
3 0 2 8
2 13 6
3 10 3 6
3 11 3 9
3 10 17 4
3 12 15 4
3 17 6 9
2 12 6
3 3 5 9
3 15 7 9
3 10 6 9
1 9
3 11 17 3
1 1
2 10 13
3 11 2 6
3 13 14 15
2 15 7
3 12 17 3
2 10 15
3 4 7 8
3 14 2 8
3 0 11 15
2 15 4
3 0 12 17
1 12
2 11 15
3 1 11 8
2 10 13
3 0 13 14
3 14 16 9
3 11 12 17
3 14 15 5
2 13 9
2 15 7
3 11 17 6
2 10 9
3 0 17 2
1 7
2 10 4
2 13 2
3 0 14 15
50 133
5 19 21 74 91 98
2 27 78
4 125 128 49 62
2 3 45
3 101 119 80
2 125 17
4 120 121 131 85
8 103 115 116 117 130 132 20 29
2 115 128
1 32
2 124 92
3 122 127 129
3 40 41 56
6 22 42 43 46 51 84
4 126 68 71 72
6 106 118 119 130 33 54
2 50 86
5 116 120 131 61 66
2 109 77
2 13 76
4 0 128 79 96
2 122 6
5 102 107 123 47 64
4 131 35 5 82
4 110 124 4 67
3 112 52 81
4 26 53 59 9
3 113 123 18
6 106 113 119 121 58 69
2 123 83
2 104 127
5 37 44 60 94 99
4 38 63 65 95
5 103 121 128 2 23
5 10 114 28 30 89
4 105 118 132 57
2 108 129
3 114 126 7
4 122 16 25 55
7 125 126 130 73 75 8 93
4 108 15 31 87
4 105 107 110 131
4 127 130 88 97
4 11 111 120 124
3 104 111 70
3 132 36 48
2 100 34
6 112 117 12 129 132 24
5 1 132 14 39 90
2 109 129
