26
0 10 0 1 1 0 0 1 1 1 10 1 0 0 0 1 1 10 1 0 0 1 0 0 1 0
10 0 1 1 0 1 0 1 0 10 1 1 1 1 0 0 1 1 10 1 1 1 0 0 1 0
0 1 0 0 0 10 1 1 0 1 0 0 10 10 1 1 1 0 10 1 10 1 1 0 0 1
1 1 0 0 1 0 1 0 1 0 1 1 1 0 1 0 1 10 1 0 0 1 1 1 100 1
1 0 0 1 0 0 1 0 10 0 1 0 1 1 1 1 1 1 0 0 0 1 1 1 1 10
0 1 10 0 0 0 0 1 0 1 0 0 1 1 0 0 0 0 10 1 10 0 0 0 0 0
0 0 1 1 1 0 0 0 0 0 0 0 10 1 1 1 10 0 0 0 0 1 1 0 1 10
1 1 1 0 0 1 0 0 0 1 0 0 0 0 0 0 1 0 1 0 1 0 0 0 0 0
1 0 0 1 10 0 0 0 0 0 1 0 0 1 10 1 0 10 0 0 0 1 10 10 1 1
1 10 1 0 0 1 0 1 0 0 0 0 1 1 0 0 1 0 1 1 1 0 0 0 0 0
10 1 0 1 1 0 0 0 1 0 0 1 0 0 0 1 0 10 1 0 0 1 0 0 1 0
1 1 0 1 0 0 0 0 0 0 1 0 0 0 0 0 0 1 1 0 0 1 0 0 1 0
0 1 10 1 1 1 10 0 0 1 0 0 0 10 1 1 10 0 1 1 1 1 1 0 1 10
0 1 10 0 1 1 1 0 1 1 0 0 10 0 10 1 1 0 1 1 1 10 10 1 0 10
0 0 1 1 1 0 1 0 10 0 0 0 1 10 0 1 1 1 0 0 0 10 100 10 1 10
1 0 1 0 1 0 1 0 1 0 1 0 1 1 1 0 1 1 0 0 0 1 1 0 0 1
1 1 1 1 1 0 10 1 0 1 0 0 10 1 1 1 0 0 0 0 0 1 1 0 1 10
10 1 0 10 1 0 0 0 10 0 10 1 0 0 1 1 0 0 1 0 0 1 1 1 10 0
1 10 10 1 0 10 0 1 0 1 1 1 1 1 0 0 0 1 0 1 10 1 0 0 1 0
0 1 1 0 0 1 0 0 0 1 0 0 1 1 0 0 0 0 1 0 1 0 0 0 0 0
0 1 10 0 0 10 0 1 0 1 0 0 1 1 0 0 0 0 10 1 0 0 0 0 0 0
1 1 1 1 1 0 1 0 1 0 1 1 1 10 10 1 1 1 1 0 0 0 10 1 1 10
0 0 1 1 1 0 1 0 10 0 0 0 1 10 100 1 1 1 0 0 0 10 0 10 1 10
0 0 0 1 1 0 0 0 10 0 0 0 0 1 10 0 0 1 0 0 0 1 10 0 1 1
1 1 0 100 1 0 1 0 1 0 1 1 1 0 1 0 1 10 1 0 0 1 1 1 0 1
0 0 1 1 10 0 10 0 1 0 0 0 10 10 10 1 10 0 0 0 0 10 10 1 1 0
2
4 5 3
6 1 3
1
4 6 
1 4
1 4
2 4
2 4
3 6
4 4
26 9
3 0 4 7
3 0 6 7
3 2 6 8
3 1 5 7
3 3 4 5
2 2 6
2 5 8
2 0 2
3 1 3 4
2 0 6
2 4 7
1 7
3 5 6 8
3 3 6 8
3 1 3 8
2 4 8
3 0 5 8
3 1 4 7
3 2 6 7
1 6
2 2 6
3 3 7 8
3 1 3 8
2 1 3
3 1 5 7
3 3 5 8
26 77
4 33 6 60 63
4 38 54 66 8
7 0 19 28 43 47 58 62
3 12 41 9
5 34 4 40 5 65
2 54 64
3 13 27 39
5 36 42 45 52 61
8 1 2 30 32 53 56 61 65
4 14 35 53 57
3 23 25 67
5 15 37 56 64 66
4 10 46 50 66
2 11 59
3 21 24 57
4 59 63 66 7
2 31 55
5 49 55 60 61 67
5 17 44 63 64 67
6 20 26 29 51 62 67
4 16 22 3 58
3 18 48 65
3 62 68 69
3 70 71 72
2 73 74
2 75 76
