46
0 0 0 0 0 0 0 0 0 0 1 1 0 0 1 1 1 0 1 0 1 0 0 0 0 1 0 1 0 0 0 0 1 0 0 0 0 0 1 10 0 0 1 1 1 0
0 0 0 0 0 1 1 1 0 1 1 0 0 0 0 0 0 1 0 0 0 0 1 0 0 0 0 0 0 1 0 0 1 0 1 0 0 0 0 0 0 0 0 1 1 1
0 0 0 0 1 0 1 1 0 0 0 1 0 0 1 0 0 0 0 0 0 0 1 0 0 0 0 0 0 0 0 1 0 0 0 0 1 0 0 0 0 1 0 0 0 0
0 0 0 0 0 1 0 0 0 0 1 0 0 0 0 0 0 0 0 0 1 1 0 0 0 0 1 0 0 0 1 0 0 0 0 1 1 1 1 0 0 1 1 1 1 1
0 0 1 0 0 0 1 1 0 0 0 1 0 0 1 0 0 1 1 0 0 0 1 10 10 1 0 1 0 0 1 1 0 0 0 0 1 1 0 0 1 1 1 0 0 0
0 1 0 1 0 0 0 1 0 1 0 0 0 0 0 0 0 0 0 0 0 1 1 0 0 0 1 0 1 0 1 0 0 0 0 0 10 0 0 0 0 1 0 1 1 10
0 1 1 0 1 0 0 10 1 0 1 1 0 1 1 0 0 1 0 0 0 0 10 0 0 0 0 0 0 1 0 1 1 0 1 1 1 1 0 0 0 1 0 0 0 0
0 1 1 0 1 1 10 0 1 1 0 1 0 1 1 0 0 0 0 0 0 0 100 0 0 0 0 0 0 0 0 1 0 0 0 1 1 1 0 0 0 1 0 1 1 1
0 0 0 0 0 0 1 1 0 0 0 1 0 10 0 0 1 0 1 1 0 0 1 0 1 0 1 0 1 0 0 0 0 1 1 1 0 1 1 0 1 1 0 0 0 0
0 1 0 0 0 1 0 1 0 0 0 0 0 0 0 0 1 0 0 0 0 0 1 1 0 1 0 0 0 1 0 1 0 1 0 0 0 0 0 1 0 0 0 1 1 10
1 1 0 1 0 0 1 0 0 0 0 0 0 0 0 0 0 1 1 0 1 0 0 0 0 1 0 1 0 1 0 0 1 0 1 1 0 1 1 1 0 0 1 1 1 0
1 0 1 0 1 0 1 1 1 0 0 0 0 1 10 1 1 0 0 1 1 0 1 0 0 0 0 0 0 0 0 1 1 0 1 0 1 0 1 1 1 10 1 1 1 0
0 0 0 0 0 0 0 0 0 0 0 0 0 0 0 0 0 1 0 1 0 0 0 0 0 0 0 0 0 0 0 0 0 0 0 0 0 0 0 0 0 0 0 0 0 0
0 0 0 0 0 0 1 1 10 0 0 1 0 0 0 1 0 0 0 10 0 0 1 0 0 0 0 0 1 0 0 0 0 0 1 10 0 1 0 0 1 1 0 0 0 0
1 0 1 0 1 0 1 1 0 0 0 10 0 0 0 1 1 0 0 0 1 0 1 0 0 0 0 0 0 0 0 1 1 0 0 0 1 0 1 1 0 1 1 1 1 0
1 0 0 0 0 0 0 0 0 0 0 1 0 1 1 0 1 0 0 1 1 0 0 0 0 0 0 0 1 0 0 0 1 0 0 1 0 0 1 1 0 0 1 1 1 0
1 0 0 0 0 0 0 0 1 1 0 1 0 0 1 1 0 0 1 0 1 0 0 1 1 1 1 0 1 1 0 1 1 10 0 0 0 0 10 10 0 0 1 1 1 1
0 1 0 0 1 0 1 0 0 0 1 0 1 0 0 0 0 0 1 1 0 0 0 1 1 0 0 1 0 1 0 0 1 0 1 0 0 0 0 0 0 0 1 0 0 0
1 0 0 0 1 0 0 0 1 0 1 0 0 0 0 0 1 1 0 0 0 0 0 1 10 1 1 10 1 0 0 0 0 1 0 0 0 0 1 1 0 0 1 0 0 0
0 0 0 0 0 0 0 0 1 0 0 1 1 10 0 1 0 1 0 0 0 0 0 0 0 0 0 0 1 0 0 0 0 0 1 1 0 0 0 0 1 1 0 0 0 0
1 0 0 1 0 0 0 0 0 0 1 1 0 0 1 1 1 0 0 0 0 0 0 0 0 0 0 0 0 0 0 0 1 0 0 1 0 1 10 1 0 0 10 10 10 0
0 0 0 1 0 1 0 0 0 0 0 0 0 0 0 0 0 0 0 0 0 0 0 0 0 0 1 0 0 0 1 0 0 0 0 0 1 0 0 0 0 1 0 0 0 1
0 1 1 0 1 1 10 100 1 1 0 1 0 1 1 0 0 0 0 0 0 0 0 0 0 0 0 0 0 0 0 1 0 0 0 1 1 1 0 0 0 1 0 1 1 1
0 0 0 0 10 0 0 0 0 1 0 0 0 0 0 0 1 1 1 0 0 0 0 0 10 10 0 1 0 1 1 1 0 1 0 0 0 1 0 1 1 0 1 0 0 1
0 0 0 0 10 0 0 0 1 0 0 0 0 0 0 0 1 1 10 0 0 0 0 10 0 1 1 1 1 0 1 0 0 1 0 0 0 1 1 0 1 0 1 0 0 0
1 0 0 0 1 0 0 0 0 1 1 0 0 0 0 0 1 0 1 0 0 0 0 10 1 0 0 1 0 1 1 1 0 1 0 0 0 1 0 10 1 0 0 0 0 1
0 0 0 1 0 1 0 0 1 0 0 0 0 0 0 0 1 0 1 0 0 1 0 0 1 0 0 0 1 0 1 0 0 1 0 0 1 0 1 0 0 1 0 0 0 1
1 0 0 0 1 0 0 0 0 0 1 0 0 0 0 0 0 1 10 0 0 0 0 1 1 1 0 0 0 0 0 0 0 0 0 0 0 0 0 1 0 0 1 0 0 0
0 0 0 0 0 1 0 0 1 0 0 0 0 1 0 1 1 0 1 1 0 0 0 0 1 0 1 0 0 0 0 0 0 1 0 1 1 0 1 0 0 0 0 0 0 0
0 1 0 0 0 0 1 0 0 1 1 0 0 0 0 0 1 1 0 0 0 0 0 1 0 1 0 0 0 0 0 1 1 1 1 0 0 0 0 1 0 0 0 0 0 1
0 0 0 1 1 1 0 0 0 0 0 0 0 0 0 0 0 0 0 0 0 1 0 1 1 1 1 0 0 0 0 0 0 0 0 0 1 1 0 0 1 1 0 0 0 1
0 0 1 0 1 0 1 1 0 1 0 1 0 0 1 0 1 0 0 0 0 0 1 1 0 1 0 0 0 1 0 0 0 1 0 0 1 0 0 1 0 1 0 0 0 1
1 1 0 0 0 0 1 0 0 0 1 1 0 0 1 1 1 1 0 0 1 0 0 0 0 0 0 0 0 1 0 0 0 0 1 0 0 0 1 1 0 0 1 1 1 0
0 0 0 0 0 0 0 0 1 1 0 0 0 0 0 0 10 0 1 0 0 0 0 1 1 1 1 0 1 1 0 1 0 0 0 0 0 0 1 1 0 0 0 0 0 1
0 1 0 0 0 0 1 0 1 0 1 1 0 1 0 0 0 1 0 1 0 0 0 0 0 0 0 0 0 1 0 0 1 0 0 0 0 0 0 0 1 1 0 0 0 0
0 0 0 1 0 0 1 1 1 0 1 0 0 10 0 1 0 0 0 1 1 0 1 0 0 0 0 0 1 0 0 0 0 0 0 0 0 10 1 0 0 0 1 1 1 0
0 0 1 1 1 10 1 1 0 0 0 1 0 0 1 0 0 0 0 0 0 1 1 0 0 0 1 0 1 0 1 1 0 0 0 0 0 0 0 0 0 10 0 0 0 1
0 0 0 1 1 0 1 1 1 0 1 0 0 1 0 0 0 0 0 0 1 0 1 1 1 1 0 0 0 0 1 0 0 0 0 10 0 0 1 0 1 0 1 1 1 0
1 0 0 1 0 0 0 0 1 0 1 1 0 0 1 1 10 0 1 0 10 0 0 0 1 0 1 0 1 0 0 0 1 1 0 1 0 1 0 1 0 0 10 10 10 0
10 0 0 0 0 0 0 0 0 1 1 1 0 0 1 1 10 0 1 0 1 0 0 1 0 10 0 1 0 1 0 1 1 1 0 0 0 0 1 0 0 0 1 1 1 1
0 0 0 0 1 0 0 0 1 0 0 1 0 1 0 0 0 0 0 1 0 0 0 1 1 1 0 0 0 0 1 0 0 0 1 0 0 1 0 0 0 1 0 0 0 0
0 0 1 1 1 1 1 1 1 0 0 10 0 1 1 0 0 0 0 1 0 1 1 0 0 0 1 0 0 0 1 1 0 0 1 0 10 0 0 0 1 0 0 0 0 1
1 0 0 1 1 0 0 0 0 0 1 1 0 0 1 1 1 1 1 0 10 0 0 1 1 0 0 1 0 0 0 0 1 0 0 1 0 1 10 1 0 0 0 10 10 0
1 1 0 1 0 1 0 1 0 1 1 1 0 0 1 1 1 0 0 0 10 0 1 0 0 0 0 0 0 0 0 0 1 0 0 1 0 1 10 1 0 0 10 0 100 1
1 1 0 1 0 1 0 1 0 1 1 1 0 0 1 1 1 0 0 0 10 0 1 0 0 0 0 0 0 0 0 0 1 0 0 1 0 1 10 1 0 0 10 100 0 1
0 1 0 1 0 10 0 1 0 10 0 0 0 0 0 0 1 0 0 0 0 1 1 1 0 1 1 0 0 1 1 1 0 1 0 0 1 0 0 1 0 1 0 1 1 0
3
3 2 3
4 4 3
6 4 3
4
2 2 
1 3
2 6
2 2 
1 4
2 6
3 5 
1 4
2 6
2 6
3 4
3 4
1 1 
1 3
46 17
2 13 15
2 3 7
1 5
2 16 6
3 11 5 9
3 12 16 3
3 4 5 7
3 3 4 5
3 0 4 8
2 1 3
3 15 6 7
3 0 13 5
1 14
3 0 10 4
2 13 5
2 10 13
3 1 13 8
3 11 14 7
3 11 15 8
3 0 10 14
3 13 2 6
1 16
3 3 4 5
3 1 11 9
3 11 8 9
3 1 15 9
2 16 8
2 11 15
3 10 12 8
2 1 7
2 16 9
2 1 5
2 13 7
2 1 8
2 0 7
3 10 4 6
3 12 16 5
3 4 6 9
3 13 6 8
3 1 13 15
2 0 9
3 0 16 5
3 11 13 6
3 13 3 6
3 13 3 6
3 1 16 3
46 139
2 25 74
3 119 122 97
5 122 26 30 5 64
3 100 111 99
2 120 72
3 118 92 95
4 123 42 76 78
7 116 17 19 31 63 81 96
5 103 115 14 52 80
4 110 56 8 94
2 39 90
4 1 104 109 28
3 117 120 97
4 20 34 50 98
5 108 109 44 53 82
4 122 123 21 98
2 32 59
3 40 48 73
5 115 16 33 58 66
4 101 107 46 7
5 11 12 27 37 51
3 111 120 23
3 110 111 54
5 102 105 116 18 55
7 106 113 115 118 3 69 70
4 104 106 112 24
2 120 93
4 103 121 65 79
3 29 6 85
5 113 13 68 75 83
2 121 47
3 119 71 99
5 0 114 123 89 9
2 123 35
4 101 105 108 62
5 100 102 121 41 84
5 107 121 57 88 91
3 113 123 22
6 114 117 118 38 77 86
6 112 2 43 67 87 96
4 10 116 15 36
8 112 117 119 4 45 49 60 61
4 114 122 124 125
6 126 127 128 129 130 131
3 132 133 134
4 135 136 137 138
