34
0 0 1 1 0 0 0 0 0 1 1 1 100 0 1 1 1 0 0 1 1 0 1 0 0 10 1 0 0 1 1 1 1 0
0 0 1 0 0 0 1 10 1 0 1 1 0 0 10 0 1 0 0 0 1 0 0 0 0 0 0 1 1 0 0 0 1 1
1 1 0 0 1 0 1 1 0 0 0 1 1 0 1 0 1 0 1 1 10 0 0 0 1 1 1 1 1 0 1 0 10 0
1 0 0 0 1 1 0 0 0 1 1 1 1 0 0 0 1 1 0 0 0 1 1 0 0 0 0 0 0 0 1 1 0 0
0 0 1 1 0 1 0 0 0 1 0 0 0 0 0 0 0 1 1 1 0 1 0 0 1 1 1 1 0 1 1 0 0 0
0 0 0 1 1 0 0 0 0 0 0 0 0 0 0 0 0 1 0 0 0 1 0 0 0 0 0 0 0 0 0 0 0 0
0 1 1 0 0 0 0 1 0 0 0 1 0 0 1 0 1 1 0 1 1 0 0 1 0 0 1 1 1 0 0 0 10 1
0 10 1 0 0 0 1 0 1 0 1 1 0 0 10 0 1 0 0 0 1 0 0 0 0 0 0 1 1 0 0 0 1 1
0 1 0 0 0 0 0 1 0 0 1 0 0 0 1 0 0 0 0 0 0 0 0 0 0 0 0 0 0 0 0 0 0 1
1 0 0 1 1 0 0 0 0 0 1 1 1 0 0 0 10 0 0 1 1 0 0 0 1 1 0 1 0 10 10 1 0 0
1 1 0 1 0 0 0 1 1 1 0 1 1 0 1 0 1 0 0 0 0 0 0 0 0 0 0 0 0 0 1 1 0 1
1 1 1 1 0 0 1 1 0 1 1 0 1 0 1 0 10 0 0 0 1 0 0 0 0 0 0 1 1 0 1 1 1 0
100 0 1 1 0 0 0 0 0 1 1 1 0 0 1 1 1 0 0 1 1 0 1 0 0 10 1 0 0 1 1 1 1 0
0 0 0 0 0 0 0 0 0 0 0 0 0 0 0 0 0 0 0 0 0 1 0 0 1 0 0 0 0 0 0 0 0 1
1 10 1 0 0 0 1 10 1 0 1 1 1 0 0 1 1 0 0 0 1 0 1 0 0 1 1 1 1 1 0 0 1 1
1 0 0 0 0 0 0 0 0 0 0 0 1 0 1 0 0 0 0 0 0 0 1 0 0 1 1 0 0 1 0 0 0 0
1 1 1 1 0 0 1 1 0 10 1 10 1 0 1 0 0 0 0 0 10 0 0 0 1 0 0 1 1 1 10 1 1 0
0 0 0 1 1 1 1 0 0 0 0 0 0 0 0 0 0 0 0 1 0 1 0 1 0 0 1 0 0 0 0 0 1 1
0 0 1 0 1 0 0 0 0 0 0 0 0 0 0 0 0 0 0 0 0 0 0 0 1 0 1 0 0 0 1 0 0 0
1 0 1 0 1 0 1 0 0 1 0 0 1 0 0 0 0 1 0 0 1 0 0 1 0 10 1 1 0 1 0 0 10 1
1 1 10 0 0 0 1 1 0 1 0 1 1 0 1 0 10 0 0 1 0 0 0 0 1 1 0 1 1 1 1 0 10 0
0 0 0 1 1 1 0 0 0 0 0 0 0 1 0 0 0 1 0 0 0 0 0 0 1 0 0 0 0 0 0 0 0 1
1 0 0 1 0 0 0 0 0 0 0 0 1 0 1 1 0 0 0 0 0 0 0 0 0 1 1 0 0 1 0 0 0 0
0 0 0 0 0 0 1 0 0 0 0 0 0 0 0 0 0 1 0 1 0 0 0 0 0 0 1 0 0 0 0 0 1 1
0 0 1 0 1 0 0 0 0 1 0 0 0 1 0 0 1 0 1 0 1 1 0 0 0 0 1 0 0 1 10 0 0 1
10 0 1 0 1 0 0 0 0 1 0 0 10 0 1 1 0 0 0 10 1 0 1 0 0 0 1 1 0 10 0 0 1 0
1 0 1 0 1 0 1 0 0 0 0 0 1 0 1 1 0 1 1 1 0 0 1 1 1 1 0 0 0 1 1 0 1 1
0 1 1 0 1 0 1 1 0 1 0 1 0 0 1 0 1 0 0 1 1 0 0 0 0 1 0 0 1 1 0 0 1 0
0 1 1 0 0 0 1 1 0 0 0 1 0 0 1 0 1 0 0 0 1 0 0 0 0 0 0 1 0 0 0 0 1 0
1 0 0 0 1 0 0 0 0 10 0 0 1 0 1 1 1 0 0 1 1 0 1 0 1 10 1 1 0 0 1 0 0 0
1 0 1 1 1 0 0 0 0 10 1 1 1 0 0 0 10 0 1 0 1 0 0 0 10 0 1 0 0 1 0 1 0 0
1 0 0 1 0 0 0 0 0 1 1 1 1 0 0 0 1 0 0 0 0 0 0 0 0 0 0 0 0 0 1 0 0 0
1 1 10 0 0 0 10 1 0 0 0 1 1 0 1 0 1 1 0 10 10 0 0 1 0 1 1 1 1 0 0 0 0 1
0 1 0 0 0 0 1 1 1 0 1 0 0 1 1 0 0 1 0 1 0 1 0 1 1 0 1 0 0 0 0 0 1 0
3
3 2 3
4 4 3
6 2 3
1
4 8 
1 3
1 4
2 3
2 4
3 6
3 6
4 4
4 4
34 12
3 1 2 3
2 4 7
3 3 7 9
3 1 5 6
3 11 5 9
1 5
2 7 8
2 4 7
1 4
3 0 1 11
2 1 4
2 1 7
3 1 2 3
1 10
3 2 4 7
1 2
3 0 1 7
2 5 8
1 9
3 11 3 8
3 0 3 7
2 10 5
2 2 6
1 8
3 0 10 9
3 11 2 3
3 2 8 9
2 11 7
1 7
3 0 11 2
3 0 1 9
1 1
3 3 7 8
3 10 4 8
34 117
3 58 65 89
8 10 20 26 31 75 78 81 82
3 29 62 72
4 18 38 61 77
3 41 44 87
8 0 1 28 4 76 83 86 87
5 42 50 54 57 83
1 56
4 36 43 76 88
8 13 24 55 6 77 82 86 9
6 15 19 35 69 70 89
4 12 16 63 85
4 47 66 73 82
3 51 7 84
4 59 67 74 84
7 2 25 45 60 74 8 89
3 53 80 85
2 72 88
5 22 32 34 79 88
5 14 39 46 81 88
1 49
5 21 3 30 68 84
3 48 73 86
4 23 37 64 71
3 71 83 85
5 11 17 27 52 87
2 40 5
4 33 75 78 80
3 79 89 90
4 91 92 93 94
4 95 96 97 98
2 100 99
8 101 102 103 104 105 106 107 108
8 109 110 111 112 113 114 115 116
