60
0 0 1 1 0 1 0 1 0 0 0 0 0 1 0 0 0 0 0 1 0 0 0 0 0 0 0 0 0 0 0 0 0 0 0 0 1 0 0 0 1 1 0 0 0 1 0 0 1 0 0 0 0 0 0 0 1 0 0 0
0 0 0 1 1 0 0 0 0 0 0 0 0 0 1 10 0 10 1 1 0 0 0 0 0 0 0 0 0 0 0 1 1 1 10 0 0 1 0 0 0 1 1 1 0 0 0 1 0 1 0 0 1 0 0 1 0 0 0 1
1 0 0 0 1 1 0 0 1 0 0 1 0 0 1 0 0 0 1 1 0 0 0 0 0 0 1 0 1 0 0 0 0 0 1 0 1 0 0 1 1 0 0 0 1 0 0 1 0 0 1 1 0 0 1 1 10 0 0 0
1 1 0 0 1 0 0 1 0 0 0 0 0 0 0 10 0 1 0 1 0 0 0 0 0 0 0 0 0 0 0 0 1 1 1 0 0 1 0 0 0 0 0 0 0 0 0 0 1 10 0 0 1 0 0 1 0 0 0 0
0 1 1 1 0 0 0 0 0 0 0 10 0 0 1 1 0 1 1 0 0 0 0 0 0 0 1 0 1 0 0 1 1 0 10 0 0 0 0 1 1 0 0 0 0 0 0 0 0 1 0 0 1 1 1 10 1 0 0 0
1 0 1 0 0 0 0 0 0 0 1 0 0 0 0 0 0 0 1 0 0 0 10 1 1 1 1 1 0 0 1 0 1 0 0 0 1 0 1 0 1 0 0 1 1 0 1 0 1 0 0 1 0 0 1 0 1 0 1 1
0 0 0 0 0 0 0 0 0 1 0 0 0 0 1 0 0 0 0 0 1 0 0 1 0 0 1 0 0 1 0 0 0 0 0 0 0 0 1 0 0 1 0 0 0 0 0 1 1 0 0 0 0 0 1 0 0 0 0 0
1 0 0 1 0 0 0 0 0 0 0 0 0 0 0 0 0 0 0 1 0 0 0 0 0 0 0 0 0 0 0 0 0 0 0 0 0 0 0 0 0 0 0 0 0 0 0 0 1 0 0 0 0 0 0 0 0 0 0 0
0 0 1 0 0 0 0 0 0 0 0 0 0 1 0 0 0 0 0 1 0 0 0 0 0 0 0 0 1 0 0 0 0 0 0 0 0 0 0 1 0 0 1 0 1 0 0 1 0 0 10 1 0 0 0 1 0 1 1 0
0 0 0 0 0 0 1 0 0 0 0 0 0 0 1 0 0 0 0 0 0 0 0 1 0 0 0 0 0 0 0 0 0 0 0 0 0 0 1 0 0 1 0 0 0 0 0 0 1 0 0 0 0 0 1 0 0 0 0 0
0 0 0 0 0 1 0 0 0 0 0 0 1 0 0 0 1 0 0 0 0 0 1 1 1 1 0 1 1 1 1 1 1 1 0 0 0 0 0 0 0 0 1 0 0 0 1 0 1 0 1 1 0 1 0 0 1 1 1 0
0 0 1 0 10 0 0 0 0 0 0 0 0 1 1 0 0 0 1 0 1 0 0 1 0 0 1 0 1 0 0 1 1 0 1 0 0 0 0 1 1 0 0 0 0 0 0 0 0 0 0 0 0 1 1 1 1 0 1 1
0 0 0 0 0 0 0 0 0 0 1 0 0 0 0 0 1 0 0 0 0 0 0 0 1 0 0 0 0 0 0 1 0 1 0 1 0 0 0 0 0 0 1 1 0 0 0 0 0 0 1 0 0 0 0 0 0 0 0 0
1 0 0 0 0 0 0 0 1 0 0 1 0 0 0 0 0 0 0 0 1 0 0 1 0 0 0 0 1 0 0 0 1 0 0 0 0 0 0 0 1 1 1 0 0 1 0 0 0 0 0 0 0 0 0 1 0 1 10 1
0 1 1 0 1 0 1 0 0 1 0 1 0 0 0 0 0 0 1 0 0 0 0 1 0 0 1 0 1 0 0 0 0 0 1 0 0 1 1 1 1 10 1 0 0 0 0 1 1 0 0 0 0 0 10 1 1 0 0 0
0 10 0 10 1 0 0 0 0 0 0 0 0 0 0 0 0 10 1 1 0 0 0 0 0 0 0 0 0 0 0 1 1 10 10 0 0 1 0 0 0 0 0 1 0 0 0 0 0 10 0 0 1 0 0 1 0 0 0 1
0 0 0 0 0 0 0 0 0 0 1 0 1 0 0 0 0 0 0 0 0 0 0 0 1 0 0 0 0 0 0 1 0 1 0 0 0 0 0 0 0 0 1 0 0 0 0 0 0 0 1 0 0 0 0 0 0 0 0 0
0 10 0 1 1 0 0 0 0 0 0 0 0 0 0 10 0 0 1 1 0 1 0 0 0 0 0 0 0 0 0 1 1 1 10 0 0 1 0 0 0 0 0 1 0 0 1 0 0 10 0 0 1 0 0 1 0 0 0 1
0 1 1 0 1 1 0 0 0 0 0 1 0 0 1 1 0 1 0 1 0 0 1 0 1 0 10 1 1 0 0 1 0 1 10 0 0 0 1 1 10 0 0 10 1 0 0 0 0 0 0 0 0 0 10 1 1 0 0 10
1 1 1 1 0 0 0 1 1 0 0 0 0 0 0 1 0 1 1 0 0 0 0 0 0 0 0 0 0 0 0 1 0 1 1 0 0 0 0 0 0 0 0 1 1 0 0 1 1 0 1 1 0 0 0 0 0 0 0 1
0 0 0 0 0 0 1 0 0 0 0 1 0 1 0 0 0 0 0 0 0 0 0 1 0 0 1 0 0 1 1 0 1 0 0 1 0 0 0 0 0 0 0 0 0 0 0 1 0 0 0 0 0 0 0 0 0 0 1 1
0 0 0 0 0 0 0 0 0 0 0 0 0 0 0 0 0 1 0 0 0 0 0 0 0 0 0 0 0 0 0 0 0 0 0 0 0 1 0 0 0 0 0 0 0 0 1 0 0 1 0 0 0 0 0 0 0 0 0 0
0 0 0 0 0 10 0 0 0 0 1 0 0 0 0 0 0 0 1 0 0 0 0 1 1 1 1 1 0 0 1 0 1 0 0 0 0 0 1 0 1 0 0 1 1 0 1 0 1 0 0 1 0 0 1 0 0 0 1 1
0 0 0 0 0 1 1 0 0 1 1 1 0 1 1 0 0 0 0 0 1 0 1 0 0 1 0 0 0 0 1 0 10 0 0 0 0 0 1 0 0 1 0 0 0 0 1 0 10 0 0 1 0 0 1 0 0 0 10 1
0 0 0 0 0 1 0 0 0 0 1 0 1 0 0 0 1 0 1 0 0 0 1 0 0 0 1 1 0 0 0 1 0 1 0 0 0 0 1 0 1 0 1 1 1 0 0 0 0 0 1 0 0 0 1 0 0 0 0 1
0 0 0 0 0 1 0 0 0 0 1 0 0 0 0 0 0 0 0 0 0 0 1 1 0 0 0 0 0 0 1 0 1 0 0 0 0 0 0 0 0 0 0 0 0 0 1 0 1 0 0 1 0 0 0 0 0 0 1 0
0 0 1 0 1 1 1 0 0 0 0 1 0 0 1 0 0 0 10 0 1 0 1 0 1 0 0 1 1 1 0 0 0 0 1 0 0 0 1 1 10 0 0 1 1 0 0 1 0 0 0 0 0 0 10 1 1 0 0 1
0 0 0 0 0 1 0 0 0 0 1 0 0 0 0 0 0 0 1 0 0 0 1 0 1 0 1 0 1 1 0 0 0 0 0 0 0 0 1 0 1 0 0 1 1 0 0 0 0 0 0 0 0 1 1 0 1 1 0 1
0 0 1 0 1 0 0 0 1 0 1 1 0 1 1 0 0 0 1 0 0 0 0 0 0 0 1 1 0 1 0 0 0 0 1 0 0 0 0 1 1 0 1 0 0 0 0 0 0 0 0 0 0 1 1 10 10 10 1 0
0 0 0 0 0 0 1 0 0 0 1 0 0 0 0 0 0 0 0 0 1 0 0 0 0 0 1 1 1 0 0 0 0 0 0 0 0 0 0 0 0 0 0 0 0 0 0 1 0 0 0 0 0 1 0 0 1 1 0 0
0 0 0 0 0 1 0 0 0 0 1 0 0 0 0 0 0 0 0 0 1 0 1 1 0 1 0 0 0 0 0 0 1 0 0 1 0 0 0 0 0 0 0 0 0 0 1 0 1 0 0 1 0 0 0 0 0 0 1 0
0 1 0 0 1 0 0 0 0 0 1 1 1 0 0 1 1 1 1 1 0 0 0 0 1 0 0 0 0 0 0 0 0 10 1 0 0 0 0 0 0 0 1 1 0 0 0 0 0 0 1 0 0 1 0 0 0 0 0 1
0 1 0 1 1 1 0 0 0 0 1 1 0 1 0 1 0 1 0 0 1 0 1 10 0 1 0 0 0 0 1 0 0 0 1 0 0 0 0 0 0 0 0 0 0 0 1 0 1 1 0 1 1 0 0 1 0 0 10 1
0 1 0 1 0 0 0 0 0 0 1 0 1 0 0 10 1 1 1 1 0 0 0 0 1 0 0 0 0 0 0 10 0 0 1 0 0 1 0 0 0 0 1 1 0 0 0 0 0 1 1 0 0 0 0 0 0 0 0 1
0 10 1 1 10 0 0 0 0 0 0 1 0 0 1 10 0 10 10 1 0 0 0 0 0 0 1 0 1 0 0 1 1 1 0 0 0 0 0 1 1 0 0 1 0 0 0 0 0 1 0 0 1 0 1 10 1 0 0 1
0 0 0 0 0 0 0 0 0 0 0 0 1 0 0 0 0 0 0 0 1 0 0 0 0 0 0 0 0 0 1 0 0 0 0 0 0 0 0 0 0 0 0 1 0 0 0 0 0 0 0 0 0 0 0 0 0 0 0 0
1 0 1 0 0 1 0 0 0 0 0 0 0 0 0 0 0 0 0 0 0 0 0 0 0 0 0 0 0 0 0 0 0 0 0 0 0 0 0 0 0 0 0 0 0 0 0 0 0 0 0 0 0 0 0 0 1 0 0 0
0 1 0 1 0 0 0 0 0 0 0 0 0 0 1 1 0 1 0 0 0 1 0 0 0 0 0 0 0 0 0 0 0 1 0 0 0 0 0 0 0 1 1 0 0 0 1 1 0 10 0 0 0 0 0 0 0 0 0 0
0 0 0 0 0 1 1 0 0 1 0 0 0 0 1 0 0 0 1 0 0 0 1 1 1 0 1 1 0 0 0 0 0 0 0 0 0 0 0 0 1 1 0 1 1 0 0 0 1 0 0 0 0 0 10 0 0 0 0 1
0 0 1 0 1 0 0 0 1 0 0 1 0 0 1 0 0 0 1 0 0 0 0 0 0 0 1 0 1 0 0 0 0 0 1 0 0 0 0 0 1 0 0 0 0 0 0 0 0 0 1 0 0 0 1 1 1 0 0 0
1 0 1 0 1 1 0 0 0 0 0 1 0 1 1 0 0 0 10 0 0 0 1 0 1 0 10 1 1 0 0 0 0 0 1 0 0 0 1 1 0 1 0 1 1 1 0 0 0 0 0 0 0 0 10 1 1 0 0 1
1 1 0 0 0 0 1 0 0 1 0 0 0 1 10 0 0 0 0 0 0 0 0 1 0 0 0 0 0 0 0 0 0 0 0 0 0 1 1 0 1 0 1 0 0 1 0 1 1 0 0 0 0 0 1 0 0 0 0 0
0 1 0 0 0 0 0 0 1 0 1 0 1 1 1 0 1 0 0 0 0 0 0 0 1 0 0 0 1 0 0 1 0 1 0 0 0 1 0 0 0 1 0 0 0 0 0 1 0 0 1 0 0 0 0 1 0 1 1 0
0 1 0 0 0 1 0 0 0 0 0 0 1 0 0 1 0 1 10 1 0 0 1 0 1 0 1 1 0 0 0 1 0 1 1 1 0 0 1 0 1 0 0 0 1 0 0 0 0 0 0 0 0 0 1 0 0 0 0 10
0 0 1 0 0 1 0 0 1 0 0 0 0 0 0 0 0 0 1 1 0 0 1 0 1 0 1 1 0 0 0 0 0 0 0 0 0 0 1 0 1 0 0 1 0 0 0 1 0 0 1 1 0 0 1 0 0 0 0 1
1 0 0 0 0 0 0 0 0 0 0 0 0 1 0 0 0 0 0 0 0 0 0 0 0 0 0 0 0 0 0 0 0 0 0 0 0 0 0 0 1 1 0 0 0 0 0 0 0 0 0 0 0 0 0 0 0 0 0 0
0 0 0 0 0 1 0 0 0 0 1 0 0 0 0 0 0 1 0 0 0 1 1 1 0 1 0 0 0 0 1 0 1 0 0 0 0 1 0 0 0 0 0 0 0 0 0 0 1 1 0 1 0 0 0 0 0 0 1 0
0 1 1 0 0 0 1 0 1 0 0 0 0 0 1 0 0 0 0 1 1 0 0 0 0 0 1 0 0 1 0 0 0 0 0 0 0 1 0 0 0 1 1 0 1 0 0 0 0 0 1 1 0 0 0 0 0 0 0 0
1 0 0 1 0 1 1 1 0 1 1 0 0 0 1 0 0 0 0 1 0 0 1 10 0 1 0 0 0 0 1 0 1 0 0 0 0 0 1 0 0 1 0 0 0 0 1 0 0 0 0 1 0 0 1 0 0 0 1 0
0 1 0 10 1 0 0 0 0 0 0 0 0 0 0 10 0 10 0 0 0 1 0 0 0 0 0 0 0 0 0 0 1 1 1 0 0 10 0 0 0 0 0 0 0 0 1 0 0 0 0 0 1 0 0 1 0 0 0 0
0 0 1 0 0 0 0 0 10 0 1 0 1 0 0 0 1 0 0 1 0 0 0 0 1 0 0 0 0 0 0 1 0 1 0 0 0 0 0 1 0 0 1 0 1 0 0 1 0 0 0 1 0 0 0 0 0 0 0 0
0 0 1 0 0 1 0 0 1 0 1 0 0 0 0 0 0 0 0 1 0 0 1 1 0 1 0 0 0 0 1 0 1 0 0 0 0 0 0 0 0 0 0 0 1 0 1 1 1 0 1 0 0 0 0 0 0 0 1 0
0 1 0 1 1 0 0 0 0 0 0 0 0 0 0 1 0 1 0 0 0 0 0 0 0 0 0 0 0 0 0 0 1 0 1 0 0 0 0 0 0 0 0 0 0 0 0 0 0 1 0 0 0 0 0 1 0 0 0 0
0 0 0 0 1 0 0 0 0 0 1 1 0 0 0 0 0 0 0 0 0 0 0 0 0 0 0 1 1 1 0 1 0 0 0 0 0 0 0 0 0 0 0 0 0 0 0 0 0 0 0 0 0 0 0 0 1 1 0 0
0 0 1 0 1 1 1 0 0 1 0 1 0 0 10 0 0 0 10 0 0 0 1 1 1 0 10 1 1 0 0 0 0 0 1 0 0 0 10 1 10 1 0 1 1 0 0 0 1 0 0 0 0 0 0 1 1 0 0 1
0 1 1 1 10 0 0 0 1 0 0 1 0 1 1 1 0 1 1 0 0 0 0 0 0 0 1 0 10 0 0 0 1 0 10 0 0 0 0 1 1 0 1 0 0 0 0 0 0 1 0 0 1 0 1 0 1 1 1 0
1 0 10 0 1 1 0 0 0 0 1 1 0 0 1 0 0 0 1 0 0 0 0 0 0 0 1 1 10 1 0 0 0 0 1 0 1 0 0 1 1 0 0 0 0 0 0 0 0 0 0 0 0 1 1 1 0 1 0 0
0 0 0 0 0 0 0 0 1 0 1 0 0 1 0 0 0 0 0 0 0 0 0 0 0 0 0 1 10 1 0 0 0 0 0 0 0 0 0 0 0 0 1 0 0 0 0 0 0 0 0 0 0 1 0 1 1 0 1 0
0 0 0 0 0 1 0 0 1 0 1 1 0 10 0 0 0 0 0 0 1 0 1 10 0 1 0 0 1 0 1 0 10 0 0 0 0 0 0 0 0 0 1 0 0 0 1 0 1 0 0 1 0 0 0 1 0 1 0 1
0 1 0 0 0 1 0 0 0 0 0 1 0 1 0 1 0 1 10 1 1 0 1 1 1 0 1 1 0 0 0 1 1 1 1 0 0 0 1 0 1 0 0 10 1 0 0 0 0 0 0 0 0 0 1 0 0 0 1 0
2
4 9 3
6 4 3
3
4 8 
1 4
1 4
2 4
2 4
3 6
3 6
4 4
4 4
2 3 
1 4
1 4
2 6
2 2 
1 4
2 6
60 22
3 11 14 3
3 1 4 7
3 11 18 6
3 14 4 5
3 10 4 6
3 11 15 8
2 19 20
1 14
3 13 17 18
1 19
3 0 2 8
3 10 21 6
2 2 9
3 13 21 3
3 1 19 6
3 4 5 7
1 2
3 12 4 7
3 15 6 7
3 14 18 7
3 16 20 21
1 12
2 15 8
3 19 21 8
2 15 2
1 8
3 15 20 6
2 0 15
3 0 13 6
2 0 20
2 16 8
3 10 2 7
3 21 4 8
3 2 5 7
3 4 6 7
2 16 9
1 11
3 1 12 5
2 15 19
2 17 6
3 15 3 6
3 1 19 3
3 1 13 2
3 15 7 9
2 15 18
1 3
2 12 8
3 1 18 20
3 14 19 8
3 12 4 5
3 17 18 2
2 18 8
1 4
2 0 10
3 15 19 6
3 13 4 6
3 0 11 6
2 0 13
3 13 21 8
3 15 21 7
60 179
3 100 149 156
4 132 135 17 65
3 149 23 32
8 102 134 144 153 18 25 33 42
8 101 112 152 157 37 72 78 87
3 121 124 13
6 139 153 27 74 81 92
3 155 4 94
2 150 155
8 118 119 148 150 47 57 96 97
3 140 75 91
6 124 133 144 148 151 158
3 145 153 26
3 141 147 156
4 11 141 145 45
5 151 155 159 40 44
2 131 99
3 148 36 83
2 126 137
2 117 41
8 105 131 138 151 21 58 60 89
4 110 116 154 76
2 130 156
5 127 146 158 31 67
4 114 30 6 80
2 145 158
1 19
3 140 157 50
4 139 2 22 49
3 107 142 82
4 125 128 130 134
4 24 34 43 64
5 111 136 156 159 66
7 137 142 143 15 28 85 90
6 115 14 146 147 46 93
5 135 5 56 84 88
3 12 152 29
6 125 159 3 38 51 9
3 157 77 79
4 106 149 159 98
4 128 157 7 8
5 136 147 155 53 73
1 35
2 113 146
3 108 16 62
4 0 129 152 59
3 103 138 52
4 1 10 144 54
4 104 120 133 39
2 132 63
3 109 55 61
6 122 129 150 159 68 70
4 123 154 158 86
3 143 69 71
4 126 127 154 20
5 160 161 162 48 95
4 163 164 165 166
4 167 168 169 170
5 171 172 173 174 175
3 176 177 178
