34
0 0 1 0 1 0 1 1 0 0 0 0 0 0 0 1 0 1 1 0 0 1 0 0 1 1 0 1 0 0 1 0 0 0
0 0 0 1 0 1 1 0 1 0 1 0 0 0 0 0 0 0 0 0 0 0 1 0 0 1 0 0 0 0 0 0 1 0
1 0 0 1 1 0 1 0 0 0 0 0 0 0 1 0 1 1 1 0 0 0 1 0 1 0 0 1 0 1 1 0 0 0
0 1 1 0 0 10 1 0 1 1 10 0 0 0 1 0 1 0 1 1 1 0 10 0 0 1 0 0 1 1 0 0 1 0
1 0 1 0 0 0 1 1 1 0 1 0 0 0 1 0 0 10 1 0 0 1 1 0 1 0 0 1 0 0 1 0 0 0
0 1 0 10 0 0 1 0 1 1 10 0 1 0 0 0 0 0 1 1 1 0 1 0 0 1 1 0 1 0 1 0 1 1
1 1 1 1 1 1 0 0 1 1 1 1 0 0 0 0 0 1 1 1 0 0 1 0 1 1 1 1 0 0 10 0 1 0
1 0 0 0 1 0 0 0 1 0 1 0 0 0 0 1 0 0 0 0 0 1 0 0 0 1 0 0 0 0 0 0 0 0
0 1 0 1 1 1 1 1 0 0 10 0 0 0 0 0 0 0 0 0 0 0 1 0 0 1 0 0 0 0 0 0 1 0
0 0 0 1 0 1 1 0 0 0 1 1 0 0 0 0 0 0 1 10 1 0 0 0 0 0 1 0 1 0 1 0 0 0
0 1 0 10 1 10 1 1 10 1 0 0 0 0 0 0 0 0 1 1 1 0 1 0 0 1 0 0 1 0 0 0 1 0
0 0 0 0 0 0 1 0 0 1 0 0 0 0 0 0 0 0 0 1 0 0 0 0 0 0 1 0 0 0 1 0 0 0
0 0 0 0 0 1 0 0 0 0 0 0 0 0 0 0 0 0 0 1 1 0 0 0 1 0 1 0 0 0 1 1 0 1
0 0 0 0 0 0 0 0 0 0 0 0 0 0 0 0 1 0 0 0 0 1 0 0 0 0 0 0 0 0 0 0 1 1
0 0 1 1 1 0 0 0 0 0 0 0 0 0 0 0 1 1 0 0 0 1 10 0 0 0 0 0 0 1 0 0 0 0
1 0 0 0 0 0 0 1 0 0 0 0 0 0 0 0 1 0 1 0 0 1 0 1 1 1 1 1 1 0 0 0 0 1
0 0 1 1 0 0 0 0 0 0 0 0 0 1 1 1 0 0 1 0 0 1 1 1 1 0 1 1 1 1 0 0 1 10
1 0 1 0 10 0 1 0 0 0 0 0 0 0 1 0 0 0 1 0 0 1 1 0 1 0 0 1 0 0 1 0 0 0
1 0 1 1 1 1 1 0 0 1 1 0 0 0 0 1 1 1 0 1 1 0 0 1 10 0 1 10 10 0 1 0 0 1
0 0 0 1 0 1 1 0 0 10 1 1 1 0 0 0 0 0 1 0 10 0 0 0 1 0 1 0 1 0 1 1 0 0
0 0 0 1 0 1 0 0 0 1 1 0 1 0 0 0 0 0 1 10 0 0 0 0 1 0 0 0 1 0 0 1 0 0
1 0 0 0 1 0 0 1 0 0 0 0 0 1 1 1 1 1 0 0 0 0 1 0 0 1 0 0 0 0 0 0 1 1
0 1 1 10 1 1 1 0 1 0 1 0 0 0 10 0 1 1 0 0 0 1 0 0 0 1 0 0 0 1 0 0 1 0
0 0 0 0 0 0 0 0 0 0 0 0 0 0 0 1 1 0 1 0 0 0 0 0 1 0 1 1 1 0 0 0 0 1
1 0 1 0 1 0 1 0 0 0 0 0 1 0 0 1 1 1 10 1 1 0 0 1 0 0 1 10 1 0 1 1 0 1
1 1 0 1 0 1 1 1 1 0 1 0 0 0 0 1 0 0 0 0 0 1 1 0 0 0 0 0 0 0 0 0 1 0
0 0 0 0 0 1 1 0 0 1 0 1 1 0 0 1 1 0 1 1 0 0 0 1 1 0 0 1 1 0 10 0 0 10
1 0 1 0 1 0 1 0 0 0 0 0 0 0 0 1 1 1 10 0 0 0 0 1 10 0 1 0 1 0 1 0 0 1
0 0 0 1 0 1 0 0 0 1 1 0 0 0 0 1 1 0 10 1 1 0 0 1 1 0 1 1 0 0 0 0 0 1
0 0 1 1 0 0 0 0 0 0 0 0 0 0 1 0 1 0 0 0 0 0 1 0 0 0 0 0 0 0 0 0 0 0
1 0 1 0 1 1 10 0 0 1 0 1 1 0 0 0 0 1 1 1 0 0 0 0 1 0 10 1 0 0 0 0 0 1
0 0 0 0 0 0 0 0 0 0 0 0 1 0 0 0 0 0 0 1 1 0 0 0 1 0 0 0 0 0 0 0 0 0
0 1 0 1 0 1 1 0 1 0 1 0 0 1 0 0 1 0 0 0 0 1 1 0 0 1 0 0 0 0 0 0 0 1
0 0 0 0 0 1 0 0 0 0 0 0 1 1 0 1 10 0 1 0 0 1 0 1 1 0 10 1 1 0 1 0 1 0
3
3 2 3
4 4 3
6 2 3
1
4 8 
1 3
1 4
2 3
2 4
3 6
3 6
4 4
4 4
34 12
2 3 9
1 7
2 11 9
3 0 11 7
3 2 6 9
3 0 10 7
3 5 7 9
2 3 6
2 6 7
2 0 5
3 0 6 7
1 5
2 10 4
1 8
2 11 2
2 1 3
3 1 11 8
2 2 9
3 0 1 9
3 0 4 5
2 0 4
3 2 3 8
3 11 2 7
1 1
3 1 4 9
2 3 7
3 1 10 5
2 1 9
2 0 1
1 11
3 10 5 9
1 4
2 7 8
3 1 10 8
34 93
5 35 39 73 76 87
3 36 78 89
3 28 72 75
4 24 25 4 86
4 17 26 83 85
3 14 50 88
2 22 38
2 51 89
4 30 5 77 81
4 45 79 84 86
2 43 71
3 20 41 78
8 3 37 54 7 72 74 85 86
3 16 33 57
8 0 21 46 71 84 88 89 9
5 18 32 48 67 74
4 11 42 64 77
3 27 55 85
4 12 13 15 84
4 34 73 87 89
3 61 66 82
2 19 87
4 65 79 82 88
5 1 44 6 70 81
1 49
2 23 59
2 2 68
4 10 60 75 83
4 29 53 62 69
5 31 40 52 56 88
2 47 80
3 58 63 82
5 76 8 80 83 90
2 91 92
