34
0 1 1 0 0 0 1 100 0 1 1 0 1 0 0 0 1 0 0 0 0 0 1 1 10 1 0 0 10 1 1 1 1 0
1 0 0 1 1 1 1 1 0 1 0 1 0 1 0 0 1 0 0 1 0 0 0 1 1 0 0 10 1 1 1 0 1 0
1 0 0 0 0 0 1 1 0 0 0 0 0 0 0 0 0 0 0 0 0 0 1 0 0 0 0 0 0 0 0 1 0 0
0 1 0 0 0 1 10 0 0 0 1 1 0 1 1 10 0 1 1 0 1 0 1 1 0 0 0 10 0 0 1 0 0 1
0 1 0 0 0 1 0 0 10 1 1 0 0 1 0 0 1 1 0 10 1 0 0 1 0 0 1 1 0 10 1 1 1 0
0 1 0 1 1 0 1 0 1 1 0 1 0 10 0 0 0 1 0 0 1 0 0 0 0 0 0 1 0 1 10 1 0 0
1 1 1 10 0 1 0 1 0 0 0 1 0 1 1 1 0 0 0 0 1 0 10 0 0 0 0 1 0 0 1 1 0 0
100 1 1 0 0 0 1 0 0 1 1 0 1 0 0 0 1 0 0 0 0 0 1 1 10 1 0 0 10 1 1 1 1 0
0 0 0 0 10 1 0 0 0 1 1 0 1 1 1 0 1 1 0 1 1 1 0 1 0 0 10 0 0 1 1 10 1 0
1 1 0 0 1 1 0 1 1 0 0 0 0 1 0 0 1 1 0 0 1 0 0 1 1 0 0 0 1 1 1 1 1 0
1 0 0 1 1 0 0 1 1 0 0 0 1 0 0 1 1 1 1 1 0 0 0 10 1 1 1 1 1 1 1 0 1 1
0 1 0 1 0 1 1 0 0 0 0 0 0 10 0 0 0 1 0 0 0 10 1 0 0 1 1 1 0 0 1 0 1 0
1 0 0 0 0 0 0 1 1 0 1 0 0 0 1 0 0 0 0 0 0 1 0 0 1 1 1 0 1 1 1 1 0 0
0 1 0 1 1 10 1 0 1 1 0 10 0 0 0 0 0 1 0 0 1 1 1 0 0 0 1 1 0 1 10 1 1 0
0 0 0 1 0 0 1 0 1 0 0 0 1 0 0 1 0 0 0 0 1 1 1 0 0 0 1 0 0 0 0 1 0 0
0 0 0 10 0 0 1 0 0 0 1 0 0 0 1 0 0 1 1 0 1 0 1 1 0 0 0 1 0 0 0 0 0 1
1 1 0 0 1 0 0 1 1 1 1 0 0 0 0 0 0 0 0 1 0 0 0 10 1 0 1 0 1 0 0 0 10 0
0 0 0 1 1 1 0 0 1 1 1 1 0 1 0 1 0 0 1 0 1 1 0 1 0 1 0 1 0 1 1 1 0 1
0 0 0 1 0 0 0 0 0 0 1 0 0 0 0 1 0 1 0 0 0 0 0 1 0 0 0 1 0 0 0 0 0 1
0 1 0 0 10 0 0 0 1 0 1 0 0 0 0 0 1 0 0 0 0 0 0 1 0 0 1 1 0 1 0 0 1 0
0 0 0 1 1 1 1 0 1 1 0 0 0 1 1 1 0 1 0 0 0 0 1 0 0 0 0 0 0 1 1 1 0 0
0 0 0 0 0 0 0 0 1 0 0 10 1 1 1 0 0 1 0 0 0 0 1 0 0 1 10 0 0 0 0 1 1 0
1 0 1 1 0 0 10 1 0 0 0 1 0 1 1 1 0 0 0 0 1 1 0 0 0 0 1 0 0 0 0 1 1 0
1 1 0 1 1 0 0 1 1 1 10 0 0 0 0 1 10 1 1 1 0 0 0 0 1 0 1 1 1 0 0 0 10 1
10 1 0 0 0 0 0 10 0 1 1 0 1 0 0 0 1 0 0 0 0 0 0 1 0 1 0 0 10 1 1 0 1 0
1 0 0 0 0 0 0 1 0 0 1 1 1 0 0 0 0 1 0 0 0 1 0 0 1 0 0 0 1 1 1 0 0 0
0 0 0 0 1 0 0 0 10 0 1 1 1 1 1 0 1 0 0 1 0 10 1 1 0 0 0 0 0 0 0 1 10 0
0 10 0 10 1 1 1 0 0 0 1 1 0 1 0 1 0 1 1 1 0 0 0 1 0 0 0 0 0 1 1 0 0 1
10 1 0 0 0 0 0 10 0 1 1 0 1 0 0 0 1 0 0 0 0 0 0 1 10 1 0 0 0 1 1 0 1 0
1 1 0 0 10 1 0 1 1 1 1 0 1 1 0 0 0 1 0 1 1 0 0 0 1 1 0 1 1 0 10 1 0 0
1 1 0 1 1 10 1 1 1 1 1 1 1 10 0 0 0 1 0 0 1 0 0 0 1 1 0 1 1 10 0 1 0 0
1 0 1 0 1 1 1 1 10 1 0 0 1 1 1 0 0 1 0 0 1 1 1 0 0 0 1 0 0 1 1 0 0 0
1 1 0 0 1 0 0 1 1 1 1 1 0 1 0 0 10 0 0 1 0 1 1 10 1 0 10 0 1 0 0 0 0 0
0 0 0 1 0 0 0 0 0 0 1 0 0 0 0 1 0 1 1 0 0 0 0 1 0 0 0 1 0 0 0 0 0 0
3
3 2 3
4 4 3
6 2 3
1
4 8 
1 3
1 4
2 3
2 4
3 6
3 6
4 4
4 4
34 12
3 11 6 7
3 2 6 9
1 7
3 2 3 8
3 1 4 9
2 2 4
3 2 3 7
3 11 6 7
3 1 10 4
2 4 6
3 1 11 8
3 0 2 5
2 10 11
3 0 2 4
2 10 3
2 3 8
2 1 6
3 4 5 8
1 8
2 1 9
2 3 4
3 0 10 5
3 0 3 7
3 1 6 8
2 11 6
2 11 5
3 0 1 10
3 2 8 9
2 11 6
3 11 4 9
3 11 2 4
3 10 4 7
3 0 1 6
1 8
34 108
3 2 62 66
3 18 39 58
4 16 21 29 81
4 20 24 67 86
3 4 71 80
3 32 85 89
3 3 37 72
3 5 51 89
2 84 88
4 28 44 49 73
7 17 40 75 76 77 8 83
3 34 65 83
8 25 27 30 31 38 41 52 89
7 35 53 59 6 74 77 83
2 46 73
3 12 48 82
4 13 68 70 85
4 55 63 80 87
4 47 57 64 87
2 22 69
4 76 79 87 89
4 14 43 45 9
3 10 26 86
8 19 42 7 71 72 79 86 88
7 0 36 54 56 74 75 82
3 33 82 88
5 1 11 78 81 85
3 23 50 84
4 61 78 84 88
4 15 60 90 91
4 92 93 94 95
4 96 97 98 99
3 100 101 102
5 103 104 105 106 107
