52
0 1 1 1 1 10 0 1 1 1 0 1 0 1 1 1 0 0 0 1 10 0 10 1 1 1 1 1 1 1 0 1 0 0 0 10 0 0 1 0 10 10 0 1 1 1 1 1 1 1 10 1
1 0 1 1 1 10 1 1 10 10 10 10 1 10 10 1 10 10 1 10 1 1 10 1 1 10 10 1 1 100 1 1 1 1 1 10 1 1 1 10 10 10 1 1 10 10 1 1 10 10 10 1
1 1 0 0 0 10 0 1 10 10 10 0 1 1 10 100 10 10 1 1 1 1 10 100 1 10 10 1 10 1 1 10 1 10 10 1 1 1 100 10 10 1 0 10 10 1 10 1 1 10 1 1
1 1 0 0 1 1 0 0 1 0 0 1 0 1 1 0 0 0 0 1 1 0 1 0 0 1 1 1 0 1 0 0 0 0 0 1 0 0 0 0 1 1 0 0 0 1 0 1 1 1 1 0
1 1 0 1 0 1 0 0 1 0 0 1 0 1 1 0 0 0 0 1 1 0 1 0 0 1 1 1 0 1 0 0 0 0 0 1 0 0 0 0 1 1 0 0 0 1 0 1 1 1 1 0
10 10 10 1 1 0 0 1 10 10 1 1 0 1 10 10 1 1 1 1 10 1 100 10 1 10 10 1 10 10 0 10 0 1 1 10 1 0 10 1 100 10 0 10 10 1 1 1 1 10 10 1
0 1 0 0 0 0 0 1 0 1 1 1 1 1 0 0 1 1 0 1 0 0 0 0 1 0 0 0 0 1 1 0 1 0 0 1 0 1 0 1 0 1 1 0 1 1 1 0 1 0 1 1
1 1 1 0 0 1 1 0 0 10 1 1 1 1 0 1 1 1 0 1 1 0 1 1 10 0 0 0 1 1 1 1 1 0 0 10 0 1 1 1 1 10 1 1 10 1 10 0 1 0 10 10
1 10 10 1 1 10 0 0 0 1 10 1 1 10 100 10 10 10 1 10 1 1 10 10 0 100 100 10 1 10 1 1 1 10 10 1 1 1 10 10 10 1 0 1 1 10 1 10 10 100 1 0
1 10 10 0 0 10 1 10 1 0 10 1 1 1 1 10 10 10 1 1 1 1 10 10 10 1 1 0 10 10 1 10 1 1 1 10 1 1 10 10 10 10 1 10 100 1 10 0 1 1 10 10
0 10 10 0 0 1 1 1 10 10 0 1 10 10 10 10 100 100 1 10 0 1 1 10 1 10 10 1 1 10 10 1 10 10 10 1 1 10 10 100 1 1 1 1 10 10 10 1 10 10 1 1
1 10 0 1 1 1 1 1 1 1 1 0 1 10 1 0 1 1 0 10 1 0 1 0 1 1 1 1 0 10 1 0 1 0 0 10 0 1 0 1 1 10 1 0 1 10 1 1 10 1 10 1
0 1 1 0 0 0 1 1 1 1 10 1 0 10 1 1 10 10 0 10 0 0 0 1 1 1 1 1 0 1 10 0 10 1 1 1 0 10 1 10 0 1 1 0 1 10 10 1 10 1 1 1
1 10 1 1 1 1 1 1 10 1 10 10 10 0 10 1 10 10 0 100 1 0 1 1 1 10 10 10 0 10 10 0 10 1 1 10 0 10 1 10 1 10 1 0 1 100 10 10 100 10 10 1
1 10 10 1 1 10 0 0 100 1 10 1 1 10 0 10 10 10 1 10 1 1 10 10 0 100 100 10 1 10 1 1 1 10 10 1 1 1 10 10 10 1 0 1 1 10 1 10 10 100 1 0
1 1 100 0 0 10 0 1 10 10 10 0 1 1 10 0 10 10 1 1 1 1 10 100 1 10 10 1 10 1 1 10 1 10 10 1 1 1 100 10 10 1 0 10 10 1 10 1 1 10 1 1
0 10 10 0 0 1 1 1 10 10 100 1 10 10 10 10 0 100 1 10 0 1 1 10 1 10 10 1 1 10 10 1 10 10 10 1 1 10 10 100 1 1 1 1 10 10 10 1 10 10 1 1
0 10 10 0 0 1 1 1 10 10 100 1 10 10 10 10 100 0 1 10 0 1 1 10 1 10 10 1 1 10 10 1 10 10 10 1 1 10 10 100 1 1 1 1 10 10 10 1 10 10 1 1
0 1 1 0 0 1 0 0 1 1 1 0 0 0 1 1 1 1 0 0 0 1 1 1 0 1 1 0 1 1 0 1 0 1 1 0 1 0 1 1 1 0 0 1 1 0 0 0 0 1 0 0
1 10 1 1 1 1 1 1 10 1 10 10 10 100 10 1 10 10 0 0 1 0 1 1 1 10 10 10 0 10 10 0 10 1 1 10 0 10 1 10 1 10 1 0 1 100 10 10 100 10 10 1
10 1 1 1 1 10 0 1 1 1 0 1 0 1 1 1 0 0 0 1 0 0 10 1 1 1 1 1 1 1 0 1 0 0 0 10 0 0 1 0 10 10 0 1 1 1 1 1 1 1 10 1
0 1 1 0 0 1 0 0 1 1 1 0 0 0 1 1 1 1 1 0 0 0 1 1 0 1 1 0 1 1 0 1 0 1 1 0 1 0 1 1 1 0 0 1 1 0 0 0 0 1 0 0
10 10 10 1 1 100 0 1 10 10 1 1 0 1 10 10 1 1 1 1 10 1 0 10 1 10 10 1 10 10 0 10 0 1 1 10 1 0 10 1 100 10 0 10 10 1 1 1 1 10 10 1
1 1 100 0 0 10 0 1 10 10 10 0 1 1 10 100 10 10 1 1 1 1 10 0 1 10 10 1 10 1 1 10 1 10 10 1 1 1 100 10 10 1 0 10 10 1 10 1 1 10 1 1
1 1 1 0 0 1 1 10 0 10 1 1 1 1 0 1 1 1 0 1 1 0 1 1 0 0 0 0 1 1 1 1 1 0 0 10 0 1 1 1 1 10 1 1 10 1 10 0 1 0 10 10
1 10 10 1 1 10 0 0 100 1 10 1 1 10 100 10 10 10 1 10 1 1 10 10 0 0 100 10 1 10 1 1 1 10 10 1 1 1 10 10 10 1 0 1 1 10 1 10 10 100 1 0
1 10 10 1 1 10 0 0 100 1 10 1 1 10 100 10 10 10 1 10 1 1 10 10 0 100 0 10 1 10 1 1 1 10 10 1 1 1 10 10 10 1 0 1 1 10 1 10 10 100 1 0
1 1 1 1 1 1 0 0 10 0 1 1 1 10 10 1 1 1 0 10 1 0 1 1 0 10 10 0 0 1 1 0 1 1 1 1 0 1 1 1 1 1 0 0 0 10 1 10 10 10 1 0
1 1 10 0 0 10 0 1 1 10 1 0 0 0 1 10 1 1 1 0 1 1 10 10 1 1 1 0 0 1 0 10 0 1 1 1 1 0 10 1 10 1 0 10 10 0 1 0 0 1 1 1
1 100 1 1 1 10 1 1 10 10 10 10 1 10 10 1 10 10 1 10 1 1 10 1 1 10 10 1 1 0 1 1 1 1 1 10 1 1 1 10 10 10 1 1 10 10 1 1 10 10 10 1
0 1 1 0 0 0 1 1 1 1 10 1 10 10 1 1 10 10 0 10 0 0 0 1 1 1 1 1 0 1 0 0 10 1 1 1 0 10 1 10 0 1 1 0 1 10 10 1 10 1 1 1
1 1 10 0 0 10 0 1 1 10 1 0 0 0 1 10 1 1 1 0 1 1 10 10 1 1 1 0 10 1 0 0 0 1 1 1 1 0 10 1 10 1 0 10 10 0 1 0 0 1 1 1
0 1 1 0 0 0 1 1 1 1 10 1 10 10 1 1 10 10 0 10 0 0 0 1 1 1 1 1 0 1 10 0 0 1 1 1 0 10 1 10 0 1 1 0 1 10 10 1 10 1 1 1
0 1 10 0 0 1 0 0 10 1 10 0 1 1 10 10 10 10 1 1 0 1 1 10 0 10 10 1 1 1 1 1 1 0 10 0 1 1 10 10 1 0 0 1 1 1 1 1 1 10 0 0
0 1 10 0 0 1 0 0 10 1 10 0 1 1 10 10 10 10 1 1 0 1 1 10 0 10 10 1 1 1 1 1 1 10 0 0 1 1 10 10 1 0 0 1 1 1 1 1 1 10 0 0
10 10 1 1 1 10 1 10 1 10 1 10 1 10 1 1 1 1 0 10 10 0 10 1 10 1 1 1 1 10 1 1 1 0 0 0 0 1 1 1 10 100 1 1 10 10 10 1 10 1 100 10
0 1 1 0 0 1 0 0 1 1 1 0 0 0 1 1 1 1 1 0 0 1 1 1 0 1 1 0 1 1 0 1 0 1 1 0 0 0 1 1 1 0 0 1 1 0 0 0 0 1 0 0
0 1 1 0 0 0 1 1 1 1 10 1 10 10 1 1 10 10 0 10 0 0 0 1 1 1 1 1 0 1 10 0 10 1 1 1 0 0 1 10 0 1 1 0 1 10 10 1 10 1 1 1
1 1 100 0 0 10 0 1 10 10 10 0 1 1 10 100 10 10 1 1 1 1 10 100 1 10 10 1 10 1 1 10 1 10 10 1 1 1 0 10 10 1 0 10 10 1 10 1 1 10 1 1
0 10 10 0 0 1 1 1 10 10 100 1 10 10 10 10 100 100 1 10 0 1 1 10 1 10 10 1 1 10 10 1 10 10 10 1 1 10 10 0 1 1 1 1 10 10 10 1 10 10 1 1
10 10 10 1 1 100 0 1 10 10 1 1 0 1 10 10 1 1 1 1 10 1 100 10 1 10 10 1 10 10 0 10 0 1 1 10 1 0 10 1 0 10 0 10 10 1 1 1 1 10 10 1
10 10 1 1 1 10 1 10 1 10 1 10 1 10 1 1 1 1 0 10 10 0 10 1 10 1 1 1 1 10 1 1 1 0 0 100 0 1 1 1 10 0 1 1 10 10 10 1 10 1 100 10
0 1 0 0 0 0 1 1 0 1 1 1 1 1 0 0 1 1 0 1 0 0 0 0 1 0 0 0 0 1 1 0 1 0 0 1 0 1 0 1 0 1 0 0 1 1 1 0 1 0 1 1
1 1 10 0 0 10 0 1 1 10 1 0 0 0 1 10 1 1 1 0 1 1 10 10 1 1 1 0 10 1 0 10 0 1 1 1 1 0 10 1 10 1 0 0 10 0 1 0 0 1 1 1
1 10 10 0 0 10 1 10 1 100 10 1 1 1 1 10 10 10 1 1 1 1 10 10 10 1 1 0 10 10 1 10 1 1 1 10 1 1 10 10 10 10 1 10 0 1 10 0 1 1 10 10
1 10 1 1 1 1 1 1 10 1 10 10 10 100 10 1 10 10 0 100 1 0 1 1 1 10 10 10 0 10 10 0 10 1 1 10 0 10 1 10 1 10 1 0 1 0 10 10 100 10 10 1
1 1 10 0 0 1 1 10 1 10 10 1 10 10 1 10 10 10 0 10 1 0 1 10 10 1 1 1 1 1 10 1 10 1 1 10 0 10 10 10 1 10 1 1 10 10 0 1 10 1 10 10
1 1 1 1 1 1 0 0 10 0 1 1 1 10 10 1 1 1 0 10 1 0 1 1 0 10 10 10 0 1 1 0 1 1 1 1 0 1 1 1 1 1 0 0 0 10 1 0 10 10 1 0
1 10 1 1 1 1 1 1 10 1 10 10 10 100 10 1 10 10 0 100 1 0 1 1 1 10 10 10 0 10 10 0 10 1 1 10 0 10 1 10 1 10 1 0 1 100 10 10 0 10 10 1
1 10 10 1 1 10 0 0 100 1 10 1 1 10 100 10 10 10 1 10 1 1 10 10 0 100 100 10 1 10 1 1 1 10 10 1 1 1 10 10 10 1 0 1 1 10 1 10 10 0 1 0
10 10 1 1 1 10 1 10 1 10 1 10 1 10 1 1 1 1 0 10 10 0 10 1 10 1 1 1 1 10 1 1 1 0 0 100 0 1 1 1 10 100 1 1 10 10 10 1 10 1 0 10
1 1 1 0 0 1 1 10 0 10 1 1 1 1 0 1 1 1 0 1 1 0 1 1 10 0 0 0 1 1 1 1 1 0 0 10 0 1 1 1 1 10 1 1 10 1 10 0 1 0 10 0
2
4 7 3
6 4 3
3
4 4 
1 4
2 4
3 6
4 4
2 4 
1 4
1 4
2 6
2 6
2 3 
1 4
1 4
2 6
52 5
2 0 4
3 1 3 4
3 0 1 2
1 4
1 4
3 0 1 4
1 3
2 0 3
3 1 2 4
3 0 1 3
3 1 2 3
2 3 4
2 2 3
3 2 3 4
3 1 2 4
3 0 1 2
3 1 2 3
3 1 2 3
1 1
3 2 3 4
2 0 4
1 1
3 0 1 4
3 0 1 2
2 0 3
3 1 2 4
3 1 2 4
2 2 4
2 0 1
3 1 3 4
2 2 3
2 0 1
2 2 3
2 1 2
2 1 2
3 0 3 4
1 1
2 2 3
3 0 1 2
3 1 2 3
3 0 1 4
3 0 3 4
1 3
2 0 1
3 0 1 3
3 2 3 4
3 0 2 3
2 2 4
3 2 3 4
3 1 2 4
3 0 3 4
2 0 3
52 145
3 130 133 135
2 18 73
4 125 126 135 137
4 111 116 2 84
2 54 63
5 125 127 132 19 41
4 1 110 12 124
2 66 69
4 106 53 89 97
4 10 122 128 40
4 126 130 136 42
3 114 136 87
3 100 118 62
6 108 132 22 29 32 38
2 107 33
2 117 122
2 134 98
4 118 47 67 82
3 104 36 56
3 121 4 77
5 109 132 14 46 59
3 115 13 133
3 127 134 48
7 103 111 121 124 25 71 78
5 112 115 39 45 92
3 119 5 60
3 129 20 31
8 0 128 26 28 64 75 79 9
8 11 123 136 34 55 72 76 85
2 74 93
4 108 117 30 83
3 110 131 134
2 130 6
3 131 15 3
3 116 124 91
3 102 134 90
5 119 120 125 27 94
5 107 137 52 68 86
3 109 136 57
4 123 49 61 8
2 126 95
5 113 133 137 65 80
4 101 113 17 24
2 137 44
3 16 21 7
4 114 135 37 81
5 105 106 120 127 129
2 43 96
4 133 137 35 88
5 128 23 50 51 99
8 112 123 129 131 135 138 58 70
6 139 140 141 142 143 144
