103
0 0 1 1 0 1 1 1 0 1 0 0 0 1 0 0 1 0 0 10 0 1 0 1 0 1 10 1 0 0 1 1 1 1 0 1 1 0 0 0 1 0 0 1 1 0 1 0 1 0 1 0 0 1 1 0 1 0 10 1 1 1 0 0 0 0 0 0 1 0 1 10 0 0 1 0 0 0 0 0 1 1 1 0 0 0 1 0 1 1 0 1 0 1 0 0 1 10 1 0 0 1 1
0 0 0 0 1 0 0 1 0 0 0 1 0 1 1 0 1 0 0 1 1 1 1 1 0 1 1 0 1 0 1 1 0 0 1 0 0 0 0 1 0 0 0 0 0 0 0 1 1 0 0 0 10 0 0 1 0 1 1 1 1 1 1 1 0 0 0 10 0 10 0 0 0 0 10 0 1 1 0 0 0 0 1 0 0 0 0 0 0 0 0 0 0 0 0 1 0 0 10 1 0 0 0
1 0 0 1 0 0 0 0 0 1 0 1 0 1 0 0 0 0 0 1 0 1 0 1 0 0 1 1 0 0 1 1 1 1 0 0 1 0 1 0 0 0 1 1 0 0 10 0 1 1 1 1 0 1 10 1 0 1 1 1 0 0 0 0 1 0 0 1 1 0 0 1 0 0 1 0 0 1 0 0 0 1 1 0 1 0 1 0 1 0 1 1 0 1 1 0 0 1 0 0 1 1 0
1 0 1 0 0 0 1 0 1 1 1 0 0 0 0 0 0 0 0 1 0 0 1 1 1 0 1 1 0 0 1 1 10 0 0 0 1 0 1 1 0 1 1 1 1 0 1 0 1 1 1 0 0 10 10 0 0 0 1 0 0 0 1 0 1 0 0 0 0 0 0 1 1 0 1 0 1 0 0 0 0 10 1 0 1 0 1 1 10 0 0 1 0 1 1 1 0 10 0 1 1 1 1
0 1 0 0 0 0 0 0 0 1 0 1 1 0 1 1 0 1 1 0 0 0 0 0 0 1 0 0 0 1 1 0 0 0 1 0 0 1 1 10 0 1 0 0 1 0 0 1 1 1 0 1 1 0 0 1 0 10 1 1 1 0 1 0 0 1 1 1 0 10 0 0 1 0 1 0 1 1 0 0 0 0 1 1 1 1 1 0 0 0 0 0 1 0 0 0 0 0 1 0 1 0 1
1 0 0 0 0 0 1 1 0 0 0 0 0 1 0 0 1 0 0 1 0 1 0 0 0 1 1 0 0 0 0 0 0 1 0 1 0 0 0 0 1 0 0 0 1 0 0 0 0 0 0 0 0 0 0 0 1 0 1 1 1 1 0 0 0 0 0 0 1 0 1 1 0 0 0 0 0 0 0 0 1 0 0 0 0 0 0 0 0 1 0 1 0 0 0 0 1 1 1 0 0 0 1
1 0 0 1 0 1 0 1 1 0 1 0 0 1 1 1 10 1 0 1 1 1 1 1 10 1 1 0 0 1 0 1 1 1 0 1 0 0 1 1 1 1 10 1 10 1 0 1 0 1 1 0 0 1 1 0 10 0 1 1 1 1 1 0 10 0 1 0 10 0 1 10 1 0 0 1 1 0 1 0 1 1 0 0 1 0 0 1 1 1 1 10 1 0 1 1 10 10 1 1 1 0 10
1 1 0 0 0 1 1 0 1 0 0 1 0 10 1 1 10 0 0 10 10 10 1 1 0 10 10 0 10 0 1 1 0 10 0 1 1 1 0 0 1 0 0 0 1 0 0 0 0 0 0 0 10 0 0 0 1 0 1 1 10 10 1 10 0 0 0 1 1 1 1 1 0 1 1 0 1 0 0 0 10 0 1 0 0 1 0 1 0 1 0 1 1 0 1 1 1 1 10 10 0 0 1
0 0 0 1 0 0 1 1 0 0 1 0 0 0 0 1 0 0 0 0 1 0 1 0 1 0 0 0 1 0 0 0 1 1 0 0 1 1 1 1 0 1 1 0 1 0 0 0 0 1 0 0 1 1 1 0 0 0 0 0 0 0 10 1 1 0 0 0 0 0 0 0 1 1 0 0 1 0 0 0 1 1 1 0 1 1 0 10 1 0 0 1 1 0 10 1 0 1 0 10 1 0 1
1 0 1 1 1 0 0 0 0 0 0 1 1 0 1 1 0 1 1 1 0 0 0 1 0 1 1 1 0 1 10 1 1 0 0 0 1 1 1 1 0 1 0 1 1 0 1 0 1 1 1 1 0 1 1 0 0 1 1 0 1 0 0 0 0 1 1 0 0 1 0 1 1 0 1 0 1 0 0 0 0 1 1 1 1 1 10 0 1 0 0 0 1 1 0 0 0 1 0 0 1 1 1
0 0 0 1 0 0 1 0 1 0 0 0 1 0 0 0 0 0 1 0 0 0 1 0 10 0 0 0 1 1 0 0 10 0 1 0 0 0 1 1 0 1 1 1 1 0 1 0 0 1 1 0 0 1 1 0 1 0 0 0 0 1 1 0 1 1 0 0 0 0 0 0 1 0 0 0 1 1 0 1 0 1 0 0 1 0 0 10 1 0 0 1 0 0 1 1 0 1 0 1 1 0 1
0 1 1 0 1 0 0 1 0 1 0 0 1 10 10 1 1 1 1 1 1 10 1 1 0 10 1 0 1 1 10 1 0 1 0 0 0 1 10 1 0 1 1 0 1 0 1 0 0 10 0 10 1 0 1 1 0 10 0 1 10 1 0 1 1 1 1 10 1 10 0 0 1 0 1 0 10 1 0 0 0 0 0 1 10 1 1 0 0 0 1 1 1 0 1 1 0 0 1 1 10 0 1
0 0 0 0 1 0 0 0 0 1 1 1 0 0 1 1 0 1 10 0 0 0 0 0 1 1 0 0 1 10 1 0 1 0 1 0 0 1 1 1 0 1 0 1 1 0 1 0 0 1 1 1 0 0 0 0 1 1 0 0 1 1 0 0 0 10 1 0 0 1 0 0 1 0 0 0 1 1 0 1 0 0 0 1 1 1 1 1 0 0 0 0 1 0 0 0 0 0 0 0 1 0 1
1 1 1 0 0 1 1 10 0 0 0 10 0 0 1 0 10 0 0 10 1 100 1 1 0 10 10 0 1 0 1 1 0 10 0 1 0 0 1 0 1 0 1 0 1 0 1 0 0 1 0 1 1 0 1 1 1 1 1 10 10 10 0 1 1 0 0 10 10 1 1 1 0 0 1 0 1 1 0 0 1 0 0 0 1 0 0 0 0 1 1 10 0 0 1 1 1 1 10 1 1 0 1
0 1 0 0 1 0 1 1 0 1 0 10 1 1 0 10 10 10 1 1 10 1 1 10 1 10 1 0 1 10 10 10 0 0 0 0 0 1 1 1 0 1 1 1 1 1 0 1 0 1 1 1 1 0 0 0 1 1 0 0 10 1 0 1 1 1 10 1 1 10 0 1 1 0 1 1 10 0 1 0 0 0 0 1 1 1 1 0 0 0 1 0 10 0 0 1 1 0 1 1 1 0 1
0 0 0 0 1 0 1 1 1 1 0 1 1 0 10 0 1 10 1 0 10 0 0 1 1 1 0 0 1 10 1 1 0 1 0 0 1 10 1 1 0 1 1 1 1 1 0 1 0 1 1 1 1 0 0 0 1 1 0 0 1 0 1 1 1 1 10 0 1 1 0 1 1 1 0 1 1 0 1 0 1 0 1 1 1 10 1 1 0 0 1 0 100 0 1 0 1 0 0 1 1 0 1
1 1 0 0 0 1 10 10 0 0 0 1 0 10 10 1 0 1 0 10 10 10 1 10 1 10 10 0 1 1 1 10 0 1 0 1 0 0 0 0 1 0 1 1 1 1 0 1 0 0 1 0 1 0 0 0 10 0 1 1 10 10 0 1 1 0 1 1 10 1 1 10 0 0 1 1 1 0 1 0 1 0 0 0 0 0 0 0 0 1 1 1 1 0 0 1 10 1 10 1 0 0 1
0 0 0 0 1 0 1 0 0 1 0 1 1 0 10 10 1 0 1 0 1 0 0 1 1 1 0 0 0 10 1 1 0 0 0 0 0 1 1 1 0 1 1 1 1 1 0 1 0 1 1 1 0 0 0 0 1 1 0 0 1 0 0 0 1 1 10 0 1 1 0 1 1 0 0 1 1 0 1 0 0 0 0 1 1 1 1 0 0 0 1 0 10 0 0 0 1 0 0 0 1 0 1
0 0 0 0 1 0 0 0 0 1 1 1 10 0 1 1 0 1 0 0 0 0 0 0 1 1 0 0 1 10 1 0 1 0 1 0 0 1 1 1 0 1 0 1 1 0 1 0 0 1 1 1 0 0 0 0 1 1 0 0 1 1 0 0 0 10 1 0 0 1 0 0 1 0 0 0 1 1 0 1 0 0 0 1 1 1 1 1 0 0 0 0 1 0 0 0 0 0 0 0 1 0 1
10 1 1 1 0 1 1 10 0 1 0 1 0 10 1 0 10 0 0 0 1 10 1 10 0 10 100 1 1 0 10 10 1 1 0 1 1 0 0 0 1 0 0 1 1 0 1 0 1 0 1 0 1 1 1 0 1 0 10 1 10 10 0 1 0 0 0 1 1 1 1 10 0 0 10 0 1 0 0 0 1 1 1 0 0 0 1 0 1 1 0 1 0 1 0 1 1 10 10 1 0 1 1
0 1 0 0 0 0 1 10 1 0 0 1 0 1 10 10 10 1 0 1 0 1 1 10 1 1 1 0 10 1 1 10 0 1 0 0 1 1 0 0 0 0 1 1 0 1 0 1 0 0 1 0 10 0 0 0 1 0 0 0 1 1 1 10 1 0 1 1 1 1 0 1 0 1 1 1 1 0 1 0 1 0 1 0 0 1 0 1 0 0 1 0 10 0 1 1 1 0 1 10 0 0 0
1 1 1 0 0 1 1 10 0 0 0 10 0 100 1 0 10 0 0 10 1 0 1 1 0 10 10 0 1 0 1 1 0 10 0 1 0 0 1 0 1 0 1 0 1 0 1 0 0 1 0 1 1 0 1 1 1 1 1 10 10 10 0 1 1 0 0 10 10 1 1 1 0 0 1 0 1 1 0 0 1 0 0 0 1 0 0 0 0 1 1 10 0 0 1 1 1 1 10 1 1 0 1
0 1 0 1 0 0 1 1 1 0 1 1 0 1 1 0 1 0 0 1 1 1 0 1 1 1 1 0 1 0 1 1 1 0 0 0 0 0 1 1 0 1 1 0 1 0 0 0 0 1 0 0 1 1 1 0 0 0 0 0 1 1 1 1 1 0 0 1 0 1 0 0 1 0 1 0 10 0 0 0 0 1 0 0 1 0 0 1 1 0 0 1 0 0 1 10 0 1 1 10 1 0 1
1 1 1 1 0 0 1 1 0 1 0 1 0 1 10 1 10 1 0 10 10 1 1 0 1 1 10 1 1 1 10 100 1 0 0 0 1 0 0 0 0 0 1 10 0 1 1 1 1 0 10 0 1 1 1 0 1 0 1 0 1 1 0 1 1 0 1 1 1 1 0 10 0 0 10 1 1 0 1 0 0 1 1 0 0 0 1 0 1 0 1 0 1 1 0 1 1 1 1 1 0 1 0
0 0 0 1 0 0 10 0 1 0 10 0 1 0 1 1 1 1 1 0 1 0 1 1 0 0 0 0 1 10 0 1 10 0 1 0 0 0 1 1 0 1 10 10 1 1 1 1 0 1 10 0 0 1 1 0 10 0 0 0 0 1 1 0 10 1 1 0 1 0 0 1 1 0 0 1 1 1 1 1 0 1 0 0 1 0 0 10 1 0 1 1 1 0 1 1 1 1 0 1 1 0 1
1 1 0 0 1 1 1 10 0 1 0 10 1 10 10 1 10 1 1 10 1 10 1 1 0 0 10 0 1 1 10 1 0 1 0 1 0 1 1 1 1 1 0 0 10 0 0 0 0 1 0 1 1 0 0 0 1 1 1 1 100 10 0 1 0 1 1 1 1 10 1 1 1 0 1 0 10 0 0 0 1 0 0 1 1 1 1 0 0 1 0 1 1 0 0 1 1 1 10 1 1 0 10
10 1 1 1 0 1 1 10 0 1 0 1 0 10 1 0 10 0 0 100 1 10 1 10 0 10 0 1 1 0 10 10 1 1 0 1 1 0 0 0 1 0 0 1 1 0 1 0 1 0 1 0 1 1 1 0 1 0 10 1 10 10 0 1 0 0 0 1 1 1 1 10 0 0 10 0 1 0 0 0 1 1 1 0 0 0 1 0 1 1 0 1 0 1 0 1 1 10 10 1 0 1 1
1 0 1 1 0 0 0 0 0 1 0 0 0 0 0 0 0 0 0 1 0 0 0 1 0 0 1 0 0 0 1 1 1 0 0 0 1 0 0 0 0 0 0 1 0 0 1 0 1 0 1 0 0 1 1 0 0 0 1 0 0 0 0 0 0 0 0 0 0 0 0 1 0 0 1 0 0 0 0 0 0 1 1 0 0 0 1 0 1 0 0 0 0 1 0 0 0 1 0 0 0 1 0
0 1 0 0 0 0 0 10 1 0 1 1 1 1 1 1 1 0 1 1 10 1 1 1 1 1 1 0 0 1 1 1 1 1 1 0 1 1 0 0 0 0 0 1 0 0 1 0 0 0 1 0 10 0 0 0 1 0 0 0 1 10 1 10 0 1 0 1 0 1 0 0 0 1 1 0 1 1 0 1 1 0 1 0 0 1 0 10 0 0 0 0 1 0 1 1 0 0 1 10 0 0 0
0 0 0 0 1 0 1 0 0 1 1 1 10 0 10 10 1 10 10 0 1 0 0 1 10 1 0 0 1 0 1 1 1 0 1 0 0 1 1 1 0 1 1 10 1 1 1 1 0 1 10 1 0 0 0 0 10 1 0 0 1 1 0 0 1 10 10 0 1 1 0 1 1 0 0 1 1 1 1 1 0 0 0 1 1 1 1 1 0 0 1 0 10 0 0 0 1 0 0 0 1 0 1
1 1 1 1 1 0 0 1 0 10 0 10 1 1 10 1 1 1 1 10 1 1 1 10 0 10 10 1 1 1 0 10 1 0 0 0 1 1 1 1 0 1 0 1 1 0 1 0 1 1 1 1 1 1 1 0 0 1 1 0 10 1 0 1 0 1 1 1 0 10 0 1 1 0 10 0 10 0 0 0 0 1 1 1 1 1 10 0 1 0 0 0 1 1 0 1 0 1 1 1 1 1 1
1 1 1 1 0 0 1 1 0 1 0 1 0 1 10 1 10 1 0 10 10 1 1 100 1 1 10 1 1 1 10 0 1 0 0 0 1 0 0 0 0 0 1 10 0 1 1 1 1 0 10 0 1 1 1 0 1 0 1 0 1 1 0 1 1 0 1 1 1 1 0 10 0 0 10 1 1 0 1 0 0 1 1 0 0 0 1 0 1 0 1 0 1 1 0 1 1 1 1 1 0 1 0
1 0 1 10 0 0 1 0 1 1 10 0 1 0 0 0 0 0 1 1 0 0 1 1 10 0 1 1 1 1 1 1 0 0 1 0 1 0 1 1 0 1 1 10 1 0 10 0 1 1 10 0 0 10 10 0 1 0 1 0 0 1 1 0 1 1 0 0 0 0 0 1 1 0 1 0 1 1 0 1 0 10 1 0 1 0 1 10 10 0 0 1 0 1 1 1 0 10 0 1 1 1 1
1 0 1 0 0 1 1 10 1 0 0 1 0 10 0 1 1 0 0 1 1 10 0 0 0 1 1 0 1 0 0 0 0 0 0 1 1 1 1 0 1 0 1 0 1 0 1 0 0 1 0 1 1 0 1 1 1 1 1 10 1 1 1 1 1 0 0 1 10 0 1 1 0 1 0 0 0 1 0 0 10 0 1 0 1 1 0 1 0 1 1 10 1 0 10 0 1 1 1 1 1 0 1
0 1 0 0 1 0 0 0 0 0 1 0 1 0 0 0 0 0 1 0 0 0 0 0 1 0 0 0 1 1 0 0 1 0 0 0 0 0 0 1 0 0 0 1 0 0 1 1 1 0 1 0 1 0 0 1 1 1 1 1 0 1 1 0 0 1 0 1 0 1 0 0 0 0 1 0 0 10 0 1 0 0 1 0 0 0 0 1 0 0 0 0 0 0 0 0 0 0 1 0 0 0 0
1 0 0 0 0 1 1 1 0 0 0 0 0 1 0 0 1 0 0 1 0 1 0 0 0 1 1 0 0 0 0 0 0 1 0 0 0 0 0 0 1 0 0 0 1 0 0 0 0 0 0 0 0 0 0 0 1 0 1 1 1 1 0 0 0 0 0 0 1 0 1 1 0 0 0 0 0 0 0 0 1 0 0 0 0 0 0 0 0 1 0 1 0 0 0 0 1 1 1 0 0 0 1
1 0 1 1 0 0 0 1 1 1 0 0 0 0 0 1 0 0 0 1 1 0 0 1 0 0 1 1 1 0 1 1 1 1 0 0 0 1 0 0 0 0 0 1 0 0 1 0 1 0 1 0 1 1 1 0 0 0 1 0 0 0 1 1 0 0 0 0 0 0 0 1 0 1 1 0 0 0 0 0 1 1 10 0 0 1 1 1 1 0 0 0 1 1 1 0 0 1 0 1 0 1 0
0 0 0 0 1 0 0 1 1 1 0 1 1 0 1 10 0 1 1 0 1 0 0 0 0 1 0 0 1 1 1 0 0 1 0 0 1 0 1 1 0 1 0 0 1 0 0 0 0 1 0 1 1 0 0 0 0 1 0 0 1 0 1 1 0 1 1 0 0 1 0 0 1 1 0 0 1 0 0 0 1 0 1 1 1 10 1 1 0 0 0 0 10 0 1 0 0 0 0 1 1 0 1
0 0 1 1 1 0 1 0 1 1 1 10 1 1 1 1 0 1 1 0 0 1 1 0 1 1 0 0 0 1 1 0 1 1 0 0 0 1 0 10 0 10 10 0 10 0 1 0 0 100 0 10 0 1 10 1 0 10 0 1 1 0 1 0 10 1 1 1 1 1 0 0 10 0 0 0 10 1 0 0 0 1 0 1 100 1 1 1 1 0 1 10 1 0 10 1 0 1 0 1 100 0 10
0 1 0 1 10 0 1 0 1 1 1 1 1 0 1 1 0 1 1 0 0 0 1 0 1 1 0 0 0 1 1 0 1 0 1 0 0 1 10 0 0 10 1 0 10 0 0 1 1 10 0 1 1 1 1 1 0 10 1 1 1 0 10 0 1 1 1 1 0 10 0 0 10 0 1 0 10 1 0 0 0 1 1 1 10 1 1 1 1 0 0 1 1 0 1 1 0 1 1 1 10 0 10
1 0 0 0 0 1 1 1 0 0 0 0 0 1 0 0 1 0 0 1 0 1 0 0 0 1 1 0 0 0 0 0 0 1 0 1 0 0 0 0 0 0 0 0 1 0 0 0 0 0 0 0 0 0 0 0 1 0 1 1 1 1 0 0 0 0 0 0 1 0 1 1 0 0 0 0 0 0 0 0 1 0 0 0 0 0 0 0 0 1 0 1 0 0 0 0 1 1 1 0 0 0 1
0 0 0 1 1 0 1 0 1 1 1 1 1 0 1 1 0 1 1 0 0 0 1 0 1 1 0 0 0 1 1 0 1 0 0 0 0 1 10 10 0 0 1 0 10 0 0 0 0 10 0 1 0 1 1 0 0 1 0 0 1 0 1 0 1 1 1 0 0 1 0 0 10 0 0 0 10 0 0 0 0 1 0 1 10 1 1 1 1 0 0 1 1 0 1 1 0 1 0 1 10 0 10
0 0 1 1 0 0 10 0 1 0 1 1 0 1 1 1 1 1 0 0 1 1 1 1 10 0 0 0 0 1 0 1 1 1 0 0 0 0 10 1 0 1 0 1 1 1 1 1 0 10 1 1 0 1 10 1 1 1 0 1 0 0 1 0 100 0 1 1 10 0 0 1 1 0 0 1 1 1 1 0 0 1 0 0 10 0 0 1 1 0 10 10 1 0 10 1 1 1 0 1 10 0 1
1 0 1 1 0 0 1 0 0 1 1 0 1 0 1 1 1 1 1 1 1 0 0 10 10 0 1 1 1 10 1 10 10 0 1 0 1 0 0 0 0 0 1 0 0 1 10 1 1 0 100 0 0 1 1 0 10 0 1 0 0 1 0 0 1 1 1 0 1 0 0 10 0 0 1 1 0 1 1 1 0 1 1 0 0 0 1 1 1 0 1 0 1 1 0 0 1 1 0 0 0 1 0
1 0 0 1 1 1 10 1 1 1 1 1 1 1 1 1 1 1 1 1 0 1 1 0 1 10 1 0 0 1 1 0 1 1 0 1 0 1 10 10 1 10 1 0 0 0 0 0 0 10 0 1 0 1 1 0 1 1 1 1 10 1 1 0 1 1 1 0 1 1 1 1 10 0 0 0 10 0 0 0 1 1 0 1 10 1 1 1 1 1 0 10 1 0 1 1 1 10 1 1 10 0 100
0 0 0 0 0 0 1 0 0 0 0 0 0 0 1 1 1 1 0 0 1 0 0 1 1 0 0 0 0 1 0 1 0 0 0 0 0 0 0 0 0 0 1 1 0 0 0 1 0 0 1 0 0 0 0 0 1 0 0 0 0 0 0 0 1 0 1 0 1 0 0 1 0 0 0 1 0 0 1 0 0 0 0 0 0 0 0 0 0 0 1 0 1 0 0 0 1 0 0 0 0 0 0
1 0 10 1 0 0 0 0 0 1 1 1 1 1 0 0 0 0 1 1 0 1 0 1 1 0 1 1 1 1 1 1 10 1 1 0 1 0 1 0 0 0 1 10 0 0 0 0 1 1 10 1 0 1 10 1 1 1 1 1 0 1 0 0 1 1 0 1 1 0 0 1 0 0 1 0 0 10 0 1 0 1 1 0 1 0 1 1 1 0 1 1 0 1 1 0 0 1 0 0 1 1 0
0 1 0 0 1 0 1 0 0 0 0 0 0 0 1 1 1 1 0 0 1 0 0 1 1 0 0 0 0 1 0 1 0 0 1 0 0 0 0 1 0 0 1 1 0 1 0 0 1 0 1 0 1 0 0 1 1 1 1 1 0 0 1 0 1 0 1 1 1 1 0 1 0 0 1 1 0 1 1 0 0 0 1 0 0 0 0 0 0 0 1 0 1 0 0 0 1 0 1 0 0 0 0
1 1 1 1 1 0 0 0 0 1 0 0 0 0 0 0 0 0 0 1 0 0 0 1 0 0 1 1 0 0 1 1 1 0 1 0 1 0 0 1 0 0 0 1 0 0 1 1 0 0 1 0 1 1 1 1 0 1 10 1 0 0 1 0 0 0 0 1 0 1 0 1 0 0 10 0 0 1 0 0 0 1 10 0 0 0 1 0 1 0 0 0 0 1 0 0 0 1 1 0 0 1 0
0 0 1 1 1 0 1 0 1 1 1 10 1 1 1 1 0 1 1 0 0 1 1 0 1 1 0 0 0 1 1 0 1 1 0 0 0 1 100 10 0 10 10 0 10 0 1 0 0 0 0 10 0 1 10 1 0 10 0 1 1 0 1 0 10 1 1 1 1 1 0 0 10 0 0 0 10 1 0 0 0 1 0 1 100 1 1 1 1 0 1 10 1 0 10 1 0 1 0 1 100 0 10
1 0 1 1 0 0 1 0 0 1 1 0 1 0 1 1 1 1 1 1 1 0 0 10 10 0 1 1 1 10 1 10 10 0 1 0 1 0 0 0 0 0 1 100 0 1 10 1 1 0 0 0 0 1 1 0 10 0 1 0 0 1 0 0 1 1 1 0 1 0 0 10 0 0 1 1 0 1 1 1 0 1 1 0 0 0 1 1 1 0 1 0 1 1 0 0 1 1 0 0 0 1 0
0 0 1 0 1 0 0 0 0 1 0 10 1 1 1 1 0 1 1 0 0 1 0 0 0 1 0 0 0 1 1 0 0 1 0 0 0 1 10 1 0 1 1 0 1 0 1 0 0 10 0 0 0 0 1 1 0 10 0 1 1 0 0 0 1 1 1 1 1 1 0 0 1 0 0 0 1 1 0 0 0 0 0 1 10 1 1 0 0 0 1 1 1 0 1 0 0 0 0 0 10 0 1
0 10 0 0 1 0 0 10 1 0 0 1 0 1 1 1 1 0 0 1 10 1 1 1 0 1 1 0 10 0 1 1 0 1 1 0 1 1 0 1 0 0 0 0 0 0 0 1 1 0 0 0 0 0 0 1 0 1 1 1 1 1 10 10 0 0 0 10 0 10 0 0 0 1 10 0 1 1 0 0 1 0 10 0 0 1 0 1 0 0 0 0 1 0 1 1 0 0 10 10 0 0 0
1 0 1 10 0 0 1 0 1 1 1 0 0 0 0 0 0 0 0 1 0 0 1 1 1 0 1 1 0 0 1 1 10 0 0 0 1 0 1 1 0 1 1 1 1 0 1 0 1 1 1 0 0 0 10 0 0 0 1 0 0 0 1 0 1 0 0 0 0 0 0 1 1 0 1 0 1 0 0 0 0 10 1 0 1 0 1 1 10 0 0 1 0 1 1 1 0 10 0 1 1 1 1
1 0 10 10 0 0 1 0 1 1 1 1 0 1 0 0 0 0 0 1 0 1 1 1 1 0 1 1 0 0 1 1 10 1 0 0 1 0 10 1 0 1 10 1 1 0 10 0 1 10 1 1 0 10 0 1 0 1 1 1 0 0 1 0 10 0 0 1 1 0 0 1 1 0 1 0 1 1 0 0 0 10 1 0 10 0 1 1 10 0 1 10 0 1 10 1 0 10 0 1 10 1 1
0 1 1 0 1 0 0 0 0 0 0 1 0 1 0 0 0 0 0 0 0 1 0 0 0 0 0 0 0 0 0 0 0 1 1 0 0 0 1 1 0 0 1 0 0 0 1 1 1 1 0 1 1 0 1 0 0 10 1 10 0 0 1 0 1 0 0 10 1 1 0 0 0 0 1 0 0 10 0 0 0 0 1 0 1 0 0 0 0 0 1 1 0 0 1 0 0 0 1 0 1 0 0
1 0 0 0 0 1 10 1 0 0 1 0 1 1 1 1 10 1 1 1 1 1 0 1 10 1 1 0 1 10 0 1 1 1 1 1 0 0 0 0 1 0 1 10 1 1 1 1 0 0 10 0 0 0 0 0 0 0 1 1 1 10 0 0 1 1 1 0 10 0 1 10 0 0 0 1 0 1 1 1 1 0 0 0 0 0 0 1 0 1 1 1 1 0 0 0 10 1 1 0 0 0 1
0 1 1 0 10 0 0 0 0 1 0 10 1 1 1 1 0 1 1 0 0 1 0 0 0 1 0 0 0 1 1 0 0 1 1 0 0 1 10 10 0 1 1 0 1 0 1 1 1 10 0 10 1 0 1 10 0 0 1 10 1 0 1 0 1 1 1 10 1 10 0 0 1 0 1 0 1 10 0 0 0 0 1 1 10 1 1 0 0 0 1 1 1 0 1 0 0 0 1 0 10 0 1
10 1 1 1 1 1 1 1 0 1 0 0 0 1 0 0 1 0 0 10 0 1 0 1 0 1 10 1 0 0 1 1 1 1 1 1 1 0 0 1 1 0 0 1 1 0 1 1 10 0 1 0 1 1 1 1 1 1 0 10 1 1 1 0 0 0 0 1 1 1 1 10 0 0 10 0 0 1 0 0 1 1 10 0 0 0 1 0 1 1 0 1 0 1 0 0 1 10 10 0 0 1 1
1 1 1 0 1 1 1 1 0 0 0 1 0 10 0 0 1 0 0 1 0 10 0 0 0 1 1 0 0 0 0 0 0 10 1 1 0 0 1 1 1 0 1 0 1 0 1 1 1 1 0 1 1 0 1 10 1 10 10 0 1 1 1 0 1 0 0 10 10 1 1 1 0 0 1 0 0 10 0 0 1 0 1 0 1 0 0 0 0 1 1 10 0 0 1 0 1 1 10 0 1 0 1
1 1 0 0 1 1 1 10 0 1 0 10 1 10 10 1 10 1 1 10 1 10 1 1 0 100 10 0 1 1 10 1 0 1 0 1 0 1 1 1 1 1 0 0 10 0 0 0 0 1 0 1 1 0 0 0 1 1 1 1 0 10 0 1 0 1 1 1 1 10 1 1 1 0 1 0 10 0 0 0 1 0 0 1 1 1 1 0 0 1 0 1 1 0 0 1 1 1 10 1 1 0 10
1 1 0 0 0 1 1 10 0 0 1 1 1 10 1 0 10 0 1 10 1 10 1 1 1 10 10 0 10 1 1 1 1 1 1 1 0 0 0 0 1 0 0 1 1 0 1 0 0 0 1 0 1 0 0 0 10 0 1 1 10 0 0 1 0 1 0 1 1 1 1 1 0 0 1 0 1 1 0 1 1 0 0 0 0 0 0 1 0 1 0 1 0 0 0 1 1 1 10 1 0 0 1
0 1 0 1 1 0 1 1 10 0 1 0 0 0 0 1 0 0 0 0 1 0 1 0 1 0 0 0 1 0 0 0 1 1 1 0 1 1 1 10 0 1 1 0 1 0 0 1 1 1 0 0 10 1 1 1 0 1 1 1 0 0 0 1 1 0 0 1 0 1 0 0 1 1 1 0 1 1 0 0 1 1 10 0 1 1 0 10 1 0 0 1 1 0 10 1 0 1 1 10 1 0 1
0 1 0 0 0 0 0 10 1 0 0 1 0 1 1 1 1 0 0 1 10 1 1 1 0 1 1 0 10 0 1 1 0 1 0 0 1 1 0 0 0 0 0 0 0 0 0 0 0 0 0 0 10 0 0 0 0 0 0 0 1 1 1 0 0 0 0 1 0 1 0 0 0 1 1 0 1 0 0 0 1 0 1 0 0 1 0 1 0 0 0 0 1 0 1 1 0 0 1 10 0 0 0
0 0 1 1 0 0 10 0 1 0 1 1 0 1 1 1 1 1 0 0 1 1 1 1 10 0 0 0 0 1 0 1 1 1 0 0 0 0 10 1 0 1 100 1 1 1 1 1 0 10 1 1 0 1 10 1 1 1 0 1 0 0 1 0 0 0 1 1 10 0 0 1 1 0 0 1 1 1 1 0 0 1 0 0 10 0 0 1 1 0 10 10 1 0 10 1 1 1 0 1 10 0 1
0 0 0 0 1 0 0 0 0 1 1 1 10 0 1 1 0 1 10 0 0 0 0 0 1 1 0 0 1 10 1 0 1 0 1 0 0 1 1 1 0 1 0 1 1 0 1 0 0 1 1 1 0 0 0 0 1 1 0 0 1 1 0 0 0 0 1 0 0 1 0 0 1 0 0 0 1 1 0 1 0 0 0 1 1 1 1 1 0 0 0 0 1 0 0 0 0 0 0 0 1 0 1
0 0 0 0 1 0 1 0 0 1 0 1 1 0 10 10 1 10 1 0 1 0 0 1 1 1 0 0 0 10 1 1 0 0 0 0 0 1 1 1 0 1 1 1 1 1 0 1 0 1 1 1 0 0 0 0 1 1 0 0 1 0 0 0 1 1 0 0 1 1 0 1 1 0 0 1 1 0 1 0 0 0 0 1 1 1 1 0 0 0 1 0 10 0 0 0 1 0 0 0 1 0 1
0 10 1 0 1 0 0 1 0 0 0 10 0 10 1 0 1 0 0 1 1 10 1 1 0 1 1 0 1 0 1 1 0 1 1 0 0 0 1 1 0 0 1 0 0 0 1 1 1 1 0 1 10 0 1 10 0 10 1 10 1 1 1 1 1 0 0 0 1 10 0 0 0 0 10 0 1 10 0 0 0 0 1 0 1 0 0 0 0 0 1 1 0 0 1 1 0 0 10 1 1 0 0
1 0 1 0 0 1 10 1 0 0 0 1 0 10 1 1 10 1 0 1 1 10 0 1 1 1 1 0 0 1 0 1 0 10 0 1 0 0 1 0 1 0 10 1 1 1 1 1 0 1 1 1 0 0 1 1 10 1 1 10 1 1 0 0 10 0 1 1 0 0 1 10 0 0 0 1 0 1 1 0 1 0 0 0 1 0 0 0 0 1 10 10 1 0 1 0 10 1 1 0 1 0 1
0 10 0 0 10 0 0 1 0 1 0 10 1 1 10 1 1 1 1 1 1 1 1 1 0 10 1 0 1 1 10 1 0 0 1 0 0 1 1 10 0 1 0 0 1 0 0 1 1 1 0 1 10 0 0 1 0 10 1 1 10 1 1 1 0 1 1 10 0 0 0 0 1 0 10 0 10 1 0 0 0 0 1 1 1 1 1 0 0 0 0 0 1 0 0 1 0 0 10 1 1 0 1
1 0 0 0 0 1 1 1 0 0 0 0 0 1 0 0 1 0 0 1 0 1 0 0 0 1 1 0 0 0 0 0 0 1 0 1 0 0 0 0 1 0 0 0 1 0 0 0 0 0 0 0 0 0 0 0 1 0 1 1 1 1 0 0 0 0 0 0 1 0 0 1 0 0 0 0 0 0 0 0 1 0 0 0 0 0 0 0 0 1 0 1 0 0 0 0 1 1 1 0 0 0 1
10 0 1 1 0 1 10 1 0 1 0 0 0 1 1 1 10 1 0 10 1 1 0 10 1 1 10 1 0 1 1 10 1 1 0 1 1 0 0 0 1 0 1 10 1 1 1 1 1 0 10 0 0 1 1 0 10 0 10 1 1 1 0 0 1 0 1 0 10 0 1 0 0 0 1 1 0 0 1 0 1 1 1 0 0 0 1 0 1 1 1 1 1 1 0 0 10 10 1 0 0 1 1
0 0 0 1 1 0 1 0 1 1 1 1 1 0 1 1 0 1 1 0 0 0 1 0 1 1 0 0 0 1 1 0 1 0 0 0 0 1 10 10 0 10 1 0 10 0 0 0 0 10 0 1 0 1 1 0 0 1 0 0 1 0 1 0 1 1 1 0 0 1 0 0 0 0 0 0 10 0 0 0 0 1 0 1 10 1 1 1 1 0 0 1 1 0 1 1 0 1 0 1 10 0 10
0 0 0 0 0 0 0 1 1 0 0 0 0 0 0 1 0 0 0 0 1 0 0 0 0 0 0 0 1 0 0 0 0 1 0 0 1 1 0 0 0 0 0 0 0 0 0 0 0 0 0 0 1 0 0 0 0 0 0 0 0 0 1 1 0 0 0 0 0 0 0 0 0 0 0 0 0 0 0 0 1 0 1 0 0 1 0 1 0 0 0 0 1 0 1 0 0 0 0 1 0 0 0
1 10 1 1 1 0 0 1 0 1 0 1 0 1 1 0 1 0 0 10 1 1 1 10 0 1 10 1 1 0 10 10 1 0 1 0 1 0 0 1 0 0 0 1 0 0 1 1 10 0 1 0 10 1 1 1 0 1 10 1 1 1 1 1 0 0 0 10 0 10 0 1 0 0 0 0 1 1 0 0 0 1 10 0 0 0 1 0 1 0 0 0 0 1 0 1 0 1 10 1 0 1 0
0 0 0 0 0 0 1 0 0 0 0 0 0 0 1 1 1 1 0 0 1 0 0 1 1 0 0 0 0 1 0 1 0 0 0 0 0 0 0 0 0 0 1 1 0 1 0 1 0 0 1 0 0 0 0 0 1 0 0 0 0 0 0 0 1 0 1 0 1 0 0 1 0 0 0 0 0 0 1 0 0 0 0 0 0 0 0 0 0 0 1 0 1 0 0 0 1 0 0 0 0 0 0
0 1 0 1 1 0 1 1 1 1 1 10 1 1 10 1 1 1 1 1 1 1 10 1 1 10 1 0 1 1 10 1 1 0 0 0 0 1 10 10 0 10 1 0 10 0 0 0 0 10 0 1 1 1 1 0 0 1 0 0 10 1 1 1 1 1 1 1 0 10 0 0 10 0 1 0 0 0 0 0 0 1 0 1 10 1 1 1 1 0 0 1 1 0 1 10 0 1 1 10 10 0 10
0 1 1 0 1 0 0 0 0 0 1 1 1 1 0 0 0 0 1 0 0 1 0 0 1 0 0 0 1 1 0 0 1 1 10 0 0 0 1 1 0 0 1 1 0 0 10 1 1 1 1 1 1 0 1 10 1 10 1 10 0 1 1 0 1 1 0 10 1 1 0 0 0 0 1 0 0 0 0 1 0 0 1 0 1 0 0 1 0 0 1 1 0 0 1 0 0 0 1 0 1 0 0
0 0 0 0 0 0 1 0 0 0 0 0 0 0 1 1 1 1 0 0 1 0 0 1 1 0 0 0 0 1 0 1 0 0 0 0 0 0 0 0 0 0 1 1 0 1 0 1 0 0 1 0 0 0 0 0 1 0 0 0 0 0 0 0 1 0 1 0 1 0 0 1 0 0 0 1 0 0 0 0 0 0 0 0 0 0 0 0 0 0 1 0 1 0 0 0 1 0 0 0 0 0 0
0 0 0 0 0 0 0 0 0 0 1 0 1 0 0 0 0 0 1 0 0 0 0 0 1 0 0 0 1 1 0 0 1 0 1 0 0 0 0 0 0 0 0 1 0 0 1 0 0 0 1 0 0 0 0 0 1 0 0 0 0 1 0 0 0 1 0 0 0 0 0 0 0 0 0 0 0 1 0 0 0 0 0 0 0 0 0 1 0 0 0 0 0 0 0 0 0 0 0 0 0 0 0
1 0 0 0 0 1 1 10 1 0 0 0 0 1 0 1 1 0 0 1 1 1 0 0 0 1 1 0 1 0 0 0 0 10 0 1 1 1 0 0 1 0 0 0 1 0 0 0 0 0 0 0 1 0 0 0 1 0 1 1 1 1 1 1 0 0 0 0 1 0 1 1 0 1 0 0 0 0 0 0 0 0 1 0 0 1 0 1 0 1 0 1 1 0 1 0 1 1 1 1 0 0 1
1 0 1 10 0 0 1 0 1 1 1 0 0 0 0 0 0 0 0 1 0 0 1 1 1 0 1 1 0 0 1 1 10 0 0 0 1 0 1 1 0 1 1 1 1 0 1 0 1 1 1 0 0 10 10 0 0 0 1 0 0 0 1 0 1 0 0 0 0 0 0 1 1 0 1 0 1 0 0 0 0 0 1 0 1 0 1 1 10 0 0 1 0 1 1 1 0 10 0 1 1 1 1
1 1 1 1 1 0 0 1 1 1 0 0 0 0 0 1 0 0 0 1 1 0 0 1 0 0 1 1 1 0 1 1 1 1 1 0 10 1 0 1 0 0 0 1 0 0 1 1 10 0 1 0 10 1 1 1 0 1 10 1 0 0 10 1 0 0 0 1 0 1 0 1 0 1 10 0 0 1 0 0 1 1 0 0 0 1 1 1 1 0 0 0 1 1 1 0 0 1 1 1 0 1 0
0 0 0 0 1 0 0 0 0 1 0 1 1 0 1 1 0 1 1 0 0 0 0 0 0 1 0 0 0 1 1 0 0 0 0 0 0 1 1 1 0 1 0 0 1 0 0 0 0 1 0 1 0 0 0 0 0 1 0 0 1 0 0 0 0 1 1 0 0 1 0 0 1 0 0 0 1 0 0 0 0 0 0 0 1 1 1 0 0 0 0 0 1 0 0 0 0 0 0 0 1 0 1
0 0 1 1 1 0 1 0 1 1 1 10 1 1 1 1 0 1 1 0 0 1 1 0 1 1 0 0 0 1 1 0 1 1 0 0 0 1 100 10 0 10 10 0 10 0 1 0 0 100 0 10 0 1 10 1 0 10 0 1 1 0 1 0 10 1 1 1 1 1 0 0 10 0 0 0 10 1 0 0 0 1 0 1 0 1 1 1 1 0 1 10 1 0 10 1 0 1 0 1 100 0 10
0 0 0 0 1 0 0 1 1 1 0 1 1 0 1 10 0 1 1 0 1 0 0 0 0 1 0 0 1 1 1 0 0 1 0 0 1 10 1 1 0 1 0 0 1 0 0 0 0 1 0 1 1 0 0 0 0 1 0 0 1 0 1 1 0 1 1 0 0 1 0 0 1 1 0 0 1 0 0 0 1 0 1 1 1 0 1 1 0 0 0 0 10 0 1 0 0 0 0 1 1 0 1
1 0 1 1 1 0 0 0 0 10 0 1 1 0 1 1 0 1 1 1 0 0 0 1 0 1 1 1 0 1 10 1 1 0 0 0 1 1 1 1 0 1 0 1 1 0 1 0 1 1 1 1 0 1 1 0 0 1 1 0 1 0 0 0 0 1 1 0 0 1 0 1 1 0 1 0 1 0 0 0 0 1 1 1 1 1 0 0 1 0 0 0 1 1 0 0 0 1 0 0 1 1 1
0 0 0 1 0 0 1 1 10 0 10 0 1 0 0 1 0 0 1 0 1 0 1 0 10 0 0 0 10 1 0 0 10 1 1 0 1 1 1 1 0 1 1 1 1 0 1 0 0 1 1 0 1 1 1 0 1 0 0 0 0 1 10 1 1 1 0 0 0 0 0 0 1 1 0 0 1 1 0 1 1 1 1 0 1 1 0 0 1 0 0 1 1 0 10 1 0 1 0 10 1 0 1
1 0 1 10 0 0 1 0 1 1 1 0 0 0 0 0 0 0 0 1 0 0 1 1 1 0 1 1 0 0 1 1 10 0 0 0 1 0 1 1 0 1 1 1 1 0 1 0 1 1 1 0 0 10 10 0 0 0 1 0 0 0 1 0 1 0 0 0 0 0 0 1 1 0 1 0 1 0 0 0 0 10 1 0 1 0 1 1 0 0 0 1 0 1 1 1 0 10 0 1 1 1 1
1 0 0 0 0 1 1 1 0 0 0 0 0 1 0 0 1 0 0 1 0 1 0 0 0 1 1 0 0 0 0 0 0 1 0 1 0 0 0 0 1 0 0 0 1 0 0 0 0 0 0 0 0 0 0 0 1 0 1 1 1 1 0 0 0 0 0 0 1 0 1 1 0 0 0 0 0 0 0 0 1 0 0 0 0 0 0 0 0 0 0 1 0 0 0 0 1 1 1 0 0 0 1
0 0 1 0 0 0 1 0 0 0 0 1 0 1 1 1 1 1 0 0 1 1 0 1 1 0 0 0 0 1 0 1 0 1 0 0 0 0 1 0 0 0 10 1 0 1 1 1 0 1 1 1 0 0 1 1 1 1 0 1 0 0 0 0 10 0 1 1 10 0 0 1 0 0 0 1 0 1 1 0 0 0 0 0 1 0 0 0 0 0 0 1 1 0 1 0 1 0 0 0 1 0 0
1 0 1 1 0 1 10 1 1 0 1 1 0 10 0 0 1 0 0 1 0 10 1 0 1 1 1 0 0 0 0 0 1 10 0 1 0 0 10 1 1 1 10 0 10 0 1 0 0 10 0 1 0 1 10 1 1 1 1 10 1 1 1 0 10 0 0 1 10 0 1 1 1 0 0 0 1 1 0 0 1 1 0 0 10 0 0 1 1 1 1 0 0 0 10 1 1 10 1 1 10 0 10
0 0 0 0 1 0 1 1 1 1 0 1 1 0 10 100 1 10 1 0 10 0 0 1 1 1 0 0 1 10 1 1 0 1 0 0 1 10 1 1 0 1 1 1 1 1 0 1 0 1 1 1 1 0 0 0 1 1 0 0 1 0 1 1 1 1 10 0 1 1 0 1 1 1 0 1 1 0 1 0 1 0 1 1 1 10 1 1 0 0 1 0 0 0 1 0 1 0 0 1 1 0 1
1 0 1 1 0 0 0 0 0 1 0 0 0 0 0 0 0 0 0 1 0 0 0 1 0 0 1 1 0 0 1 1 1 0 0 0 1 0 0 0 0 0 0 1 0 0 1 0 1 0 1 0 0 1 1 0 0 0 1 0 0 0 0 0 0 0 0 0 0 0 0 1 0 0 1 0 0 0 0 0 0 1 1 0 0 0 1 0 1 0 0 0 0 0 0 0 0 1 0 0 0 1 0
0 0 1 1 0 0 1 1 10 0 1 1 0 1 0 1 0 0 0 0 1 1 1 0 1 0 0 0 1 0 0 0 1 10 0 0 1 1 10 1 0 1 10 0 1 0 1 0 0 10 0 1 1 1 10 1 0 1 0 1 0 0 10 1 10 0 0 1 1 0 0 0 1 1 0 0 1 1 0 0 1 1 1 0 10 1 0 10 1 0 1 10 1 0 0 1 0 1 0 10 10 0 1
0 1 0 1 0 0 1 1 1 0 1 1 0 1 1 0 1 0 0 1 1 1 10 1 1 1 1 0 1 0 1 1 1 0 0 0 0 0 1 1 0 1 1 0 1 0 0 0 0 1 0 0 1 1 1 0 0 0 0 0 1 1 1 1 1 0 0 1 0 1 0 0 1 0 1 0 10 0 0 0 0 1 0 0 1 0 0 1 1 0 0 1 0 0 1 0 0 1 1 10 1 0 1
1 0 0 0 0 1 10 1 0 0 0 0 0 1 1 1 10 1 0 1 1 1 0 1 1 1 1 0 0 1 0 1 0 1 0 1 0 0 0 0 1 0 1 1 1 1 0 1 0 0 1 0 0 0 0 0 10 0 1 1 1 1 0 0 1 0 1 0 10 0 1 10 0 0 0 1 0 0 1 0 1 0 0 0 0 0 0 0 0 1 1 1 1 0 0 0 0 1 1 0 0 0 1
10 0 1 10 0 1 10 1 1 1 1 0 0 1 0 0 1 0 0 10 0 1 1 1 1 1 10 1 0 0 1 1 10 1 0 1 1 0 1 1 1 1 1 1 10 0 1 0 1 1 1 0 0 10 10 0 1 0 10 1 1 1 1 0 1 0 0 0 1 0 1 10 1 0 1 0 1 0 0 0 1 10 1 0 1 0 1 1 10 1 0 10 0 1 1 1 1 0 1 1 1 1 10
1 10 0 0 1 1 1 10 0 0 0 1 0 10 1 0 10 0 0 10 1 10 1 1 0 10 10 0 1 0 1 1 0 1 1 1 0 0 0 1 1 0 0 0 1 0 0 1 1 0 0 0 10 0 0 1 1 1 10 10 10 10 1 1 0 0 0 10 1 10 1 1 0 0 10 0 1 1 0 0 1 0 1 0 0 0 0 0 0 1 0 1 0 0 0 1 1 1 0 1 0 0 1
0 1 0 1 0 0 1 10 10 0 1 1 0 1 1 1 1 0 0 1 10 1 10 1 1 1 1 0 10 0 1 1 1 1 0 0 1 1 1 1 0 1 1 0 1 0 0 0 0 1 0 0 10 1 1 0 0 0 0 0 1 1 10 10 1 0 0 1 0 1 0 0 1 1 1 0 10 0 0 0 1 1 1 0 1 1 0 10 1 0 0 1 1 0 10 10 0 1 1 0 1 0 1
0 0 1 1 1 0 1 0 1 1 1 10 1 1 1 1 0 1 1 0 0 1 1 0 1 1 0 0 0 1 1 0 1 1 0 0 0 1 100 10 0 10 10 0 10 0 1 0 0 100 0 10 0 1 10 1 0 10 0 1 1 0 1 0 10 1 1 1 1 1 0 0 10 0 0 0 10 1 0 0 0 1 0 1 100 1 1 1 1 0 1 10 1 0 10 1 0 1 0 1 0 0 10
1 0 1 1 0 0 0 0 0 1 0 0 0 0 0 0 0 0 0 1 0 0 0 1 0 0 1 1 0 0 1 1 1 0 0 0 1 0 0 0 0 0 0 1 0 0 1 0 1 0 1 0 0 1 1 0 0 0 1 0 0 0 0 0 0 0 0 0 0 0 0 1 0 0 1 0 0 0 0 0 0 1 1 0 0 0 1 0 1 0 0 0 0 1 0 0 0 1 0 0 0 0 0
1 0 0 1 1 1 10 1 1 1 1 1 1 1 1 1 1 1 1 1 0 1 1 0 1 10 1 0 0 1 1 0 1 1 0 1 0 1 10 10 1 10 1 0 100 0 0 0 0 10 0 1 0 1 1 0 1 1 1 1 10 1 1 0 1 1 1 0 1 1 1 1 10 0 0 0 10 0 0 0 1 1 0 1 10 1 1 1 1 1 0 10 1 0 1 1 1 10 1 1 10 0 0
3
3 1 3
4 13 3
6 8 3
5
4 4 
1 3
2 4
3 6
4 4
2 4 
1 4
1 4
2 6
2 6
3 7 
1 4
1 4
2 6
2 6
2 6
3 4
3 4
2 3 
1 4
1 4
2 6
1 4 
1 4
1 4
1 6
1 4
103 10
2 4 8
2 0 2
2 7 8
2 1 8
2 0 5
1 4
3 1 4 6
3 2 3 4
2 1 3
2 5 8
2 1 9
3 2 5 7
2 5 9
3 2 4 7
3 2 5 6
3 3 5 6
3 2 4 6
2 5 6
2 5 9
3 2 4 8
3 2 3 6
3 2 4 7
2 1 2
3 2 6 8
3 1 6 9
3 2 4 5
3 2 4 8
1 8
3 2 3 9
3 5 6 9
3 2 5 8
3 2 6 8
3 1 8 9
3 3 4 7
2 0 9
1 4
2 3 8
2 3 5
3 1 5 7
3 0 1 5
1 4
2 1 5
3 1 6 7
3 6 8 9
3 1 4 5
1 6
3 7 8 9
2 0 6
2 0 8
3 1 5 7
3 6 8 9
2 5 7
3 0 2 3
2 1 8
3 1 7 8
2 0 7
3 4 6 9
3 0 5 7
3 0 4 8
3 0 4 7
3 2 4 5
3 2 4 9
3 0 1 3
2 2 3
3 1 6 7
2 5 9
2 5 6
3 0 2 7
3 4 6 7
3 0 2 5
1 4
3 4 6 8
2 1 5
1 3
3 0 2 8
1 6
3 1 2 5
3 0 7 9
1 6
1 9
2 3 4
2 1 8
3 0 3 8
1 5
3 1 5 7
2 3 5
2 5 8
3 1 3 9
2 1 8
1 4
2 6 7
3 1 4 7
3 3 5 6
1 8
3 1 3 7
2 1 2
2 4 6
3 1 4 8
3 0 2 4
3 1 2 3
3 1 5 7
1 8
3 1 4 5
103 294
3 103 277 32
4 176 269 276 73
6 131 198 229 253 72 8
3 153 92 99
3 125 237 277
2 147 168
7 101 106 114 214 221 238 261
4 257 267 268 36
6 146 228 258 38 60 61
3 11 242 86
3 215 225 97
5 136 207 4 42 46
4 18 271 54 6
6 118 201 268 269 276 65
3 123 163 169
2 240 249
3 256 269 273
1 90
2 187 79
3 254 274 95
4 119 154 260 263
1 107
3 250 265 50
2 111 165
4 173 250 265 9
4 139 222 26 39
4 155 218 246 250
3 159 239 94
3 265 273 70
4 182 222 243 45
4 183 194 74 85
3 197 212 228
6 143 218 224 270 272 35
3 253 271 57
5 149 216 252 268 66
3 21 224 257
4 180 216 267 268
3 192 203 274
6 148 16 220 275 68 98
8 122 166 172 210 241 261 41 49
4 178 275 78 83
4 13 137 272 274
3 199 64 84
6 124 200 253 263 264 271
5 223 244 259 275 63
4 219 227 23 256
4 117 174 202 87
5 152 25 251 274 77
3 188 233 277
6 121 130 14 181 196 231
2 142 236
5 133 185 189 240 259
2 245 276
5 161 19 241 252 275
6 110 205 24 245 255 258
4 167 195 236 96
3 209 220 225
5 129 179 213 234 29
4 102 266 44 75
1 266
3 156 251 71
2 177 258
5 191 2 242 31 80
4 128 259 261 43
4 100 145 193 58
7 144 221 233 244 262 3 30
5 141 175 217 249 263
4 1 108 120 69
4 132 170 247 277
5 112 138 208 22 248
5 151 251 267 270 47
2 150 48
8 10 186 235 254 256 40 53 81
1 37
5 171 257 264 276 277
5 15 223 260 270 272
5 0 162 226 273 34
6 204 211 239 267 33 76
3 190 215 271
3 276 59 91
5 105 214 232 270 277
2 135 230
4 115 206 249 255
4 116 164 52 88
3 158 213 219
2 255 56
5 184 234 272 62 7
3 248 254 51
8 104 109 12 134 140 229 67 93
5 126 127 231 247 252
7 226 227 230 232 237 262 264
4 157 246 27 277
4 238 273 275 82
3 17 20 260
2 243 262
4 113 160 217 5
6 235 247 266 28 55 89
3 248 269 278
2 279 280
5 281 282 283 284 285
3 286 287 288
1 289
4 290 291 292 293
