172
0 0 0 0 0 10 0 0 10 0 0 0 0 0 0 0 0 1 0 1 0 0 1 1 0 1 0 0 1 1 0 0 0 0 0 0 0 0 0 0 0 1 0 0 0 10 0 0 1 1 0 0 1 0 1 0 0 1 0 1 10 0 0 1 0 1 0 1 0 0 0 0 0 1 0 0 0 0 1 0 1 0 0 0 0 0 1 1 0 0 0 0 1 0 0 0 0 0 0 0 0 1 0 0 1 1 0 0 1 0 0 0 10 0 1 0 0 0 0 0 0 0 0 1 0 0 0 1 1 0 0 0 0 1 0 0 1 0 0 0 0 0 0 0 0 0 0 0 1 0 0 0 0 0 0 0 0 1 0 0 0 0 0 0 0 0 0 0 1 0 1 0
0 0 0 0 0 0 0 0 0 0 0 1 0 0 0 0 1 0 0 1 1 0 0 0 0 1 0 0 1 0 1 1 0 1 0 0 1 1 0 0 1 0 0 10 0 1 0 1 1 0 0 1 1 0 0 0 0 0 0 0 0 0 0 1 0 1 0 0 0 0 0 1 1 0 0 0 1 1 1 1 1 1 0 0 0 0 0 0 0 0 0 0 0 0 1 0 1 0 1 0 0 0 1 1 0 0 1 0 0 0 1 0 0 0 0 0 0 0 0 0 0 1 0 1 0 0 0 1 0 1 1 0 0 0 0 0 0 10 1 1 0 1 0 0 0 0 1 1 0 0 0 0 1 1 0 1 0 0 0 0 0 1 0 0 1 0 1 1 0 1 0 0
0 0 0 0 10 0 1 1 0 0 1 0 0 0 0 1 0 0 0 0 10 0 0 0 0 0 0 1 0 1 1 0 1 0 1 0 0 0 0 0 1 0 1 0 0 0 1 1 0 1 0 1 1 0 1 1 1 0 0 0 0 0 1 0 0 0 0 0 1 1 1 0 0 0 0 0 0 1 0 0 0 0 1 1 1 1 0 1 1 0 0 0 1 0 0 0 0 1 1 1 0 0 0 0 0 0 0 1 0 0 0 1 0 1 1 0 1 0 1 0 1 1 1 0 0 0 1 0 0 0 1 0 0 0 0 0 0 1 0 0 0 0 1 0 1 0 1 0 1 0 0 0 1 0 0 1 0 1 0 1 0 0 0 0 0 1 1 0 1 0 0 0
0 0 0 0 0 0 0 1 0 0 0 1 0 0 0 1 0 1 0 0 0 0 1 0 0 0 0 0 0 0 0 1 0 0 1 1 0 0 1 0 0 1 0 0 0 0 0 0 1 0 0 1 0 1 0 0 1 0 0 0 0 0 1 0 1 1 0 0 0 1 0 1 1 0 1 1 1 0 0 0 0 0 0 0 1 10 0 0 1 1 1 1 1 0 0 1 0 0 1 0 1 1 0 0 0 0 1 0 1 0 0 1 0 0 0 0 0 1 0 0 0 0 1 0 0 0 0 0 0 1 0 10 10 0 0 1 0 0 0 0 0 1 0 0 1 0 0 1 0 0 0 0 0 1 0 1 10 0 1 1 1 0 1 0 0 0 0 0 1 0 0 0
0 0 10 0 0 0 1 1 0 1 1 0 0 0 0 1 1 0 0 0 10 0 0 0 1 0 0 1 1 1 10 0 1 0 1 0 0 0 0 0 1 0 1 0 0 0 1 1 0 1 0 1 1 0 10 1 1 1 0 0 0 0 10 0 0 0 1 0 1 1 1 0 0 1 0 0 0 1 0 0 0 0 10 1 1 1 0 1 1 0 0 0 1 0 0 0 0 1 1 1 1 0 0 0 0 0 1 1 0 0 0 10 1 1 1 0 1 0 1 1 1 1 1 0 0 0 1 0 1 0 10 0 1 0 1 0 1 1 0 0 1 0 10 1 1 0 10 0 1 0 0 0 1 0 0 1 0 10 1 1 0 1 1 0 0 1 10 0 1 1 0 0
10 0 0 0 0 0 1 0 100 0 0 0 0 0 1 0 0 1 0 1 0 0 1 1 0 1 0 0 1 10 0 0 0 1 0 0 0 0 0 1 0 1 1 0 0 10 0 1 1 1 1 0 1 0 1 0 0 1 0 1 10 0 0 1 0 1 0 10 1 0 0 0 0 1 1 0 0 0 1 1 1 1 0 0 0 0 1 1 0 0 0 0 1 0 0 0 0 0 0 1 0 1 0 0 1 1 0 0 1 0 0 0 10 0 1 0 0 0 1 0 1 0 0 1 1 0 0 1 1 0 0 0 0 10 0 0 10 0 0 1 0 0 0 0 0 1 0 0 1 1 0 1 0 0 0 0 0 1 0 0 0 0 0 0 0 0 0 0 1 0 10 0
0 0 1 0 1 1 0 1 1 0 0 0 0 0 1 0 0 0 0 0 1 0 0 0 0 0 0 0 0 1 0 0 0 1 1 0 0 0 0 1 1 0 1 0 0 0 1 10 0 0 1 1 0 0 0 1 1 0 0 0 0 0 0 0 0 0 0 1 10 0 1 0 0 0 1 0 0 1 0 1 0 1 0 0 1 1 0 1 1 0 0 0 0 0 0 0 0 1 1 1 0 0 0 0 0 0 0 0 0 0 0 1 0 0 1 0 1 0 10 0 1 1 1 0 1 0 1 0 0 0 0 0 0 1 0 0 1 0 0 1 0 0 1 0 1 1 1 0 1 1 0 1 1 0 0 1 0 0 0 0 0 0 0 0 0 1 0 0 1 0 1 0
0 0 1 1 1 0 1 0 0 1 0 0 0 1 0 0 0 1 0 0 1 0 0 0 0 0 0 1 0 0 0 0 0 1 10 1 0 0 1 0 1 1 0 0 1 0 1 1 1 0 0 10 0 1 0 1 10 0 0 0 0 0 1 0 0 1 0 0 1 1 1 10 1 0 1 1 0 1 1 0 0 0 0 0 10 10 0 1 1 0 1 0 1 0 0 1 0 1 10 0 0 0 0 0 0 0 1 0 1 0 0 1 0 0 1 0 1 10 1 0 1 1 10 0 1 0 1 0 0 1 0 1 1 0 0 0 0 0 0 0 0 10 1 0 1 0 1 1 1 0 0 0 1 1 0 1 1 0 1 1 1 0 0 1 0 1 0 1 10 0 1 0
10 0 0 0 0 100 1 0 0 0 0 0 0 0 1 0 0 1 0 1 0 0 1 1 0 1 0 0 1 10 0 0 0 1 0 0 0 0 0 1 0 1 1 0 0 10 0 1 1 1 1 0 1 0 1 0 0 1 0 1 10 0 0 1 0 1 0 10 1 0 0 0 0 1 1 0 0 0 1 1 1 1 0 0 0 0 1 1 0 0 0 0 1 0 0 0 0 0 0 1 0 1 0 0 1 1 0 0 1 0 0 0 10 0 1 0 0 0 1 0 1 0 0 1 1 0 0 1 1 0 0 0 0 10 0 0 10 0 0 1 0 0 0 0 0 1 0 0 1 1 0 1 0 0 0 0 0 1 0 0 0 0 0 0 0 0 0 0 1 0 10 0
0 0 0 0 1 0 0 1 0 0 0 1 0 1 0 0 1 1 1 0 0 0 0 0 1 1 0 1 1 0 1 0 0 1 0 0 1 0 0 0 0 1 0 0 1 0 0 0 0 0 0 0 0 1 1 0 0 1 0 0 1 0 1 0 0 0 1 1 0 0 0 1 0 1 0 0 0 0 1 0 0 0 1 0 1 0 0 1 0 0 0 0 0 0 0 0 0 0 0 0 1 0 0 0 1 0 1 0 0 0 1 1 1 0 0 0 0 1 0 1 1 0 0 0 1 0 0 1 1 0 1 0 1 0 10 0 1 0 1 0 1 1 1 1 0 0 1 0 0 1 0 0 0 0 1 0 0 1 1 0 0 1 1 1 1 0 1 1 0 1 1 1
0 0 1 0 1 0 0 0 0 0 0 0 0 0 0 1 0 0 0 0 1 0 0 0 0 0 0 1 0 1 1 0 1 0 0 0 0 0 0 0 0 0 1 0 0 0 0 0 0 1 0 0 1 0 1 0 0 0 0 0 0 0 1 0 0 0 0 0 0 1 0 0 0 0 0 0 0 0 0 0 0 0 1 1 0 0 0 0 0 0 0 0 1 0 0 0 0 0 0 1 0 0 0 0 0 0 0 1 0 0 0 0 0 1 0 0 0 0 0 0 1 0 0 0 0 0 0 0 0 0 1 0 0 0 0 0 0 1 0 0 0 0 0 0 0 0 0 0 0 0 0 0 0 0 0 0 0 1 0 1 0 0 0 0 0 0 1 0 0 0 0 0
0 1 0 1 0 0 0 0 0 1 0 0 0 0 0 1 0 1 1 0 1 0 1 0 0 10 0 0 1 0 0 1 0 1 0 0 10 1 0 0 0 1 0 1 0 0 0 1 0 0 0 1 0 1 0 0 0 0 0 0 1 0 0 1 1 0 0 1 0 0 0 1 1 0 0 0 1 1 0 0 0 0 0 0 1 1 0 1 1 1 0 1 0 0 0 0 1 0 0 0 1 1 1 1 1 0 0 0 0 0 10 1 0 0 0 0 0 0 0 0 0 1 0 1 0 0 0 1 0 1 1 1 1 0 1 1 0 1 1 1 0 1 0 0 1 0 0 0 0 1 0 0 1 0 1 10 1 0 0 0 0 0 1 0 10 0 0 1 0 1 0 1
0 0 0 0 0 0 0 0 0 0 0 0 0 0 1 0 1 0 1 0 0 1 0 10 1 0 0 0 0 0 0 0 1 0 0 1 1 1 0 0 0 0 0 0 1 0 1 0 0 1 0 0 0 0 0 10 1 0 0 0 0 0 0 1 0 0 1 0 0 0 1 0 1 0 0 10 0 0 0 0 0 0 0 0 0 0 0 0 1 0 0 0 0 1 1 1 10 1 0 1 0 0 0 0 0 1 0 0 0 0 1 0 0 0 0 0 1 1 1 1 0 1 1 0 0 1 0 0 0 0 0 1 0 0 1 1 0 0 0 0 0 0 0 0 0 0 0 0 0 0 0 0 0 1 10 0 0 0 0 0 0 1 1 0 1 1 0 0 0 0 0 10
0 0 0 0 0 0 0 1 0 1 0 0 0 0 0 0 0 1 0 0 0 0 0 0 0 0 0 1 0 0 0 0 0 1 0 0 0 0 0 0 0 1 0 0 1 0 0 0 0 0 0 0 0 1 0 0 0 0 0 0 0 0 0 0 0 0 0 0 0 0 0 1 0 0 0 0 0 0 1 0 0 0 0 0 0 0 0 0 0 0 0 0 0 0 0 0 0 0 0 0 0 0 0 0 0 0 0 0 0 0 0 0 0 0 0 0 0 1 0 0 1 0 0 0 1 0 0 0 0 0 0 0 0 0 0 0 0 0 0 0 0 1 0 0 0 0 0 0 0 0 0 0 0 0 0 0 0 0 0 0 0 0 0 1 0 0 0 1 0 0 1 0
0 0 0 0 0 1 1 0 1 0 0 0 1 0 0 1 0 0 0 0 0 1 0 1 0 0 1 1 0 1 0 0 1 1 0 0 0 10 1 1 0 0 1 0 0 0 0 1 0 1 1 0 0 0 0 1 0 0 1 0 0 0 0 0 0 0 0 1 1 1 1 0 0 0 1 1 0 1 0 1 0 10 1 0 0 0 0 0 1 0 0 1 0 10 1 0 1 0 0 10 0 0 0 0 0 0 0 0 0 0 1 0 0 0 1 0 0 1 1 1 1 0 0 1 10 1 0 0 0 0 0 1 0 1 0 0 1 0 0 10 0 0 1 1 0 1 0 0 0 1 0 1 1 1 1 0 1 0 0 0 1 0 0 1 1 0 0 0 0 0 1 1
0 0 1 1 1 0 0 0 0 0 1 1 0 0 1 0 0 1 0 0 1 1 1 0 0 0 1 10 0 1 1 1 1 0 0 0 0 1 1 0 0 1 1 0 0 0 0 0 0 1 0 0 1 1 1 0 0 0 1 0 0 0 1 0 1 0 0 0 0 10 0 0 0 0 0 0 1 1 0 0 0 1 10 1 0 1 0 0 1 1 0 10 1 1 0 0 0 0 0 1 1 1 0 0 0 0 0 1 0 0 0 1 0 1 1 0 0 0 0 0 1 0 0 1 1 0 0 0 0 0 1 1 1 0 0 1 0 1 0 1 0 0 1 1 1 0 0 0 0 0 0 0 1 0 0 1 10 1 0 1 1 0 1 1 0 0 1 0 0 0 0 0
0 1 0 0 1 0 0 0 0 1 0 0 1 0 0 0 0 0 1 1 0 1 0 1 10 0 0 0 1 0 10 1 0 0 0 1 1 0 0 0 1 0 0 1 1 1 1 0 1 0 0 0 1 0 1 1 1 1 0 0 0 0 1 1 0 1 10 0 0 0 0 0 1 1 0 1 1 0 1 1 1 1 1 0 0 0 0 0 0 0 0 0 0 0 1 1 1 1 1 0 1 0 0 0 0 1 10 0 0 0 0 1 1 0 0 0 1 0 1 1 0 1 1 0 0 0 0 1 1 0 1 0 1 0 10 1 1 1 1 0 1 0 1 1 0 0 10 1 0 0 0 0 0 1 1 0 0 1 1 0 0 100 10 0 0 1 10 0 0 1 0 1
1 0 0 1 0 1 0 1 1 1 0 1 0 1 0 1 0 0 0 1 0 0 10 0 0 0 0 1 0 1 0 1 0 1 0 0 0 0 0 0 0 100 0 0 1 1 0 0 1 1 0 0 0 10 1 0 0 0 0 1 1 0 0 0 1 1 0 1 0 0 0 1 0 1 0 0 1 0 10 0 0 0 0 0 0 1 0 1 1 1 0 1 1 0 0 0 0 0 0 0 1 1 0 0 0 1 0 0 0 0 0 1 1 0 1 0 0 1 0 0 1 0 0 0 1 0 0 1 0 0 0 1 1 1 0 1 0 0 0 0 0 1 0 0 1 0 0 0 1 0 0 0 0 0 0 1 1 0 0 0 0 0 1 1 0 0 0 1 1 0 1 0
0 0 0 0 0 0 0 0 0 1 0 1 1 0 0 0 1 0 0 0 0 1 0 1 1 1 0 0 0 0 0 0 0 0 0 1 10 0 0 0 0 0 0 0 1 0 1 0 0 0 0 0 0 0 0 1 1 0 0 0 1 0 0 1 0 0 1 1 0 0 0 0 1 0 0 1 0 0 0 0 0 0 0 0 1 0 0 1 0 0 0 0 0 0 0 1 1 1 0 0 0 0 0 0 1 1 0 0 0 0 1 0 0 0 0 0 1 0 1 0 0 1 1 0 0 0 0 1 0 0 0 0 0 0 10 1 0 0 1 0 0 0 0 0 0 0 0 0 0 1 0 0 0 0 10 0 0 0 0 0 0 1 1 0 1 1 0 0 0 0 0 10
1 1 0 0 0 1 0 0 1 0 0 0 0 0 0 0 1 1 0 0 0 0 1 0 0 0 0 0 0 1 1 1 0 0 0 0 0 0 0 0 1 1 0 1 0 10 0 0 10 1 0 0 1 0 1 0 0 0 0 1 1 0 0 0 0 10 0 1 0 0 0 0 0 1 0 0 1 0 10 1 1 1 0 0 0 0 0 1 0 0 0 0 1 0 1 0 0 0 1 0 0 0 0 0 0 1 1 0 0 0 0 0 1 0 1 0 0 0 0 0 0 0 0 0 0 0 0 10 0 0 0 0 0 1 0 0 0 1 1 0 0 0 0 0 0 0 1 1 1 0 0 0 0 1 0 0 0 0 0 0 0 1 0 0 0 0 1 0 1 0 0 0
0 1 10 0 10 0 1 1 0 0 1 1 0 0 0 1 0 0 0 0 0 0 0 0 0 1 0 1 1 1 1 0 1 1 1 0 1 1 0 0 1 0 1 1 0 0 1 10 0 1 0 10 1 0 1 1 1 0 0 0 0 0 1 1 0 0 0 0 1 1 1 1 1 0 0 0 0 10 0 0 0 0 1 1 1 1 0 1 1 0 0 0 1 0 0 0 1 1 1 1 0 0 1 1 0 0 0 1 0 0 1 1 0 1 1 0 1 0 1 0 1 10 1 1 0 0 1 0 0 1 10 0 0 0 0 0 0 10 0 1 0 1 1 0 1 0 1 0 1 0 0 0 10 0 0 10 0 1 0 1 0 0 0 0 1 1 1 1 1 1 0 0
0 0 0 0 0 0 0 0 0 0 0 0 1 0 1 1 1 0 1 0 0 0 0 1 1 0 1 1 0 0 0 0 0 0 0 1 1 1 1 0 0 0 0 1 10 0 1 0 0 0 0 0 0 1 0 1 1 1 10 0 0 1 0 1 0 0 1 0 1 1 0 0 1 0 0 1 0 1 0 1 1 1 1 0 0 0 1 0 0 0 0 1 0 1 1 1 1 1 0 0 0 1 0 0 0 10 0 1 0 1 0 0 0 0 1 1 1 0 1 1 0 1 1 1 1 0 1 0 0 0 0 0 0 0 1 10 0 0 0 1 1 0 1 1 0 1 0 1 1 0 1 0 1 0 1 0 1 0 1 0 1 1 1 1 0 10 0 0 0 0 0 1
1 0 0 1 0 1 0 0 1 0 0 1 0 0 0 1 0 10 0 1 0 0 0 0 0 0 0 0 0 1 0 1 0 0 0 0 0 0 0 0 0 10 0 0 0 1 0 0 1 1 0 0 0 1 1 0 0 0 0 1 1 0 0 0 1 1 0 1 0 0 0 0 0 1 0 0 1 0 1 0 0 0 0 0 0 1 0 1 1 1 0 1 1 0 0 0 0 0 0 0 1 1 0 0 0 1 0 0 0 0 0 1 1 0 1 0 0 0 0 0 0 0 0 0 0 0 0 1 0 0 0 1 1 1 0 1 0 0 0 0 0 0 0 0 1 0 0 0 1 0 0 0 0 0 0 1 1 0 0 0 0 0 1 0 0 0 0 0 1 0 0 0
1 0 0 0 0 1 0 0 1 0 0 0 10 0 1 0 1 0 1 0 0 1 0 0 1 1 0 0 1 0 0 0 1 0 0 1 1 1 0 0 0 0 0 0 1 1 1 0 0 1 0 0 1 0 0 10 1 1 0 0 1 0 0 10 0 0 1 0 0 0 1 0 1 0 0 10 0 0 0 0 1 0 0 0 0 0 1 0 1 0 0 0 0 1 1 1 10 1 0 1 0 1 0 0 1 1 0 0 1 0 1 0 1 0 0 0 1 1 1 1 0 1 1 1 0 1 0 0 1 0 0 1 0 0 1 1 1 0 0 0 0 0 0 0 0 0 0 0 0 0 0 0 0 1 10 0 0 1 0 0 0 1 1 0 1 1 0 0 0 0 1 10
0 0 0 0 1 0 0 0 0 1 0 0 1 0 0 0 10 0 1 0 0 1 0 1 0 0 0 0 1 0 1 0 0 0 0 1 1 0 0 0 0 0 0 0 1 0 1 0 0 0 0 0 0 0 1 1 1 1 0 0 0 0 1 1 0 0 10 0 0 0 0 0 1 1 0 1 0 0 0 0 0 0 1 0 0 0 0 0 0 0 0 0 0 0 0 1 1 1 0 0 1 0 0 0 0 1 1 0 0 0 0 1 1 0 0 0 1 0 1 1 0 1 1 0 0 0 0 0 1 0 1 0 1 0 10 1 1 0 0 0 1 0 1 1 0 0 1 0 0 0 0 0 0 0 1 0 0 1 1 0 0 10 10 0 0 1 1 0 0 1 0 1
1 1 0 0 0 1 0 0 1 1 0 10 0 0 0 0 0 0 1 0 1 0 0 1 0 0 0 0 10 0 0 0 0 1 0 0 10 1 0 0 0 0 0 1 0 1 0 1 0 0 0 1 1 0 0 0 0 1 0 0 10 0 0 10 0 0 0 1 0 0 0 1 1 0 0 0 0 1 0 0 1 0 0 0 1 0 1 1 0 0 0 0 0 0 0 0 1 0 0 0 0 1 1 1 10 0 0 0 1 0 10 0 1 0 0 0 0 0 0 0 0 1 0 10 0 0 0 1 1 1 1 0 0 0 1 0 1 1 1 1 0 1 0 0 0 0 0 0 0 1 0 0 1 0 1 1 0 1 0 0 0 0 0 0 10 0 0 1 0 1 1 1
0 0 0 0 0 0 0 0 0 0 0 0 0 0 1 1 0 0 0 0 0 1 0 0 0 0 0 1 0 0 0 0 0 0 0 0 0 1 1 0 0 0 0 0 0 0 0 0 0 0 0 0 0 0 0 0 0 0 1 0 0 0 0 0 0 0 0 0 0 1 0 0 0 0 0 0 0 1 0 0 0 1 1 0 0 0 0 0 0 0 0 1 0 1 0 0 0 0 0 0 0 0 0 0 0 0 0 0 0 0 0 0 0 0 1 0 0 0 0 0 0 0 0 1 1 0 0 0 0 0 0 0 0 0 0 0 0 0 0 1 0 0 1 1 0 0 0 0 0 0 0 0 1 0 0 0 1 0 0 0 1 0 0 1 0 0 0 0 0 0 0 0
0 0 1 0 1 0 0 1 0 1 1 0 0 1 1 10 0 1 0 0 1 1 0 0 0 0 1 0 0 1 1 0 1 1 0 0 0 1 1 0 0 1 1 0 1 0 0 0 0 1 0 0 1 1 1 0 0 0 1 0 0 0 1 0 0 0 0 0 0 10 0 1 0 0 0 0 0 1 1 0 0 1 10 1 0 0 0 0 0 0 0 1 1 1 0 0 0 0 0 1 0 0 0 0 0 0 0 1 0 0 0 0 0 1 1 0 0 1 0 0 10 0 0 1 10 0 0 0 0 0 1 0 0 0 0 0 0 1 0 1 0 1 1 1 0 0 0 0 0 0 0 0 1 0 0 0 1 1 0 1 1 0 0 10 0 0 1 1 0 0 1 0
1 1 0 0 1 1 0 0 1 1 0 1 0 0 0 0 1 0 0 0 1 0 0 1 1 10 0 0 0 0 1 0 0 1 0 0 1 1 0 0 0 0 0 1 0 1 0 1 0 0 0 1 1 0 1 0 0 10 0 0 1 0 1 10 0 0 1 0 0 0 0 1 1 1 0 0 0 1 0 0 1 0 1 0 0 0 1 0 0 0 0 0 0 0 0 0 1 0 0 0 1 1 1 1 1 0 1 0 1 0 1 1 10 0 0 0 0 0 0 1 0 1 0 10 0 0 0 0 10 1 10 0 1 0 1 0 10 1 0 1 1 1 1 1 0 0 1 0 0 0 0 0 1 0 0 1 0 10 1 0 0 1 1 0 1 0 1 1 0 10 1 0
1 0 1 0 1 10 1 0 10 0 1 0 0 0 1 1 0 1 0 1 1 0 1 0 0 0 0 1 0 0 1 0 1 1 0 0 0 0 0 1 0 1 10 0 0 1 0 1 1 10 1 0 1 0 10 0 0 0 0 1 1 0 1 0 0 1 0 10 1 1 0 0 0 1 1 0 0 0 1 1 0 1 1 1 0 0 0 1 0 0 0 0 10 0 0 0 0 0 0 10 0 0 0 0 0 1 0 1 0 0 0 0 1 1 1 0 0 0 1 0 10 0 0 0 1 0 0 1 0 0 1 0 0 10 0 0 1 1 0 1 0 0 0 0 0 1 0 0 1 1 0 1 0 0 0 0 0 1 0 1 0 0 0 0 0 0 1 0 1 0 1 0
0 1 1 0 10 0 0 0 0 1 1 0 0 0 0 1 10 0 0 1 1 0 0 0 1 0 0 1 1 1 0 1 1 0 0 0 0 0 0 0 1 0 1 1 0 1 0 0 1 1 0 0 10 0 10 0 0 1 0 0 0 0 10 0 0 1 1 0 0 1 0 0 0 1 0 0 1 0 1 1 1 1 10 1 0 0 0 0 0 0 0 0 1 0 1 0 0 0 1 1 1 0 0 0 0 0 10 1 0 0 0 1 1 1 0 0 0 0 0 1 1 0 0 0 0 0 0 1 1 0 10 0 1 0 1 0 1 10 1 0 1 0 1 1 0 0 10 1 0 0 0 0 0 1 0 0 0 10 1 1 0 10 1 0 0 0 100 0 0 1 0 0
0 1 0 1 0 0 0 0 0 0 0 1 0 0 0 1 1 1 0 1 0 0 1 0 0 0 0 0 0 0 1 0 0 0 0 0 0 0 0 0 1 1 0 1 0 1 0 0 1 0 0 0 1 1 0 0 0 0 0 0 0 0 0 0 1 1 0 0 0 0 0 0 0 0 0 0 10 0 1 1 1 1 0 0 0 1 0 0 1 1 0 1 0 0 1 0 0 0 1 0 1 1 0 0 0 0 1 0 0 0 0 1 0 0 0 0 0 0 0 0 0 0 0 0 0 0 0 1 0 0 0 1 1 0 0 1 0 1 1 0 0 0 0 0 1 0 1 1 0 0 0 0 0 1 0 1 1 0 0 0 0 1 1 0 0 0 1 0 0 0 0 0
0 0 1 0 1 0 0 0 0 0 1 0 1 0 1 1 0 0 0 0 1 0 0 1 0 0 0 1 0 1 1 0 0 0 0 0 0 1 0 0 0 0 1 0 0 0 0 0 0 10 0 0 1 0 1 1 0 0 0 0 0 0 1 0 0 0 0 0 0 1 1 0 0 0 0 1 0 0 0 0 0 0 1 1 0 0 0 0 1 0 0 0 1 1 1 0 1 0 0 10 0 0 0 0 0 0 0 1 0 0 1 0 0 1 0 0 0 1 0 1 1 0 0 0 0 1 0 0 0 0 1 1 0 0 0 0 0 1 0 0 0 0 0 0 0 0 0 0 0 0 0 0 0 1 1 0 0 1 0 1 0 0 0 0 1 0 1 0 0 0 0 1
0 1 0 0 0 1 1 1 1 1 0 1 0 1 1 0 0 1 0 0 1 0 0 0 0 1 0 1 1 1 0 0 0 0 0 0 1 1 0 1 0 1 1 1 1 0 0 10 0 0 1 1 0 1 0 0 0 0 0 0 0 0 0 1 0 0 0 1 1 0 0 10 1 0 1 0 0 1 1 1 0 1 0 0 0 0 0 0 0 0 0 0 0 0 0 0 1 0 0 1 0 0 1 1 0 0 0 0 0 0 1 0 0 0 0 0 0 1 1 0 10 1 0 1 10 0 0 0 0 1 1 0 0 1 0 0 1 1 0 10 0 10 0 0 0 1 0 0 0 1 0 1 1 0 0 1 0 0 0 0 0 0 0 1 1 0 0 10 0 1 10 0
0 0 1 1 1 0 1 10 0 0 0 0 0 0 0 0 0 0 0 0 1 0 0 0 0 0 0 0 0 0 0 0 0 0 0 1 0 0 1 0 1 0 0 0 0 0 1 1 1 0 0 10 0 0 0 1 10 0 0 0 0 0 1 0 0 1 0 0 1 1 1 1 1 0 1 1 0 1 0 0 0 0 0 0 10 10 0 1 1 0 1 0 1 0 0 1 0 1 10 0 0 0 0 0 0 0 1 0 1 0 0 1 0 0 1 0 1 1 1 0 0 1 10 0 0 0 1 0 0 1 0 1 1 0 0 0 0 0 0 0 0 1 1 0 1 0 1 1 1 0 0 0 1 1 0 1 1 0 1 1 1 0 0 0 0 1 0 0 10 0 0 0
0 0 0 1 0 0 0 1 0 0 0 0 1 0 0 0 1 0 1 0 0 1 0 1 1 0 0 0 0 0 0 0 0 0 1 0 1 0 1 0 0 0 0 0 1 0 1 0 1 0 0 1 0 0 0 1 10 0 0 0 0 0 1 1 0 1 1 0 0 1 0 1 10 0 1 10 0 0 0 0 0 0 0 0 1 1 0 0 0 0 1 0 1 0 0 10 1 1 1 0 0 0 0 0 0 1 1 0 1 0 0 0 0 0 0 0 1 1 1 0 0 1 10 0 0 0 0 0 0 1 0 1 1 0 1 1 0 0 0 0 0 1 0 0 0 0 0 1 0 0 0 0 0 1 1 0 1 0 1 1 1 1 1 0 0 1 0 0 1 0 0 1
0 1 0 0 0 0 0 0 0 1 0 10 1 0 0 0 1 0 10 0 1 1 0 1 1 10 0 0 1 0 0 0 0 1 0 1 0 1 0 0 0 0 0 1 1 0 1 1 0 0 0 1 0 0 0 1 1 0 0 0 1 0 0 10 0 0 1 1 0 0 0 1 10 0 0 1 0 1 0 0 0 0 0 0 1 0 0 1 0 0 0 0 0 0 0 1 10 1 0 0 0 0 1 1 1 1 0 0 0 0 10 0 0 0 0 0 1 0 1 0 0 10 1 1 0 0 0 1 0 1 1 0 0 0 10 1 0 1 1 1 0 1 0 0 0 0 0 0 0 1 0 0 1 0 10 1 0 0 0 0 0 1 1 0 10 1 0 1 0 1 0 10
0 1 0 0 0 0 0 0 0 0 0 1 1 0 10 1 0 0 0 0 1 1 0 1 0 1 1 1 1 0 0 0 1 1 0 0 1 0 1 0 0 0 0 1 0 0 0 1 0 1 0 1 0 0 0 1 0 0 1 0 0 0 0 1 0 0 0 0 0 1 1 1 1 0 0 1 0 10 0 0 0 1 1 0 0 0 0 0 1 0 0 1 0 10 1 0 10 0 0 1 0 0 1 1 0 0 0 0 0 0 10 0 0 0 1 0 0 1 0 1 0 1 0 10 1 1 0 0 0 1 1 1 0 0 0 0 0 1 0 10 0 1 1 1 0 0 0 0 0 0 0 0 10 1 1 1 1 0 0 0 1 0 0 1 10 0 0 1 0 1 0 1
0 0 0 1 0 0 0 1 0 0 0 0 0 0 1 1 0 0 0 0 0 1 0 0 0 0 1 1 0 0 0 0 0 0 1 1 0 1 0 0 0 0 0 0 0 0 0 0 1 0 0 1 0 0 0 0 1 0 1 0 0 0 1 0 0 1 0 0 0 10 0 1 1 0 1 1 0 1 0 0 0 1 1 0 1 1 0 0 0 0 1 1 1 1 0 1 0 0 1 0 0 0 0 0 0 0 1 0 1 0 0 0 0 0 1 0 0 1 0 0 0 0 1 1 1 0 0 0 0 1 0 1 1 0 0 0 0 0 0 1 0 1 1 1 0 0 0 1 0 0 0 0 1 1 0 0 10 0 1 1 10 0 0 1 0 0 0 0 1 0 0 0
0 0 0 0 0 1 1 0 1 0 0 0 0 0 1 0 0 0 0 0 0 0 0 0 0 0 0 0 0 1 0 0 0 1 0 0 0 0 0 0 0 0 1 0 0 0 0 1 0 0 1 0 0 0 0 0 0 0 0 0 0 0 0 0 0 0 0 1 1 0 0 0 0 0 1 0 0 0 0 1 0 1 0 0 0 0 0 0 0 0 0 0 0 0 0 0 0 0 0 1 0 0 0 0 0 0 0 0 0 0 0 0 0 0 0 0 0 0 1 0 1 0 0 0 1 0 0 0 0 0 0 0 0 1 0 0 1 0 0 1 0 0 0 0 0 1 0 0 0 1 0 1 0 0 0 0 0 0 0 0 0 0 0 0 0 0 0 0 0 0 1 0
0 1 1 0 1 0 1 1 0 0 0 0 0 0 0 0 1 0 0 1 1 0 0 0 0 0 0 0 0 0 1 1 0 0 1 0 0 0 0 0 0 0 0 1 0 1 1 1 1 0 0 1 1 0 0 1 1 0 0 0 0 0 0 0 0 1 0 0 1 0 1 0 0 0 0 0 1 1 1 1 1 1 0 0 1 1 0 1 1 0 0 0 0 0 1 0 0 1 10 0 0 0 0 0 0 0 1 0 0 0 0 1 0 0 1 0 1 0 1 0 0 1 1 0 0 0 1 1 0 0 0 0 0 0 0 0 0 1 1 0 0 0 1 0 1 0 10 1 1 0 0 0 1 1 0 1 0 0 0 0 0 1 0 0 0 1 1 0 1 0 0 0
1 0 0 1 0 1 0 1 1 1 0 1 0 1 0 1 0 100 0 1 0 0 10 0 0 0 0 1 0 1 0 1 0 1 0 0 0 0 0 0 0 0 0 0 1 1 0 0 1 1 0 0 0 10 1 0 0 0 0 1 1 0 0 0 1 1 0 1 0 0 0 1 0 1 0 0 1 0 10 0 0 0 0 0 0 1 0 1 1 1 0 1 1 0 0 0 0 0 0 0 1 1 0 0 0 1 0 0 0 0 0 1 1 0 1 0 0 1 0 0 1 0 0 0 1 0 0 1 0 0 0 1 1 1 0 1 0 0 0 0 0 1 0 0 1 0 0 0 1 0 0 0 0 0 0 1 1 0 0 0 0 0 1 1 0 0 0 1 1 0 1 0
0 0 1 0 1 1 1 0 1 0 1 0 0 0 1 1 0 0 0 0 1 0 0 0 0 0 0 1 0 10 1 0 1 1 0 0 0 0 0 1 0 0 0 0 0 0 0 1 0 1 1 0 1 0 1 0 0 0 0 0 0 0 1 0 0 0 0 1 1 1 0 0 0 0 1 0 0 0 0 1 0 1 1 1 0 0 0 0 0 0 0 0 1 0 0 0 0 0 0 10 0 0 0 0 0 0 0 1 0 0 0 0 0 1 0 0 0 0 1 0 10 0 0 0 1 0 0 0 0 0 1 0 0 1 0 0 1 1 0 1 0 0 0 0 0 1 0 0 0 1 0 1 0 0 0 0 0 1 0 1 0 0 0 0 0 0 1 0 0 0 1 0
0 10 0 0 0 0 0 0 0 0 0 1 0 0 0 0 1 0 0 1 1 1 0 0 0 1 0 0 1 0 1 1 0 1 0 0 1 1 0 0 1 0 0 0 1 1 0 1 1 0 0 1 1 1 0 0 0 1 1 0 0 1 0 1 0 1 0 0 1 0 0 1 1 0 0 0 1 1 1 10 10 1 0 0 0 0 1 0 0 0 0 0 0 0 10 0 1 0 1 0 0 1 1 1 0 1 1 1 0 1 1 0 0 0 0 1 0 0 0 1 0 1 0 1 0 0 1 1 0 1 1 0 0 0 0 1 0 10 1 1 1 1 0 0 0 1 1 10 1 0 1 0 1 1 0 1 0 0 1 0 0 1 0 0 1 1 1 1 0 1 0 0
0 0 0 0 0 0 0 1 0 1 0 0 1 1 0 0 1 1 1 0 0 10 0 1 1 0 0 1 0 0 0 0 0 1 0 1 1 0 0 0 0 1 0 1 0 0 1 0 0 0 0 0 0 10 0 1 1 1 1 0 0 1 0 1 0 0 1 0 1 0 0 1 1 0 0 1 0 0 1 1 1 0 0 0 0 0 1 0 0 0 0 0 0 0 1 1 1 1 0 0 0 1 0 0 0 10 0 1 0 1 0 0 0 0 0 1 1 1 1 1 1 1 1 0 1 0 1 0 0 0 0 0 0 0 1 10 0 0 0 0 1 1 0 0 0 1 0 1 1 0 1 0 0 0 1 0 0 0 1 0 0 1 1 1 0 10 0 1 0 0 1 1
10 1 0 0 0 10 0 0 10 0 0 0 0 0 0 0 1 1 0 10 0 0 1 1 0 1 0 0 1 1 1 1 0 0 0 0 0 0 0 0 1 1 0 1 0 0 0 0 10 1 0 0 10 0 1 0 0 1 0 1 10 0 0 1 0 10 0 1 0 0 0 0 0 1 0 0 1 0 10 1 10 1 0 0 0 0 1 1 0 0 0 0 1 0 1 0 0 0 1 0 0 1 0 0 1 1 1 0 1 0 0 0 10 0 1 0 0 0 0 0 0 0 0 1 0 0 0 10 1 0 0 0 0 1 0 0 1 1 1 0 0 0 0 0 0 0 1 1 1 0 0 0 0 1 0 0 0 1 0 0 0 1 0 0 0 0 1 0 1 0 1 0
0 0 1 0 1 0 1 1 0 0 0 0 1 0 0 0 1 0 1 0 1 1 0 1 1 0 0 0 0 0 0 0 0 0 1 1 1 0 0 0 1 0 0 0 1 0 0 1 0 0 0 1 0 0 0 10 10 0 0 0 0 0 0 1 0 0 1 0 1 0 1 0 1 0 0 1 0 1 0 0 0 0 0 0 1 1 0 1 1 0 0 0 0 0 0 1 1 10 1 0 0 0 0 0 0 1 0 0 0 0 0 1 0 0 1 0 10 0 10 0 0 10 10 0 0 0 1 0 0 0 0 0 0 0 1 1 0 0 0 0 0 0 1 0 1 0 1 0 1 0 0 0 1 0 1 1 0 0 0 0 0 1 1 0 0 10 0 0 1 0 0 1
0 1 1 0 1 1 10 1 1 0 0 1 0 0 1 0 0 0 0 0 10 0 0 0 0 1 0 0 1 1 0 0 0 10 1 0 1 1 0 1 1 0 1 1 0 0 1 0 0 0 1 10 0 0 0 1 1 0 0 0 0 0 0 1 0 0 0 1 10 0 1 1 1 0 1 0 0 10 0 1 0 1 0 0 1 1 0 1 1 0 0 0 0 0 0 0 1 1 1 1 0 0 1 1 0 0 0 0 0 0 1 1 0 0 1 0 1 0 10 0 1 10 1 1 1 0 1 0 0 1 1 0 0 1 0 0 1 1 0 10 0 1 1 0 1 1 1 0 1 1 0 1 10 0 0 10 0 0 0 0 0 0 0 0 1 1 0 1 1 1 1 0
1 1 0 1 0 1 0 1 1 0 0 0 0 0 0 0 1 1 0 10 0 0 1 0 0 0 0 0 0 1 1 1 0 0 1 1 0 0 1 0 1 1 0 1 0 10 0 0 0 1 0 1 1 0 1 0 1 0 0 1 1 0 1 0 0 100 0 1 0 1 0 1 1 1 1 1 1 0 10 1 1 1 0 0 1 1 0 1 0 0 1 0 10 0 1 1 0 0 10 0 0 0 0 0 0 1 10 0 1 0 0 0 1 0 1 0 0 1 0 0 0 0 1 0 0 0 0 10 0 1 0 1 1 1 0 0 0 1 1 0 0 1 0 0 0 0 1 10 1 0 0 0 0 10 0 0 1 0 1 1 1 1 0 0 0 0 1 0 10 0 0 0
1 0 1 0 1 1 0 0 1 0 1 0 1 0 1 1 0 1 0 1 1 0 1 1 0 0 0 1 0 10 1 0 10 0 0 0 0 1 0 0 0 1 1 0 0 1 0 0 1 0 0 0 1 0 10 1 0 0 0 1 1 0 1 0 0 1 0 1 0 1 1 0 0 1 0 1 0 0 1 0 0 0 1 1 0 0 0 1 1 0 0 0 10 1 1 0 1 0 0 10 0 0 0 0 0 1 0 1 0 0 1 0 1 1 1 0 0 1 0 1 1 0 0 0 0 1 0 1 0 0 1 1 0 1 0 0 0 1 0 0 0 0 0 0 0 0 0 0 1 0 0 0 0 1 1 0 0 1 0 1 0 0 0 0 1 0 1 0 1 0 0 1
0 0 0 0 0 1 1 0 1 0 0 0 0 0 1 0 0 0 0 0 0 0 0 0 0 0 0 0 0 1 0 0 0 1 0 0 0 0 0 1 0 0 1 0 0 0 0 1 0 0 0 0 0 0 0 0 0 0 0 0 0 0 0 0 0 0 0 1 1 0 0 0 0 0 1 0 0 0 0 1 0 1 0 0 0 0 0 0 0 0 0 0 0 0 0 0 0 0 0 1 0 0 0 0 0 0 0 0 0 0 0 0 0 0 0 0 0 0 1 0 1 0 0 0 1 0 0 0 0 0 0 0 0 1 0 0 1 0 0 1 0 0 0 0 0 1 0 0 0 1 0 1 0 0 0 0 0 0 0 0 0 0 0 0 0 0 0 0 0 0 1 0
0 1 1 1 1 0 1 10 0 0 0 1 0 0 0 0 0 0 0 0 10 0 0 0 0 1 0 0 1 0 0 0 0 1 10 1 1 1 1 0 1 0 0 1 0 0 1 10 1 0 0 0 0 0 0 1 10 0 0 0 0 0 1 1 0 1 0 0 1 1 1 10 10 0 1 1 0 10 0 0 0 0 0 0 10 10 0 1 1 0 1 0 1 0 0 1 1 1 10 0 0 0 1 1 0 0 1 0 1 0 1 1 0 0 1 0 1 1 1 0 0 10 10 1 0 0 1 0 0 10 1 1 1 0 0 0 0 1 0 1 0 10 1 0 1 0 1 1 1 0 0 0 10 1 0 10 1 0 1 1 1 0 0 0 1 1 0 1 10 1 0 0
1 1 1 0 1 1 0 0 1 0 1 0 0 0 0 1 1 0 0 1 1 0 0 1 0 1 0 1 1 1 10 1 1 0 0 0 0 0 0 0 1 0 1 1 0 10 0 0 1 1 0 0 0 0 1 0 0 1 0 0 1 0 1 1 0 1 0 0 0 1 0 0 0 0 0 0 1 0 1 1 10 1 1 1 0 0 1 0 0 0 0 0 1 0 1 0 0 0 1 1 0 1 0 0 1 0 1 1 1 0 0 0 1 1 0 0 0 0 0 0 1 0 0 1 0 0 0 1 1 0 1 0 0 0 0 0 1 10 1 0 0 0 0 0 0 0 1 1 0 0 0 0 0 1 0 0 0 10 0 1 0 1 0 0 0 0 10 0 0 0 1 0
0 0 0 1 0 0 0 1 0 1 0 1 0 1 0 1 0 10 0 0 0 1 1 0 0 0 0 1 0 0 0 1 0 1 0 0 0 0 0 0 0 10 0 1 10 0 0 0 0 0 0 0 0 0 0 0 0 1 1 0 0 1 0 0 1 0 0 0 1 0 0 1 0 0 0 0 1 0 1 1 1 0 0 0 0 1 1 0 1 1 0 1 0 0 1 0 0 0 0 0 1 10 0 0 0 1 0 1 0 1 0 1 0 0 0 1 0 1 0 1 1 0 0 0 1 0 1 0 0 0 0 1 1 0 0 10 0 0 0 0 1 1 0 0 1 1 0 1 1 0 1 0 0 0 0 1 1 0 1 0 0 0 1 1 0 1 0 1 0 0 1 0
1 0 1 0 10 1 0 0 1 1 1 0 0 0 0 1 1 1 0 1 1 0 1 0 1 0 0 1 1 10 10 0 1 0 0 0 0 0 0 0 0 1 1 0 0 1 0 0 1 10 0 0 1 0 0 0 0 1 0 1 1 0 10 0 0 1 1 1 0 1 0 0 0 10 0 0 0 0 1 0 0 0 10 1 0 0 0 1 0 0 0 0 10 0 0 0 0 0 0 1 1 0 0 0 0 1 1 1 0 0 0 1 10 1 1 0 0 0 0 1 1 0 0 0 0 0 0 1 1 0 10 0 1 1 1 0 1 1 0 0 1 0 1 1 0 0 1 0 1 0 0 0 0 0 0 0 0 10 1 1 0 1 1 0 0 0 10 0 1 1 0 0
0 0 1 0 1 0 1 1 0 0 0 0 10 0 1 0 1 0 1 0 1 1 0 10 1 0 0 0 0 0 0 0 1 0 1 1 1 1 0 0 1 0 0 0 1 0 10 1 0 1 0 1 0 0 0 0 10 0 0 0 0 0 0 1 0 0 1 0 1 0 10 0 1 0 0 10 0 1 0 0 0 0 0 0 1 1 0 1 10 0 0 0 0 1 1 1 10 10 1 1 0 0 0 0 0 1 0 0 0 0 1 1 0 0 1 0 10 1 10 1 0 10 10 0 0 1 1 0 0 0 0 1 0 0 1 1 0 0 0 0 0 0 1 0 1 0 1 0 1 0 0 0 1 1 10 1 0 0 0 0 0 1 1 0 1 10 0 0 1 0 0 10
0 0 1 1 1 0 1 10 0 0 0 0 1 0 0 0 1 0 1 0 1 1 0 1 1 0 0 0 0 0 0 0 0 0 10 10 1 0 1 0 1 0 0 0 1 0 10 1 1 0 0 10 0 0 0 10 0 0 0 0 0 0 1 1 0 1 1 0 1 1 1 1 10 0 1 10 0 1 0 0 0 0 0 0 10 10 0 1 1 0 1 0 1 0 0 10 1 10 10 0 0 0 0 0 0 1 1 0 1 0 0 1 0 0 1 0 10 1 10 0 0 10 100 0 0 0 1 0 0 1 0 1 1 0 1 1 0 0 0 0 0 1 1 0 1 0 1 1 1 0 0 0 1 1 1 1 1 0 1 1 1 1 1 0 0 10 0 0 10 0 0 1
1 0 0 0 1 1 0 0 1 1 0 0 0 0 0 0 1 0 0 0 0 1 0 1 1 1 0 0 10 0 1 0 0 0 0 0 0 0 0 0 0 0 0 1 1 1 0 0 0 0 0 0 1 1 1 0 0 0 1 0 1 1 1 1 0 0 1 0 1 0 0 0 0 1 0 0 0 0 0 1 10 0 1 0 0 0 10 0 0 0 0 0 0 0 1 0 0 0 0 0 1 10 0 0 1 1 1 1 1 1 0 1 10 0 0 1 0 0 0 10 0 0 0 1 0 0 1 0 10 0 1 0 1 0 1 1 10 0 0 0 10 0 1 1 0 1 1 1 1 0 1 0 0 0 0 0 0 10 10 0 0 1 1 0 0 1 1 0 0 1 1 0
0 0 0 0 0 0 0 0 0 0 0 0 0 0 1 1 0 0 0 0 0 10 0 0 0 0 1 1 0 0 0 0 0 0 0 0 0 1 1 0 0 0 0 1 1 0 0 0 0 0 0 0 0 1 0 0 0 1 0 0 0 1 0 0 0 0 0 0 1 1 0 0 0 0 0 0 0 1 0 1 1 1 1 0 0 0 1 0 0 0 0 1 0 1 1 0 0 0 0 0 0 1 0 0 0 1 0 1 0 1 0 0 0 0 1 1 0 0 0 1 0 0 0 1 1 0 1 0 0 0 0 0 0 0 0 1 0 0 0 1 1 0 1 1 0 1 0 1 1 0 1 0 1 0 0 0 1 0 1 0 1 0 0 1 0 1 0 0 0 0 0 0
1 0 0 0 0 1 0 0 1 0 0 0 0 0 0 0 0 1 0 1 0 0 1 0 0 0 0 0 0 1 0 0 0 0 0 0 0 0 0 0 0 1 0 0 0 1 0 0 1 1 0 0 0 0 1 0 0 0 0 0 1 0 0 0 0 1 0 1 0 0 0 0 0 1 0 0 0 0 1 0 0 0 0 0 0 0 0 1 0 0 0 0 1 0 0 0 0 0 0 0 0 0 0 0 0 1 0 0 0 0 0 0 1 0 1 0 0 0 0 0 0 0 0 0 0 0 0 1 0 0 0 0 0 1 0 0 0 0 0 0 0 0 0 0 0 0 0 0 1 0 0 0 0 0 0 0 0 0 0 0 0 0 0 0 0 0 0 0 1 0 0 0
10 0 0 0 0 10 0 0 10 1 0 1 0 0 0 0 0 1 1 1 0 0 1 1 0 10 0 0 1 1 0 0 0 0 0 0 1 0 0 0 0 1 0 0 0 10 0 0 1 1 0 0 1 0 1 0 0 1 0 1 0 0 0 1 0 1 0 10 0 0 0 0 0 1 0 0 0 0 1 0 1 0 0 0 1 0 1 10 0 0 0 0 1 0 0 0 0 0 0 0 0 1 0 0 10 1 0 0 1 0 1 0 10 0 1 0 0 0 0 0 0 0 0 1 0 0 0 10 1 0 0 0 0 1 1 0 1 0 1 0 0 0 0 0 0 0 0 0 1 1 0 0 0 0 1 0 0 1 0 0 0 0 0 0 1 0 0 0 1 0 1 1
0 0 0 0 0 0 0 0 0 0 0 0 0 0 0 0 0 0 0 0 0 1 0 0 0 0 0 0 0 0 0 0 0 0 0 0 0 0 0 0 0 0 0 1 1 0 0 0 0 0 0 0 0 1 0 0 0 1 1 0 0 0 0 0 0 0 0 0 1 0 0 0 0 0 0 0 0 0 0 1 1 0 0 0 0 0 1 0 0 0 0 0 0 0 1 0 0 0 0 0 0 1 0 0 0 1 0 1 0 1 0 0 0 0 0 1 0 0 0 1 0 0 0 0 0 0 1 0 0 0 0 0 0 0 0 1 0 0 0 0 1 0 0 0 0 1 0 1 1 0 1 0 0 0 0 0 0 0 1 0 0 0 0 0 0 1 0 0 0 0 0 0
0 0 1 1 10 0 0 1 0 1 1 0 0 0 0 1 1 0 0 0 1 0 0 0 1 0 0 1 1 1 10 0 1 0 1 1 0 0 1 0 0 0 1 0 0 0 0 0 1 1 0 1 1 0 10 0 1 1 0 0 0 0 0 0 0 1 1 0 0 10 0 1 1 1 1 1 0 0 0 0 0 0 10 1 1 1 0 0 0 0 1 0 10 0 0 1 0 0 1 1 1 0 0 0 0 0 10 1 1 0 0 1 1 1 0 0 0 1 0 1 1 0 1 0 0 0 0 0 1 1 10 1 10 0 1 0 1 1 0 0 1 1 1 1 0 0 1 1 0 0 0 0 0 1 0 0 1 10 10 10 1 1 1 0 0 0 10 0 1 1 0 0
1 1 0 0 0 1 0 0 1 0 0 1 1 0 0 0 1 0 1 0 1 1 0 10 1 10 0 0 10 0 0 0 0 1 0 1 10 1 0 0 0 0 0 1 1 1 1 1 0 0 0 1 1 0 0 1 1 1 0 0 1 0 0 0 0 0 1 0 0 0 0 1 10 0 0 1 0 1 0 0 1 0 0 0 0 0 1 0 0 0 0 0 0 0 0 1 10 1 0 0 0 1 1 1 1 1 0 0 1 0 1 0 1 0 0 0 1 0 1 0 0 10 1 10 0 0 0 0 1 1 1 0 0 0 1 1 1 1 0 1 0 1 0 0 0 0 0 0 0 0 0 0 1 0 1 1 0 1 0 0 0 1 1 0 1 1 0 1 0 1 1 1
0 0 0 1 0 0 0 0 0 0 0 1 0 0 0 1 0 1 0 0 0 0 1 0 0 0 0 0 0 0 0 1 0 0 0 0 0 0 0 0 0 1 0 0 0 0 0 0 0 0 0 0 0 1 0 0 0 0 0 0 0 0 0 0 0 0 0 0 0 0 0 0 0 0 0 0 1 0 0 0 0 0 0 0 0 1 0 0 1 1 0 1 0 0 0 0 0 0 0 0 1 1 0 0 0 0 0 0 0 0 0 1 0 0 0 0 0 0 0 0 0 0 0 0 0 0 0 0 0 0 0 1 1 0 0 1 0 0 0 0 0 0 0 0 1 0 0 0 0 0 0 0 0 0 0 1 1 0 0 0 0 0 1 0 0 0 0 0 0 0 0 0
1 1 0 1 0 1 0 1 1 0 0 0 0 0 0 0 1 1 0 10 0 0 1 0 0 0 0 0 0 1 1 1 0 0 1 1 0 0 1 0 1 1 0 1 0 10 0 0 100 1 0 1 1 0 1 0 1 0 0 1 1 0 1 0 0 0 0 1 0 1 0 1 1 1 1 1 1 0 10 1 1 1 0 0 1 1 0 1 0 0 1 0 10 0 1 1 0 0 10 0 0 0 0 0 0 1 10 0 1 0 0 0 1 0 1 0 0 1 0 0 0 0 1 0 0 0 0 10 0 1 0 1 1 1 0 0 0 1 1 0 0 1 0 0 0 0 1 10 1 0 0 0 0 10 0 0 1 0 1 1 1 1 0 0 0 0 1 0 10 0 0 0
0 0 0 0 1 0 0 0 0 1 0 0 1 0 0 0 10 0 1 0 0 1 0 1 10 0 0 0 1 0 1 0 0 0 0 1 1 0 0 0 0 0 0 0 1 0 1 0 0 0 0 0 0 0 1 1 1 1 0 0 0 0 1 1 0 0 0 0 0 0 0 0 1 1 0 1 0 0 0 0 0 0 1 0 0 0 0 0 0 0 0 0 0 0 0 1 1 1 0 0 1 0 0 0 0 1 1 0 0 0 0 1 1 0 0 0 1 0 1 1 0 1 1 0 0 0 0 0 1 0 1 0 1 0 10 1 1 0 0 0 1 0 1 1 0 0 1 0 0 0 0 0 0 0 1 0 0 1 1 0 0 10 10 0 0 1 1 0 0 1 0 1
1 0 0 0 0 10 1 0 10 1 0 1 0 0 1 0 0 1 1 1 0 0 1 0 0 1 0 0 0 10 0 0 0 1 0 0 1 0 0 1 0 1 1 0 0 1 0 1 1 1 1 0 0 0 1 0 0 0 0 1 10 0 0 0 0 1 0 0 1 0 0 0 0 1 1 0 0 0 1 1 0 1 0 0 1 0 0 10 0 0 0 0 1 0 0 0 0 0 0 1 0 0 0 0 1 1 0 0 0 0 1 0 1 0 1 0 0 0 1 0 1 0 0 0 1 0 0 10 0 0 0 0 0 10 1 0 1 0 1 1 0 0 0 0 0 1 0 0 1 10 0 1 0 0 1 0 0 0 0 0 0 0 0 0 1 0 0 0 1 0 1 1
0 0 1 0 1 1 10 1 1 0 0 0 0 0 1 0 0 0 0 0 1 1 0 0 0 0 0 0 0 1 0 0 0 1 1 0 0 0 0 1 1 0 1 1 1 0 1 10 0 0 1 1 0 1 0 1 1 1 1 0 0 1 0 0 0 0 0 1 0 0 1 0 0 0 1 0 0 1 0 10 1 1 0 0 1 1 1 1 1 0 0 0 0 0 1 0 0 1 1 1 0 1 0 0 0 1 0 1 0 1 0 1 0 0 1 1 1 0 10 1 1 1 1 0 1 0 10 0 0 0 0 0 0 1 0 1 1 0 0 1 1 0 1 0 1 10 1 1 10 1 1 1 1 0 0 1 0 0 1 0 0 0 0 0 0 10 0 0 1 0 1 0
0 0 1 1 1 0 0 1 0 0 1 0 0 0 1 10 0 0 0 0 1 1 0 0 0 0 1 10 0 1 1 0 1 0 1 1 0 1 10 0 0 0 1 0 0 0 0 0 1 1 0 1 1 0 1 0 1 0 1 0 0 0 10 0 0 1 0 0 0 0 0 1 1 0 1 1 0 1 0 0 0 1 10 1 1 1 0 0 0 0 1 1 10 1 0 1 0 0 1 1 0 0 0 0 0 0 1 1 1 0 0 0 0 1 1 0 0 1 0 0 1 0 1 1 1 0 0 0 0 1 1 1 1 0 0 0 0 1 0 1 0 1 1 1 0 0 0 1 0 0 0 0 1 1 0 0 10 1 1 10 10 0 0 1 0 0 1 0 1 0 0 0
0 0 1 0 1 0 1 1 0 0 0 0 1 0 1 0 0 0 0 0 1 0 0 1 0 0 0 0 0 0 0 0 1 0 1 0 0 1 0 0 1 0 0 0 0 0 1 1 0 1 0 1 0 0 0 10 1 0 0 0 0 0 0 0 0 0 0 0 1 0 0 0 0 0 0 1 0 1 0 0 0 0 0 0 1 1 0 1 10 0 0 0 0 1 1 0 1 1 1 1 0 0 0 0 0 0 0 0 0 0 1 1 0 0 1 0 1 1 1 1 0 1 1 0 0 1 1 0 0 0 0 1 0 0 0 0 0 0 0 0 0 0 1 0 1 0 1 0 1 0 0 0 1 1 1 1 0 0 0 0 0 0 0 0 1 1 0 0 1 0 0 1
0 1 0 1 0 0 0 10 0 1 0 1 0 1 0 0 0 1 0 0 1 0 0 0 0 1 0 1 1 0 0 0 0 10 1 1 1 1 1 0 0 1 0 1 1 0 0 1 1 0 0 10 0 1 0 0 1 0 0 0 0 0 1 1 0 1 0 0 0 1 0 0 10 0 1 1 0 1 1 0 0 0 0 0 1 1 0 0 0 0 1 0 1 0 0 1 1 0 1 0 0 0 1 1 0 0 1 0 1 0 1 0 0 0 0 0 0 10 0 0 1 1 1 1 1 0 0 0 0 10 1 1 1 0 0 0 0 1 0 1 0 100 0 0 0 0 0 1 0 0 0 0 1 1 0 1 1 0 1 1 1 0 0 1 1 0 0 10 1 1 1 0
0 1 0 1 0 0 0 1 0 0 0 1 1 0 0 0 1 0 1 0 1 1 0 1 1 1 0 0 1 0 0 0 0 1 1 10 10 1 1 0 0 0 0 1 1 0 1 1 1 0 0 10 0 0 0 1 10 0 0 0 0 0 1 10 0 1 1 0 0 1 0 10 0 0 1 10 0 1 0 0 0 0 0 0 1 1 0 0 0 0 1 0 1 0 0 10 10 1 1 0 0 0 1 1 0 1 1 0 1 0 1 0 0 0 0 0 1 1 1 0 0 10 10 1 0 0 0 0 0 10 1 1 1 0 1 1 0 1 0 1 0 10 0 0 0 0 0 1 0 0 0 0 1 1 1 1 1 0 1 1 1 1 1 0 1 1 0 1 1 1 0 1
1 0 0 0 1 1 0 0 1 1 0 0 0 0 0 0 1 1 0 1 0 0 1 0 1 0 0 0 1 1 1 0 0 0 0 0 0 0 0 0 0 1 0 0 0 1 0 0 1 1 0 0 0 0 10 0 0 1 0 1 1 0 1 0 0 1 1 1 0 0 0 0 0 0 0 0 0 0 1 0 0 0 1 0 0 0 0 1 0 0 0 0 1 0 0 0 0 0 0 0 1 0 0 0 0 1 1 0 0 0 0 1 10 0 1 0 0 0 0 1 0 0 0 0 0 0 0 1 1 0 1 0 1 1 1 0 1 0 0 0 1 0 1 1 0 0 1 0 1 0 0 0 0 0 0 0 0 1 1 0 0 1 1 0 0 0 1 0 1 1 0 0
0 0 0 1 0 1 1 1 1 0 0 0 0 0 1 0 0 0 0 0 0 0 0 0 0 0 0 0 0 1 0 0 0 1 1 1 0 0 1 1 0 0 1 0 0 0 0 1 1 0 1 1 0 0 0 0 1 0 0 0 0 0 1 0 0 1 0 1 1 1 0 1 1 0 0 1 0 0 0 1 0 1 0 0 1 1 0 0 0 0 1 0 1 0 0 1 0 0 1 1 0 0 0 0 0 0 1 0 1 0 0 0 0 0 0 0 0 1 1 0 1 0 1 0 1 0 0 0 0 1 0 1 1 1 0 0 1 0 0 1 0 1 0 0 0 1 0 1 0 1 0 1 0 1 0 0 1 0 1 1 1 0 0 0 0 0 0 0 1 0 1 0
0 0 0 1 0 0 0 1 0 0 0 0 10 0 1 0 1 0 1 0 0 1 0 10 1 0 0 0 0 0 0 0 1 0 1 10 1 1 1 0 0 0 0 0 1 0 1 0 1 1 0 1 0 0 0 10 10 0 0 0 0 0 1 1 0 1 1 0 0 1 1 1 10 0 1 0 0 0 0 0 0 0 0 0 1 1 0 0 1 0 1 0 1 1 1 10 10 1 1 1 0 0 0 0 0 1 1 0 1 0 1 0 0 0 0 0 1 10 1 1 0 1 10 0 0 1 0 0 0 1 0 10 1 0 1 1 0 0 0 0 0 1 0 0 0 0 0 1 0 0 0 0 0 10 10 0 1 0 1 1 1 1 1 0 1 1 0 0 1 0 0 10
0 1 0 1 0 0 0 0 0 0 0 1 0 0 0 1 1 1 0 1 0 0 1 0 0 0 0 0 0 0 1 10 0 0 0 0 0 0 0 0 1 1 0 1 0 1 0 0 1 0 0 0 1 1 0 0 0 0 0 0 0 0 0 0 1 1 0 0 0 0 0 0 0 0 0 0 0 0 1 1 1 1 0 0 0 1 0 0 1 1 0 1 0 0 1 0 0 0 1 0 1 1 0 0 0 0 1 0 0 0 0 1 0 0 0 0 0 0 0 0 0 0 0 0 0 0 0 1 0 0 0 1 1 0 0 1 0 1 1 0 0 0 0 0 1 0 1 1 0 0 0 0 0 1 0 1 1 0 0 0 0 1 1 0 0 0 1 0 0 0 0 0
0 1 1 0 1 0 1 1 0 0 0 1 0 0 1 1 0 0 0 0 10 1 0 0 0 1 1 1 1 0 0 0 0 1 1 0 1 10 1 0 1 0 0 1 0 0 1 10 0 0 0 10 0 0 0 1 1 0 1 0 0 0 0 1 0 0 0 0 1 1 1 1 1 0 0 0 0 0 0 0 0 1 1 0 1 1 0 1 1 0 0 1 0 1 0 0 1 1 1 0 0 0 1 1 0 0 0 0 0 0 1 1 0 0 10 0 1 0 1 0 0 10 1 10 1 0 1 0 0 1 1 0 0 0 0 0 0 1 0 10 0 1 10 1 1 0 1 0 1 0 0 0 100 0 0 10 1 0 0 0 1 0 0 1 1 1 0 1 1 1 0 0
1 1 0 0 0 1 0 1 1 1 0 0 0 1 0 0 1 10 0 10 0 0 1 0 0 0 0 1 0 1 1 1 0 1 0 0 0 0 0 0 1 10 0 1 1 10 0 0 10 1 0 0 1 1 1 0 0 0 0 1 1 0 0 0 0 10 0 1 0 0 0 1 0 1 0 0 1 0 0 1 1 1 0 0 0 0 0 1 0 0 0 0 1 0 1 0 0 0 1 0 0 0 0 0 0 1 1 0 0 0 0 0 1 0 1 0 0 1 0 0 1 0 0 0 1 0 0 10 0 0 0 0 0 1 0 0 0 1 1 0 0 1 0 0 0 0 1 1 1 0 0 0 0 1 0 0 0 0 0 0 0 1 0 1 0 0 1 1 1 0 1 0
0 1 0 0 0 1 1 0 1 0 0 0 0 0 1 0 1 0 0 1 0 1 0 0 0 0 0 0 0 1 1 1 0 1 0 0 0 0 0 1 1 0 1 10 1 1 0 1 1 0 1 0 1 1 0 0 0 1 1 0 0 1 0 0 0 1 0 1 10 0 0 0 0 0 1 0 1 0 1 0 10 10 0 0 0 0 1 0 0 0 0 0 0 0 10 0 0 0 1 1 0 1 0 0 0 1 1 1 0 1 0 0 0 0 0 1 0 0 1 1 1 0 0 0 1 0 1 1 0 0 0 0 0 1 0 1 1 1 1 1 1 0 0 0 0 10 1 10 1 1 1 1 0 1 0 0 0 0 1 0 0 1 0 0 0 1 1 0 0 0 1 0
1 1 0 0 0 1 0 0 1 0 0 0 0 0 0 0 1 0 0 1 0 1 0 1 0 1 0 0 1 0 1 1 0 0 0 0 0 0 0 0 1 0 0 10 1 10 0 0 1 0 0 0 10 1 0 0 0 10 1 0 1 1 0 1 0 1 0 0 1 0 0 0 0 0 0 0 1 0 1 10 0 1 0 0 0 0 10 0 0 0 0 0 0 0 10 0 0 0 1 0 0 10 0 0 1 1 1 1 1 1 0 0 1 0 0 1 0 0 0 1 0 0 0 1 0 0 1 1 1 0 0 0 0 0 0 1 1 1 1 0 1 0 0 0 0 1 1 10 1 0 1 0 0 1 0 0 0 1 1 0 0 1 0 0 0 1 1 0 0 0 1 0
0 1 0 0 0 1 1 0 1 0 0 0 0 0 10 1 1 0 0 1 0 1 0 0 0 0 1 1 0 1 1 1 0 1 0 0 0 1 1 1 1 0 1 1 0 1 0 1 1 0 1 0 1 0 0 0 0 0 1 0 0 0 0 0 0 1 0 1 1 1 0 0 0 0 1 0 1 1 1 10 1 0 1 0 0 0 0 0 0 0 0 1 0 1 1 0 0 0 1 1 0 0 0 0 0 0 1 0 0 0 0 0 0 0 1 0 0 0 1 0 1 0 0 1 10 0 0 1 0 0 0 0 0 1 0 0 1 1 1 10 0 0 1 1 0 1 1 1 0 1 0 1 1 1 0 0 1 0 0 0 1 1 0 1 0 0 1 0 0 0 1 0
0 0 1 0 10 0 0 0 0 1 1 0 0 0 1 10 1 0 0 0 1 1 0 0 1 0 1 10 1 1 10 0 1 0 0 0 0 1 1 0 0 0 1 0 0 0 0 0 0 1 0 0 1 0 10 0 0 1 1 0 0 0 10 0 0 0 1 0 0 10 0 0 0 1 0 0 0 1 0 0 0 1 0 1 0 0 0 0 0 0 0 1 1 1 0 0 0 0 0 1 1 0 0 0 0 0 1 1 0 0 0 1 1 1 1 0 0 0 0 1 1 0 0 1 1 0 0 0 1 0 10 0 1 0 1 0 1 1 0 1 1 0 10 10 0 0 1 0 0 0 0 0 1 0 0 0 1 10 1 1 1 1 1 1 0 0 10 0 0 1 0 0
0 0 1 0 1 0 0 0 0 0 1 0 0 0 0 1 0 0 0 0 1 0 0 0 0 0 0 1 0 1 1 0 1 0 0 0 0 0 0 0 0 0 1 0 0 0 0 0 0 1 0 0 1 0 1 0 0 0 0 0 0 0 1 0 0 0 0 0 0 1 0 0 0 0 0 0 0 0 0 0 0 0 1 0 0 0 0 0 0 0 0 0 1 0 0 0 0 0 0 1 0 0 0 0 0 0 0 1 0 0 0 0 0 1 0 0 0 0 0 0 1 0 0 0 0 0 0 0 0 0 1 0 0 0 0 0 0 1 0 0 0 0 0 0 0 0 0 0 0 0 0 0 0 0 0 0 0 1 0 1 0 0 0 0 0 0 1 0 0 0 0 0
0 0 1 1 1 0 1 10 0 1 0 1 0 0 0 0 0 0 1 0 1 0 0 0 0 1 0 0 0 0 0 0 0 0 10 1 1 0 1 0 1 0 0 0 0 0 1 1 1 0 0 10 0 0 0 1 10 0 0 0 1 0 1 0 0 1 0 1 1 1 1 1 1 0 1 1 0 1 0 0 0 0 0 0 0 10 0 10 1 0 1 0 1 0 0 1 0 1 10 0 0 0 0 0 1 0 1 0 1 0 1 1 0 0 1 0 1 1 1 0 0 1 10 0 0 0 1 1 0 1 0 1 1 0 1 0 0 0 1 0 0 1 1 0 1 0 1 1 1 1 0 0 1 1 1 1 1 0 1 1 1 0 0 0 1 1 0 0 10 0 0 1
0 0 1 10 1 0 1 10 0 0 0 1 0 0 0 1 0 1 0 0 1 0 1 0 0 0 0 0 0 0 0 1 0 0 10 1 0 0 1 0 1 1 0 0 0 0 1 1 1 0 0 10 0 1 0 1 10 0 0 0 0 0 1 0 1 1 0 0 1 1 1 1 1 0 1 1 1 1 0 0 0 0 0 0 10 0 0 1 10 1 1 1 1 0 0 1 0 1 10 0 1 1 0 0 0 0 1 0 1 0 0 10 0 0 1 0 1 1 1 0 0 1 10 0 0 0 1 0 0 1 0 10 10 0 0 1 0 0 0 0 0 1 1 0 10 0 1 1 1 0 0 0 1 1 0 10 10 0 1 1 1 0 1 0 0 1 0 0 10 0 0 0
1 0 0 0 0 1 0 0 1 0 0 0 0 0 0 0 0 0 0 0 0 1 0 1 0 1 0 0 1 0 0 0 0 0 0 0 0 0 0 0 0 0 0 1 1 1 0 0 0 0 0 0 1 1 0 0 0 10 1 0 1 1 0 1 0 0 0 0 1 0 0 0 0 0 0 0 0 0 0 1 10 0 0 0 0 0 0 0 0 0 0 0 0 0 1 0 0 0 0 0 0 10 0 0 1 1 0 1 1 1 0 0 1 0 0 1 0 0 0 1 0 0 0 1 0 0 1 0 1 0 0 0 0 0 0 1 1 0 0 0 1 0 0 0 0 1 0 1 1 0 1 0 0 0 0 0 0 1 1 0 0 0 0 0 0 1 0 0 0 0 1 0
1 0 1 0 1 1 1 1 1 1 0 1 0 0 0 0 0 1 1 1 1 0 1 0 0 1 0 0 0 1 0 0 0 0 1 0 1 0 0 0 1 1 0 0 0 1 1 1 1 1 0 1 0 0 1 1 1 0 0 1 10 0 0 0 0 1 0 10 1 0 1 0 0 1 0 0 0 1 1 0 0 0 0 0 10 1 0 0 1 0 0 0 1 0 0 0 0 1 1 0 0 0 0 0 1 1 0 0 0 0 1 1 1 0 10 0 1 0 1 0 0 1 1 0 0 0 1 10 0 0 0 0 0 1 1 0 0 0 1 0 0 0 1 0 1 0 1 0 10 1 0 0 1 0 1 1 0 0 0 0 0 0 0 0 1 1 0 0 10 0 0 1
0 0 1 1 1 0 1 1 0 0 0 1 1 0 1 1 0 1 0 0 1 0 1 1 0 0 0 0 0 0 0 1 1 0 1 0 0 1 0 0 1 1 0 0 0 0 1 1 0 1 0 1 0 1 0 10 1 0 0 0 0 0 0 0 1 0 0 0 1 0 10 0 0 0 0 1 1 1 0 0 0 0 0 0 1 10 0 1 0 1 0 1 0 1 1 0 1 1 1 1 1 1 0 0 0 0 0 0 0 0 1 10 0 0 1 0 1 1 1 1 0 1 1 0 0 1 1 0 0 0 0 10 1 0 0 1 0 0 0 0 0 0 1 0 10 0 1 0 1 0 0 0 1 1 1 10 1 0 0 0 0 0 1 0 1 1 0 0 1 0 0 1
0 0 0 1 0 0 0 0 0 0 0 1 0 0 0 1 0 1 0 0 0 0 1 0 0 0 0 0 0 0 0 1 0 0 0 0 0 0 0 0 0 1 0 0 0 0 0 0 0 0 0 0 0 1 0 0 0 0 0 0 0 0 0 0 1 0 0 0 0 0 0 0 0 0 0 0 1 0 0 0 0 0 0 0 0 1 0 0 1 0 0 1 0 0 0 0 0 0 0 0 1 1 0 0 0 0 0 0 0 0 0 1 0 0 0 0 0 0 0 0 0 0 0 0 0 0 0 0 0 0 0 1 1 0 0 1 0 0 0 0 0 0 0 0 1 0 0 0 0 0 0 0 0 0 0 1 1 0 0 0 0 0 1 0 0 0 0 0 0 0 0 0
0 0 0 1 0 0 0 1 0 0 0 0 0 0 0 0 0 0 0 0 0 0 0 0 0 0 0 0 0 0 0 0 0 0 1 1 0 0 1 0 0 0 0 0 0 0 0 0 1 0 0 1 0 0 0 0 1 0 0 0 0 0 1 0 0 1 0 0 0 1 0 1 1 0 1 1 0 0 0 0 0 0 0 0 1 1 0 0 0 0 0 0 1 0 0 1 0 0 1 0 0 0 0 0 0 0 1 0 1 0 0 0 0 0 0 0 0 1 0 0 0 0 1 0 0 0 0 0 0 1 0 1 1 0 0 0 0 0 0 0 0 1 0 0 0 0 0 1 0 0 0 0 0 1 0 0 1 0 1 1 1 0 0 0 0 0 0 0 1 0 0 0
0 0 0 1 0 0 0 0 0 0 0 1 0 0 1 10 0 1 0 0 0 1 1 0 0 0 1 1 0 0 0 1 0 0 0 0 0 1 1 0 0 1 0 0 0 0 0 0 0 0 0 0 0 1 0 0 0 0 1 0 0 0 0 0 1 0 0 0 0 1 0 0 0 0 0 0 1 1 0 0 0 1 1 0 0 1 0 0 1 1 0 0 0 1 0 0 0 0 0 0 1 1 0 0 0 0 0 0 0 0 0 1 0 0 1 0 0 0 0 0 0 0 0 1 1 0 0 0 0 0 0 1 1 0 0 1 0 0 0 1 0 0 1 1 1 0 0 0 0 0 0 0 1 0 0 1 10 0 0 0 1 0 1 1 0 0 0 0 0 0 0 0
1 0 1 1 1 1 0 1 1 0 1 0 0 0 0 1 0 1 0 1 1 0 1 0 0 0 0 1 0 10 1 0 1 0 1 1 0 0 1 0 0 1 1 0 0 1 0 0 10 10 0 1 1 0 10 0 1 0 0 1 1 0 10 0 0 10 0 1 0 10 0 1 1 1 1 1 0 0 1 0 0 0 1 1 1 1 0 1 0 0 1 0 0 0 0 1 0 0 1 1 0 0 0 0 0 1 1 1 1 0 0 0 1 1 1 0 0 1 0 0 1 0 1 0 0 0 0 1 0 1 1 1 1 1 0 0 0 1 0 0 0 1 0 0 0 0 0 1 1 0 0 0 0 1 0 0 1 1 1 10 1 0 0 0 0 0 1 0 10 0 0 0
0 0 0 0 0 0 0 0 0 0 0 0 1 0 10 1 0 0 0 0 0 1 0 1 0 0 1 1 0 0 0 0 1 0 0 0 0 10 1 0 0 0 0 0 0 0 0 0 0 1 0 0 0 0 0 1 0 0 1 0 0 0 0 0 0 0 0 0 0 1 1 0 0 0 0 1 0 1 0 0 0 1 1 0 0 0 0 0 1 0 0 1 0 0 1 0 1 0 0 1 0 0 0 0 0 0 0 0 0 0 1 0 0 0 1 0 0 1 0 1 0 0 0 1 1 1 0 0 0 0 0 1 0 0 0 0 0 0 0 1 0 0 1 1 0 0 0 0 0 0 0 0 1 1 1 0 1 0 0 0 1 0 0 1 1 0 0 0 0 0 0 1
0 1 0 0 0 0 0 0 0 0 0 0 1 0 1 0 1 0 0 1 0 1 0 1 0 0 0 0 0 0 1 1 1 0 0 0 0 1 0 0 1 0 0 10 1 1 0 0 1 1 0 0 1 1 0 1 0 1 1 0 0 1 0 0 0 1 0 0 1 0 1 0 0 0 0 1 1 0 1 10 10 1 0 0 0 0 1 0 1 0 0 0 0 1 0 0 1 0 1 1 0 1 0 0 0 1 1 1 0 1 1 0 0 0 0 1 0 1 0 10 0 0 0 0 0 1 1 1 0 0 0 1 0 0 0 1 0 1 1 0 1 0 0 0 0 1 1 10 1 0 1 0 0 10 1 0 0 0 1 0 0 1 0 0 1 1 1 0 0 0 0 1
0 0 0 1 0 0 0 1 0 0 0 0 1 0 0 0 1 0 1 0 0 1 0 1 1 0 0 0 0 0 0 0 0 0 1 10 1 0 1 0 0 0 0 0 1 0 1 0 1 0 0 1 0 0 0 1 10 0 0 0 0 0 1 1 0 1 1 0 0 1 0 1 10 0 1 10 0 0 0 0 0 0 0 0 1 1 0 0 0 0 1 0 1 0 0 0 1 1 1 0 0 0 0 0 0 1 1 0 1 0 0 0 0 0 0 0 1 1 1 0 0 1 10 0 0 0 0 0 0 1 0 1 1 0 1 1 0 0 0 0 0 1 0 0 0 0 0 1 0 0 0 0 0 1 1 0 1 0 1 1 1 1 1 0 0 1 0 0 1 0 0 1
0 1 0 0 0 0 0 0 0 0 0 1 10 0 1 0 1 0 1 0 1 1 0 10 1 1 0 0 1 0 0 0 1 1 0 1 10 10 0 0 0 0 0 1 1 0 1 1 0 1 0 1 0 0 0 10 1 0 0 0 0 0 0 10 0 0 1 0 0 0 1 1 10 0 0 10 0 1 0 0 0 0 0 0 0 0 0 0 1 0 0 0 0 1 1 1 0 1 0 1 0 0 1 1 0 1 0 0 0 0 10 0 0 0 0 0 1 1 1 1 0 10 1 1 0 1 0 0 0 1 1 1 0 0 1 1 0 1 0 1 0 1 0 0 0 0 0 0 0 0 0 0 1 1 10 1 0 0 0 0 0 1 1 0 10 1 0 1 0 1 0 10
0 0 1 0 1 0 1 1 0 0 0 0 1 0 0 0 1 0 1 0 1 1 0 1 1 0 0 0 0 0 0 0 0 0 1 1 1 0 0 0 1 0 0 0 1 0 10 1 0 0 0 1 0 0 0 10 10 0 0 0 0 0 0 1 0 0 1 0 1 0 1 0 1 0 0 1 0 1 0 0 0 0 0 0 1 1 0 1 1 0 0 0 0 0 0 1 1 0 1 0 0 0 0 0 0 1 0 0 0 0 0 1 0 0 1 0 10 0 10 0 0 10 10 0 0 0 1 0 0 0 0 0 0 0 1 1 0 0 0 0 0 0 1 0 1 0 1 0 1 0 0 0 1 0 1 1 0 0 0 0 0 1 1 0 0 10 0 0 1 0 0 1
0 1 1 1 1 0 1 10 0 0 0 0 0 0 0 0 1 0 0 1 1 0 0 0 0 0 0 0 0 0 1 1 0 0 10 1 0 0 1 0 10 0 0 1 0 1 1 1 10 0 0 10 1 0 0 1 10 0 0 0 0 0 1 0 0 10 0 0 1 1 1 1 1 0 1 1 1 1 1 1 1 1 0 0 10 10 0 1 1 0 1 0 1 0 1 1 0 1 0 0 0 0 0 0 0 0 10 0 1 0 0 1 0 0 1 0 1 1 1 0 0 1 10 0 0 0 1 1 0 1 0 1 1 0 0 0 0 1 1 0 0 1 1 0 1 0 10 10 1 0 0 0 1 10 0 1 1 0 1 1 1 1 0 0 0 1 1 0 10 0 0 0
0 0 1 0 1 1 1 0 1 0 1 0 1 0 10 1 0 0 0 0 1 0 0 1 0 0 0 1 0 10 1 0 10 1 0 0 0 1 0 1 0 0 10 0 0 0 0 1 0 10 1 0 1 0 1 1 0 0 0 0 0 0 1 0 0 0 0 1 1 1 1 0 0 0 1 1 0 0 0 1 0 1 1 1 0 0 0 0 1 0 0 0 1 1 1 0 1 0 0 0 0 0 0 0 0 0 0 1 0 0 1 0 0 1 0 0 0 1 1 1 10 0 0 0 1 1 0 0 0 0 1 1 0 1 0 0 1 1 0 1 0 0 0 0 0 1 0 0 0 1 0 1 0 1 1 0 0 1 0 1 0 0 0 0 1 0 1 0 0 0 1 1
0 0 0 1 1 0 0 0 0 1 0 1 0 0 0 1 1 1 0 0 0 0 1 0 1 0 0 0 1 0 1 1 0 0 0 0 0 0 0 0 0 1 0 0 0 0 0 0 0 0 0 0 0 1 1 0 0 1 0 0 0 0 1 0 1 0 1 0 0 0 0 0 0 1 0 0 1 0 0 0 0 0 1 0 0 1 0 0 1 1 0 1 0 0 0 0 0 0 0 0 0 1 0 0 0 0 1 0 0 0 0 10 1 0 0 0 0 0 0 1 0 0 0 0 0 0 0 0 1 0 1 1 10 0 1 1 1 0 0 0 1 0 1 1 1 0 1 0 0 0 0 0 0 0 0 1 1 1 1 0 0 1 10 0 0 0 1 0 0 1 0 0
1 0 0 1 0 1 0 0 1 0 0 1 0 0 0 1 0 1 0 0 0 1 1 1 0 1 0 0 1 0 0 1 0 0 0 0 0 0 0 0 0 1 0 1 1 1 0 0 0 0 0 0 1 10 0 0 0 10 1 0 1 1 0 1 1 0 0 0 1 0 0 0 0 0 0 0 1 0 0 1 10 0 0 0 0 1 10 0 1 1 0 1 0 0 1 0 0 0 0 0 1 0 0 0 1 1 0 1 1 1 0 1 1 0 0 1 0 0 0 1 0 0 0 1 0 0 1 0 1 0 0 1 1 0 0 10 1 0 0 0 1 0 0 0 1 1 0 1 1 0 1 0 0 0 0 1 1 1 1 0 0 0 1 0 0 1 0 0 0 0 1 0
0 1 0 0 0 0 0 0 0 0 0 1 0 0 0 0 0 0 0 0 1 0 0 0 0 1 0 0 1 0 0 0 0 1 0 0 1 1 0 0 0 0 0 1 0 0 0 1 0 0 0 1 0 0 0 0 0 0 0 0 0 0 0 1 0 0 0 0 0 0 0 1 1 0 0 0 0 1 0 0 0 0 0 0 0 0 0 0 0 0 0 0 0 0 0 0 1 0 0 0 0 0 0 1 0 0 0 0 0 0 1 0 0 0 0 0 0 0 0 0 0 1 0 1 0 0 0 0 0 1 1 0 0 0 0 0 0 1 0 1 0 1 0 0 0 0 0 0 0 0 0 0 1 0 0 1 0 0 0 0 0 0 0 0 1 0 0 1 0 1 0 0
0 1 0 0 0 0 0 0 0 0 0 1 0 0 0 0 0 0 0 0 1 0 0 0 0 1 0 0 1 0 0 0 0 1 0 0 1 1 0 0 0 0 0 1 0 0 0 1 0 0 0 1 0 0 0 0 0 0 0 0 0 0 0 1 0 0 0 0 0 0 0 1 1 0 0 0 0 1 0 0 0 0 0 0 0 0 0 0 0 0 0 0 0 0 0 0 1 0 0 0 0 0 1 0 0 0 0 0 0 0 1 0 0 0 0 0 0 0 0 0 0 1 0 1 0 0 0 0 0 1 1 0 0 0 0 0 0 1 0 1 0 1 0 0 0 0 0 0 0 0 0 0 1 0 0 1 0 0 0 0 0 0 0 0 1 0 0 1 0 1 0 0
1 0 0 0 0 1 0 0 1 1 0 1 0 0 0 0 0 0 1 0 0 0 0 1 0 10 0 0 1 0 0 0 0 0 0 0 1 0 0 0 0 0 0 0 0 1 0 0 0 0 0 0 1 0 0 0 0 1 0 0 10 0 0 1 0 0 0 1 0 0 0 0 0 0 0 0 0 0 0 0 1 0 0 0 1 0 1 1 0 0 0 0 0 0 0 0 0 0 0 0 0 1 0 0 0 0 0 0 1 0 1 0 1 0 0 0 0 0 0 0 0 0 0 1 0 0 0 1 1 0 0 0 0 0 1 0 1 0 1 0 0 0 0 0 0 0 0 0 0 1 0 0 0 0 1 0 0 1 0 0 0 0 0 0 1 0 0 0 0 0 1 1
1 0 0 0 0 1 0 0 1 0 0 0 1 0 0 0 1 1 1 1 0 10 1 1 1 0 0 0 0 1 0 0 0 0 0 1 1 0 0 0 0 1 0 1 10 1 1 0 1 1 0 0 0 1 1 1 1 1 1 1 1 1 0 1 0 1 1 1 1 0 0 0 1 1 0 1 0 0 1 1 1 0 0 0 0 0 1 1 0 0 0 0 1 0 1 1 1 1 0 0 0 1 0 0 0 0 0 1 0 1 0 0 1 0 1 1 1 0 1 1 0 1 1 0 0 0 1 1 0 0 0 0 0 1 1 10 0 0 0 0 1 0 0 0 0 1 0 1 10 0 1 0 0 0 1 0 0 0 1 0 0 1 1 0 0 10 0 0 1 0 0 1
0 1 0 1 1 0 0 1 0 1 0 0 0 0 0 0 10 0 0 1 0 0 0 0 1 0 0 0 1 0 10 1 0 0 1 1 0 0 1 0 1 0 0 1 0 1 0 0 10 0 0 1 1 0 1 0 1 1 0 0 0 0 10 0 0 10 1 0 0 1 0 1 1 1 1 1 1 0 1 1 1 1 1 0 1 1 0 0 0 0 1 0 1 0 1 1 0 0 10 0 1 0 0 0 0 0 0 0 1 0 0 1 1 0 0 0 0 1 0 1 0 0 1 0 0 0 0 1 1 1 1 1 10 0 1 0 1 1 1 0 1 1 1 1 0 0 10 10 0 0 0 0 0 10 0 0 1 1 10 1 1 10 1 0 0 0 10 0 1 1 0 0
0 0 1 0 1 0 0 0 0 0 1 0 0 0 0 1 0 0 0 0 1 1 0 0 0 0 0 1 0 1 1 0 1 0 0 0 0 0 0 0 0 0 1 1 1 0 0 0 0 1 0 0 1 1 1 0 0 1 1 0 0 1 1 0 0 0 0 0 1 1 0 0 0 0 0 0 0 0 0 1 1 0 1 1 0 0 1 0 0 0 0 0 1 0 1 0 0 0 0 1 0 1 0 0 0 1 0 0 0 1 0 0 0 1 0 1 0 0 0 1 1 0 0 0 0 0 1 0 0 0 1 0 0 0 0 1 0 1 0 0 1 0 0 0 0 1 0 1 1 0 1 0 0 0 0 0 0 1 1 1 0 0 0 0 0 1 1 0 0 0 0 0
1 0 0 1 0 1 0 1 1 0 0 0 0 0 0 0 0 0 0 0 0 0 0 1 0 1 0 0 1 0 0 0 0 0 1 1 0 0 1 0 0 0 0 0 0 1 0 0 1 0 0 1 1 0 0 0 1 1 0 0 1 0 1 1 0 1 0 0 0 1 0 1 1 0 1 1 0 0 0 0 1 0 0 0 1 1 1 0 0 0 1 0 1 0 0 1 0 0 1 0 0 1 0 0 1 0 1 0 0 0 0 0 1 0 0 0 0 1 0 0 0 0 1 1 0 0 0 0 1 1 0 1 1 0 0 0 1 0 0 0 0 1 0 0 0 0 0 1 0 0 0 0 0 1 0 0 1 1 1 1 1 0 0 0 0 0 0 0 1 0 1 0
0 0 0 0 0 0 0 0 0 0 0 0 0 0 0 0 0 0 0 0 0 1 0 0 0 0 0 0 0 0 0 0 0 0 0 0 0 0 0 0 0 0 0 1 1 0 0 0 0 0 0 0 0 1 0 0 0 1 1 0 0 1 0 0 0 0 0 0 1 0 0 0 0 0 0 0 0 0 0 1 1 0 0 0 0 0 1 0 0 0 0 0 0 0 1 0 0 0 0 0 0 1 0 0 0 1 0 1 0 0 0 0 0 0 0 1 0 0 0 1 0 0 0 0 0 0 1 0 0 0 0 0 0 0 0 1 0 0 0 0 1 0 0 0 0 1 0 1 1 0 1 0 0 0 0 0 0 0 1 0 0 0 0 0 0 1 0 0 0 0 0 0
0 1 0 0 0 0 0 0 0 1 0 10 1 0 1 0 0 0 1 0 1 0 0 1 0 10 0 0 1 0 0 0 1 1 0 0 10 10 0 0 0 0 0 1 0 0 0 1 0 1 0 1 0 0 0 1 0 0 0 0 1 0 0 1 0 0 0 1 0 0 1 1 1 0 0 1 0 1 0 0 0 0 0 0 1 0 0 1 1 0 0 0 0 1 1 0 10 0 0 1 0 0 1 1 1 0 0 0 0 0 0 0 0 0 0 0 0 1 0 1 0 1 0 1 0 1 0 1 0 1 1 1 0 0 1 0 0 1 1 1 0 1 0 0 0 0 0 0 0 1 0 0 1 1 10 1 0 0 0 0 0 0 0 0 100 0 0 1 0 1 0 10
0 0 1 1 10 0 1 1 0 1 0 1 0 0 0 1 1 1 0 0 1 0 1 0 1 0 0 0 1 0 1 1 0 0 1 0 0 0 0 0 1 1 0 0 0 0 1 1 0 0 0 1 0 1 1 1 1 1 0 0 0 0 1 0 1 0 1 0 1 0 1 0 0 1 0 0 1 1 0 0 0 0 1 0 1 10 0 1 10 1 0 1 0 0 0 0 0 1 1 0 10 1 0 0 0 0 1 0 0 0 0 0 1 0 1 0 1 0 1 1 0 1 1 0 0 0 1 0 1 0 1 1 10 0 1 1 1 0 0 0 1 0 10 1 10 0 10 0 1 0 0 0 1 0 0 10 1 1 1 0 0 1 10 0 0 1 1 0 1 1 0 0
10 0 0 0 1 10 0 0 10 1 0 0 0 0 0 0 1 1 0 1 0 0 1 1 1 1 0 0 10 1 1 0 0 0 0 0 0 0 0 0 0 1 0 0 0 10 0 0 1 1 0 0 1 0 10 0 0 10 0 1 10 0 1 1 0 1 1 1 0 0 0 0 0 10 0 0 0 0 1 0 1 0 1 0 0 0 1 1 0 0 0 0 1 0 0 0 0 0 0 0 1 1 0 0 1 1 1 0 1 0 0 1 0 0 1 0 0 0 0 1 0 0 0 1 0 0 0 1 10 0 1 0 1 1 1 0 10 0 0 0 1 0 1 1 0 0 1 0 1 0 0 0 0 0 0 0 0 10 1 0 0 1 1 0 0 0 1 0 1 1 1 0
0 0 1 0 1 0 0 0 0 0 1 0 0 0 0 1 0 0 0 0 1 0 0 0 0 0 0 1 0 1 1 0 1 0 0 0 0 0 0 0 0 0 1 0 0 0 0 0 0 1 0 0 1 0 1 0 0 0 0 0 0 0 1 0 0 0 0 0 0 1 0 0 0 0 0 0 0 0 0 0 0 0 1 1 0 0 0 0 0 0 0 0 1 0 0 0 0 0 0 1 0 0 0 0 0 0 0 1 0 0 0 0 0 0 0 0 0 0 0 0 1 0 0 0 0 0 0 0 0 0 1 0 0 0 0 0 0 1 0 0 0 0 0 0 0 0 0 0 0 0 0 0 0 0 0 0 0 1 0 1 0 0 0 0 0 0 1 0 0 0 0 0
1 0 1 0 1 1 1 1 1 0 0 0 0 0 1 1 0 1 0 1 1 1 1 0 0 0 1 1 0 1 0 0 0 0 1 0 0 1 1 0 1 1 0 0 0 1 1 1 1 1 0 1 0 0 1 1 1 0 1 1 1 0 0 0 0 1 0 1 1 1 1 0 0 1 0 0 0 10 1 0 0 1 1 0 1 1 0 10 1 0 0 1 1 1 0 0 0 1 1 0 0 0 0 0 0 1 0 0 0 0 0 1 1 0 0 0 1 0 1 0 0 1 1 1 1 0 1 1 0 0 0 0 0 1 0 0 0 0 0 1 0 0 10 1 1 0 1 0 10 0 0 0 10 0 0 1 1 0 0 0 1 0 0 1 0 1 0 0 10 0 0 0
0 0 0 0 0 0 0 0 0 0 0 0 0 0 0 0 0 0 0 0 0 1 0 0 0 0 0 0 0 0 0 0 0 0 0 0 0 0 0 0 0 0 0 1 1 0 0 0 0 0 0 0 0 1 0 0 0 1 1 0 0 1 0 0 0 0 0 0 1 0 0 0 0 0 0 0 0 0 0 1 1 0 0 0 0 0 1 0 0 0 0 0 0 0 1 0 0 0 0 0 0 1 0 0 0 1 0 1 0 1 0 0 0 0 0 0 0 0 0 1 0 0 0 0 0 0 1 0 0 0 0 0 0 0 0 1 0 0 0 0 1 0 0 0 0 1 0 1 1 0 1 0 0 0 0 0 0 0 1 0 0 0 0 0 0 1 0 0 0 0 0 0
0 0 1 0 1 0 1 1 0 0 0 0 1 0 0 0 1 0 1 0 1 1 0 1 1 0 0 0 0 0 0 0 0 0 1 1 1 0 0 0 1 0 0 0 1 0 10 1 0 0 0 1 0 0 0 10 10 0 0 0 0 0 0 1 0 0 1 0 1 0 1 0 1 0 0 1 0 1 0 0 0 0 0 0 1 1 0 1 1 0 0 0 0 0 0 1 1 10 1 0 0 0 0 0 0 1 0 0 0 0 0 1 0 0 1 0 0 0 10 0 0 10 10 0 0 0 1 0 0 0 0 0 0 0 1 1 0 0 0 0 0 0 1 0 1 0 1 0 1 0 0 0 1 0 1 1 0 0 0 0 0 1 1 0 0 10 0 0 1 0 0 1
0 0 0 1 0 0 0 10 0 1 0 0 1 1 1 0 0 1 0 0 0 0 0 1 0 0 0 1 0 0 0 0 1 1 1 1 0 1 1 0 0 1 0 0 1 0 0 0 1 1 0 1 0 1 0 1 1 0 0 0 0 0 1 0 0 1 0 0 0 1 1 10 1 0 1 10 0 0 1 0 0 0 0 0 1 1 0 0 1 0 1 0 1 1 1 1 1 0 1 1 0 0 0 0 0 0 1 0 1 0 1 0 0 0 0 0 0 0 0 1 1 0 1 0 1 1 0 0 0 1 0 10 1 0 0 0 0 0 0 0 0 10 0 0 0 0 0 1 0 0 0 0 0 10 1 0 1 0 1 1 1 0 0 1 1 0 0 1 1 0 1 1
0 0 1 0 1 1 10 1 1 0 0 0 1 0 1 0 1 0 1 0 1 1 0 1 1 0 0 0 0 1 0 0 0 1 1 1 1 0 0 1 1 0 1 0 1 0 10 10 0 0 1 1 0 0 0 10 10 0 0 0 0 0 0 1 0 0 1 1 10 0 1 0 1 0 1 1 0 1 0 1 0 1 0 0 1 1 0 1 1 0 0 0 0 0 0 1 1 10 1 1 0 0 0 0 0 1 0 0 0 0 0 1 0 0 1 0 10 0 0 0 1 10 10 0 1 0 1 0 0 0 0 0 0 1 1 1 1 0 0 1 0 0 1 0 1 1 1 0 1 1 0 1 1 0 1 1 0 0 0 0 0 1 1 0 0 10 0 0 1 0 1 1
0 0 0 0 1 0 0 0 0 1 0 0 1 0 1 0 1 0 0 0 0 1 0 1 1 0 0 0 1 0 1 0 1 0 0 0 0 1 0 0 0 0 0 1 1 0 0 0 0 1 0 0 0 1 1 1 0 10 1 0 0 1 1 0 0 0 1 0 1 0 1 0 0 1 0 1 0 0 0 1 1 0 1 0 0 0 1 0 1 0 0 0 0 1 10 0 1 0 0 1 1 1 0 0 0 1 1 1 0 1 1 1 1 0 0 1 0 1 0 0 0 0 0 0 0 1 1 0 1 0 1 1 1 0 1 1 1 0 0 0 10 0 1 1 0 1 1 1 1 0 1 0 0 1 1 0 0 1 10 0 0 1 1 0 1 1 1 0 0 1 0 1
0 0 1 0 1 1 1 1 1 1 1 0 0 1 1 1 0 1 0 0 1 0 0 0 0 0 0 10 0 10 1 0 1 10 0 0 0 0 0 1 0 1 10 0 1 0 0 1 0 1 1 0 1 1 1 0 0 0 0 0 0 0 1 0 0 0 0 1 1 1 0 1 0 0 1 0 0 0 1 1 0 1 1 1 0 0 0 0 0 0 0 0 1 0 0 0 0 0 0 10 0 0 0 0 0 0 0 1 0 0 0 0 0 1 0 0 0 1 1 0 0 0 0 0 10 0 0 0 0 0 1 0 0 1 0 0 1 1 0 1 0 1 0 0 0 1 0 0 0 1 0 1 0 0 0 0 0 1 0 1 0 0 0 1 0 0 1 1 0 0 10 0
0 1 1 0 1 0 1 1 0 0 0 1 1 0 0 0 1 0 1 0 10 1 0 1 1 1 0 0 1 0 0 0 0 1 1 1 10 1 0 0 1 0 0 1 1 0 10 10 0 0 0 10 0 0 0 10 10 0 0 0 0 0 0 10 0 0 1 0 1 0 1 1 10 0 0 1 0 10 0 0 0 0 0 0 1 1 0 1 1 0 0 0 0 0 0 1 10 10 1 0 0 0 1 1 0 1 0 0 0 0 1 1 0 0 1 0 10 0 10 0 0 0 10 1 0 0 1 0 0 1 1 0 0 0 1 1 0 1 0 1 0 1 1 0 1 0 1 0 1 0 0 0 10 0 1 10 0 0 0 0 0 1 1 0 1 10 0 1 1 1 0 1
0 0 1 1 1 0 1 10 0 0 0 0 1 0 0 0 1 0 1 0 1 1 0 1 1 0 0 0 0 0 0 0 0 0 10 10 1 0 1 0 1 0 0 0 1 0 10 1 1 0 0 10 0 0 0 10 100 0 0 0 0 0 1 1 0 1 1 0 1 1 1 1 10 0 1 10 0 1 0 0 0 0 0 0 10 10 0 1 1 0 1 0 1 0 0 10 1 10 10 0 0 0 0 0 0 1 1 0 1 0 0 1 0 0 1 0 10 1 10 0 0 10 0 0 0 0 1 0 0 1 0 1 1 0 1 1 0 0 0 0 0 1 1 0 1 0 1 1 1 0 0 0 1 1 1 1 1 0 1 1 1 1 1 0 0 10 0 0 10 0 0 1
1 1 0 0 0 1 0 0 1 0 0 1 0 0 1 1 0 0 0 0 1 1 0 1 0 10 1 1 10 0 0 0 0 1 0 0 1 10 1 0 0 0 0 1 0 1 0 1 0 0 0 1 1 0 0 0 0 1 1 0 1 0 0 10 0 0 0 0 0 1 0 1 1 0 0 0 0 10 0 0 1 1 1 0 0 0 1 0 0 0 0 1 0 1 0 0 1 0 0 0 0 1 1 1 1 0 0 0 1 0 1 0 1 0 1 0 0 0 0 0 0 1 0 0 1 0 0 0 1 1 1 0 0 0 0 0 1 1 0 10 0 1 1 1 0 0 0 0 0 0 0 0 10 0 0 1 1 1 0 0 1 0 0 1 1 0 0 1 0 1 1 0
0 0 0 0 0 1 1 1 1 1 0 0 0 1 10 1 0 1 0 0 0 1 0 0 0 0 1 10 0 1 0 0 0 10 0 0 0 1 1 1 0 1 1 0 1 0 0 1 0 0 1 0 0 1 0 0 0 0 1 0 0 0 0 0 0 0 0 1 1 1 0 1 0 0 1 0 0 1 1 1 0 10 1 0 0 0 0 0 0 0 0 1 0 1 0 0 0 0 0 1 0 0 0 0 0 0 0 0 0 0 0 0 0 0 1 0 0 1 1 0 10 0 0 1 0 0 0 0 0 0 0 0 0 1 0 0 1 0 0 10 0 1 1 1 0 1 0 0 0 1 0 1 1 0 0 0 1 0 0 0 1 0 0 10 0 0 0 1 0 0 10 0
0 0 0 0 0 0 0 0 0 0 0 0 1 0 1 0 0 0 0 0 0 0 0 1 0 0 0 0 0 0 0 0 1 0 0 0 0 1 0 0 0 0 0 0 0 0 0 0 0 1 0 0 0 0 0 1 0 0 0 0 0 0 0 0 0 0 0 0 0 0 1 0 0 0 0 1 0 0 0 0 0 0 0 0 0 0 0 0 1 0 0 0 0 1 1 0 1 0 0 1 0 0 0 0 0 0 0 0 0 0 1 0 0 0 0 0 0 1 0 1 0 0 0 0 0 0 0 0 0 0 0 1 0 0 0 0 0 0 0 0 0 0 0 0 0 0 0 0 0 0 0 0 0 1 1 0 0 0 0 0 0 0 0 0 1 0 0 0 0 0 0 1
0 0 1 0 1 0 1 1 0 0 0 0 0 0 0 0 0 0 0 0 1 1 0 0 0 0 0 0 0 0 0 0 0 0 1 0 0 0 0 0 1 0 0 1 1 0 1 1 0 0 0 1 0 1 0 1 1 1 1 0 0 1 0 0 0 0 0 0 10 0 1 0 0 0 0 0 0 1 0 1 1 0 0 0 1 1 1 1 1 0 0 0 0 0 1 0 0 1 1 0 0 1 0 0 0 1 0 1 0 1 0 1 0 0 1 1 1 0 1 1 0 1 1 0 0 0 0 0 0 0 0 0 0 0 0 1 0 0 0 0 1 0 1 0 1 1 1 1 10 0 1 0 1 0 0 1 0 0 1 0 0 0 0 0 0 10 0 0 1 0 0 0
1 1 0 0 0 1 0 0 1 1 0 1 0 0 0 0 1 1 1 10 0 0 1 0 0 1 0 0 0 1 1 1 0 0 0 0 1 0 0 0 1 1 0 1 0 10 0 0 10 1 0 0 1 0 1 0 0 0 0 1 10 0 0 0 0 10 0 10 0 0 0 0 0 1 0 0 1 0 10 1 1 1 0 0 1 0 0 10 0 0 0 0 1 0 1 0 0 0 1 0 0 0 0 0 1 1 1 0 0 0 1 0 1 0 1 0 0 0 0 0 0 0 0 0 0 0 0 0 0 0 0 0 0 1 1 0 0 1 10 0 0 0 0 0 0 0 1 1 1 1 0 0 0 1 1 0 0 0 0 0 0 1 0 0 1 0 1 0 1 0 0 1
1 0 0 0 1 1 0 0 1 1 0 0 0 0 0 0 1 0 0 0 0 0 0 1 1 1 0 0 10 0 1 0 0 0 0 0 0 0 0 0 0 0 0 0 0 1 0 0 0 0 0 0 1 0 1 0 0 10 0 0 1 0 1 1 0 0 1 0 0 0 0 0 0 1 0 0 0 0 0 0 1 0 1 0 0 0 1 0 0 0 0 0 0 0 0 0 0 0 0 0 1 1 0 0 1 0 1 0 1 0 0 1 10 0 0 0 0 0 0 1 0 0 0 1 0 0 0 0 0 0 1 0 1 0 1 0 10 0 0 0 1 0 1 1 0 0 1 0 0 0 0 0 0 0 0 0 0 10 1 0 0 1 1 0 0 0 1 0 0 1 1 0
0 1 0 1 0 0 0 1 0 0 0 1 0 0 0 0 0 0 0 0 1 0 0 0 0 1 0 0 1 0 0 0 0 1 1 1 1 1 1 0 0 0 0 1 0 0 0 1 1 0 0 10 0 0 0 0 1 0 0 0 0 0 1 1 0 1 0 0 0 1 0 10 10 0 1 1 0 1 0 0 0 0 0 0 1 1 0 0 0 0 1 0 1 0 0 1 1 0 1 0 0 0 1 1 0 0 1 0 1 0 1 0 0 0 0 0 0 1 0 0 0 1 1 1 0 0 0 0 0 0 1 1 1 0 0 0 0 1 0 1 0 10 0 0 0 0 0 1 0 0 0 0 1 1 0 1 1 0 1 1 1 0 0 0 1 0 0 1 1 1 0 0
0 1 1 0 10 0 0 0 0 1 1 1 0 0 0 1 1 0 0 0 10 0 0 0 1 1 0 1 10 1 10 0 1 1 0 0 1 1 0 0 0 0 1 1 0 0 0 1 0 1 0 1 1 0 10 0 0 1 0 0 0 0 10 1 0 0 1 0 0 1 0 1 1 1 0 0 0 1 0 0 0 0 10 1 0 0 0 0 0 0 0 0 1 0 0 0 1 0 0 1 1 0 1 1 0 0 1 1 0 0 1 1 1 1 0 0 0 0 0 1 1 1 0 1 0 0 0 0 1 1 0 0 1 0 1 0 1 10 0 1 1 1 1 1 0 0 1 0 0 0 0 0 1 0 0 1 0 10 1 1 0 1 1 0 1 0 10 1 0 10 0 0
0 0 0 10 0 0 0 1 0 0 0 1 1 0 1 1 0 1 0 0 0 0 1 1 0 0 0 0 0 0 0 1 1 0 1 1 0 1 1 0 0 1 0 0 0 0 0 0 1 1 0 1 0 1 0 1 1 0 0 0 0 0 1 0 1 1 0 0 0 1 1 1 1 0 1 10 1 0 0 0 0 0 0 0 1 10 0 0 10 1 1 1 1 1 1 1 1 0 1 1 1 1 0 0 0 0 1 0 1 0 1 1 0 0 0 0 0 10 0 1 0 0 1 0 0 1 0 0 0 1 0 0 10 0 0 1 0 0 0 0 0 1 0 0 1 0 0 1 0 0 0 0 0 10 1 1 10 0 1 1 1 0 1 0 1 0 0 0 1 0 0 1
0 0 0 10 1 0 0 1 0 1 0 1 0 0 0 1 1 1 0 0 0 0 1 0 1 0 0 0 1 0 1 1 0 0 1 1 0 0 1 0 0 1 0 0 0 0 0 0 1 0 0 1 0 1 1 0 1 1 0 0 0 0 10 0 1 1 1 0 0 1 0 1 1 1 1 1 1 0 0 0 0 0 1 0 1 10 0 0 1 1 1 1 1 0 0 1 0 0 1 0 10 1 0 0 0 0 10 0 1 0 0 10 1 0 0 0 0 1 0 1 0 0 1 0 0 0 0 0 1 1 1 10 0 0 1 1 1 0 0 0 1 1 1 1 1 0 1 1 0 0 0 0 0 1 0 1 10 1 10 1 1 1 10 0 0 0 1 0 1 1 0 0
1 0 0 0 0 10 1 0 10 0 0 0 0 0 1 0 0 1 0 1 0 0 1 0 0 0 0 0 0 10 0 0 0 1 0 0 0 0 0 1 0 1 1 0 0 1 0 1 1 1 1 0 0 0 1 0 0 0 0 1 1 0 0 0 0 1 0 10 1 0 0 0 0 1 1 0 0 0 1 1 0 1 0 0 0 0 0 1 0 0 0 0 1 0 0 0 0 0 0 1 0 0 0 0 0 1 0 0 0 0 0 0 1 0 1 0 0 0 1 0 1 0 0 0 1 0 0 1 0 0 0 0 0 0 0 0 1 0 0 1 0 0 0 0 0 1 0 0 1 1 0 1 0 0 0 0 0 0 0 0 0 0 0 0 0 0 0 0 1 0 1 0
0 0 0 0 1 0 0 0 0 10 0 1 1 0 0 0 10 0 10 0 0 1 0 1 10 1 0 0 1 0 1 0 0 0 0 1 10 0 0 0 0 0 0 0 1 0 1 0 0 0 0 0 0 0 1 1 1 1 0 0 1 0 1 1 0 0 10 1 0 0 0 0 1 1 0 1 0 0 0 0 0 0 1 0 1 0 0 1 0 0 0 0 0 0 0 1 1 1 0 0 1 0 0 0 1 1 1 0 0 0 1 1 1 0 0 0 1 0 1 1 0 1 1 0 0 0 0 1 1 0 1 0 1 0 0 1 1 0 1 0 1 0 1 1 0 0 1 0 0 1 0 0 0 0 10 0 0 1 1 0 0 10 10 0 1 1 1 0 0 1 0 10
0 0 0 1 0 0 0 0 0 0 0 1 1 0 0 1 1 1 1 0 0 10 1 1 1 0 0 0 0 0 0 1 0 0 0 1 1 0 0 0 0 1 0 1 10 0 1 0 0 0 0 0 0 10 0 1 1 1 1 0 0 1 0 1 1 0 1 0 1 0 0 0 1 0 0 1 1 0 0 1 1 0 0 0 0 1 1 0 1 1 0 1 0 0 1 1 1 1 0 0 1 10 0 0 0 10 0 1 0 1 0 1 0 0 0 1 1 0 1 1 0 1 1 0 0 0 1 0 0 0 0 1 1 0 1 0 0 0 0 0 1 0 0 0 1 1 0 1 1 0 1 0 0 0 1 1 1 0 1 0 0 1 10 0 0 10 0 0 0 0 0 1
1 0 0 0 1 10 1 0 10 1 0 0 0 0 1 0 1 0 0 0 0 0 0 1 1 1 0 0 10 1 1 0 0 1 0 0 0 0 0 1 0 0 1 0 0 1 0 1 0 0 1 0 1 0 1 0 0 10 0 0 1 0 1 1 0 0 1 1 1 0 0 0 0 1 1 0 0 0 0 1 1 1 1 0 0 0 1 0 0 0 0 0 0 0 0 0 0 0 0 1 1 1 0 0 1 0 1 0 1 0 0 1 10 0 0 0 0 0 1 1 1 0 0 1 1 0 0 0 10 0 1 0 1 1 1 0 0 0 0 1 1 0 1 1 0 1 1 0 0 1 0 1 0 0 0 0 0 10 1 0 0 1 1 0 0 0 1 0 0 1 10 0
0 10 1 0 1 0 0 0 0 0 1 1 0 0 0 1 1 0 0 1 10 0 0 0 0 1 0 1 1 1 10 1 1 1 0 0 1 1 0 0 1 0 1 10 0 1 0 1 1 1 0 1 10 0 1 0 0 0 0 0 0 0 1 1 0 1 0 0 0 1 0 1 1 0 0 0 1 1 1 1 1 1 1 1 0 0 0 0 0 0 0 0 1 0 1 0 1 0 1 1 0 0 1 1 0 0 1 1 0 0 1 0 0 1 0 0 0 0 0 0 1 1 0 1 0 0 0 1 0 1 10 0 0 0 0 0 0 0 1 1 0 1 0 0 0 0 1 1 0 0 0 0 1 1 0 1 0 1 0 1 0 1 0 0 1 0 10 1 0 1 0 0
0 1 0 0 0 0 0 0 0 1 0 1 0 0 0 0 1 0 1 1 0 0 0 0 0 1 0 0 0 0 1 1 0 0 0 0 1 0 0 0 1 0 0 1 0 1 0 0 1 0 0 0 1 0 0 0 0 0 0 0 1 0 0 0 0 1 0 1 0 0 0 0 0 0 0 0 1 0 1 1 1 1 0 0 1 0 0 1 0 0 0 0 0 0 1 0 0 0 1 0 0 0 0 0 1 0 1 0 0 0 1 0 0 0 0 0 0 0 0 0 0 0 0 0 0 0 0 10 0 0 0 0 0 0 1 0 0 1 0 0 0 0 0 0 0 0 1 1 0 1 0 0 0 1 1 0 0 0 0 0 0 1 0 0 1 0 1 0 0 0 0 1
0 1 0 0 0 1 1 0 1 0 0 1 0 0 10 1 0 0 0 0 1 1 0 0 0 1 1 1 1 1 0 0 0 10 0 0 1 10 1 1 0 0 1 1 0 0 0 10 0 0 1 1 0 0 0 0 0 0 1 0 0 0 0 1 0 0 0 1 1 1 0 1 1 0 1 0 0 10 0 1 0 10 1 0 0 0 0 0 0 0 0 1 0 1 0 0 1 0 0 1 0 0 1 1 0 0 0 0 0 0 1 0 0 0 1 0 0 0 1 0 1 1 0 10 10 0 0 0 0 1 1 0 0 1 0 0 1 1 0 0 0 1 1 1 0 1 0 0 0 1 0 1 10 0 0 1 1 0 0 0 1 0 0 1 1 0 0 1 0 1 1 0
0 0 0 0 1 0 0 0 0 1 0 0 0 0 0 0 1 0 0 0 0 1 0 0 1 0 0 0 1 0 1 0 0 0 0 0 0 0 0 0 0 0 0 1 1 0 0 0 0 0 0 0 0 1 1 0 0 10 1 0 0 1 1 0 0 0 1 0 1 0 0 0 0 1 0 0 0 0 0 1 1 0 1 0 0 0 1 0 0 0 0 0 0 0 1 0 0 0 0 0 1 1 0 0 0 1 1 1 0 1 0 1 1 0 0 1 0 0 0 10 0 0 0 0 0 0 1 0 1 0 1 0 1 0 1 1 1 0 0 0 0 0 1 1 0 1 1 1 1 0 1 0 0 0 0 0 0 1 10 0 0 1 1 0 0 1 1 0 0 1 0 0
0 1 0 1 0 0 0 10 0 1 0 1 0 1 0 0 0 1 0 0 1 0 0 0 0 1 0 1 1 0 0 0 0 10 1 1 1 1 1 0 0 1 0 1 1 0 0 1 1 0 0 10 0 1 0 0 1 0 0 0 0 0 1 1 0 1 0 0 0 1 0 100 10 0 1 1 0 1 1 0 0 0 0 0 1 1 0 0 0 0 1 0 1 0 0 1 1 0 1 0 0 0 1 1 0 0 1 0 1 0 1 0 0 0 0 0 0 10 0 0 1 1 1 1 1 0 0 0 0 10 1 1 1 0 0 0 0 1 0 1 0 0 0 0 0 0 0 1 0 0 0 0 1 1 0 1 1 0 1 1 1 0 0 1 1 0 0 10 1 1 1 0
0 0 1 0 10 0 1 1 0 1 0 0 0 0 1 1 1 0 0 0 1 1 0 0 1 0 1 1 1 0 1 0 0 0 1 0 0 1 1 0 1 0 0 0 0 0 1 1 0 0 0 1 0 0 1 1 1 1 1 0 0 0 1 0 0 0 1 0 1 1 1 0 0 1 0 0 0 10 0 0 0 1 10 0 1 1 0 1 1 0 0 1 0 1 0 0 0 1 1 0 1 0 0 0 0 0 1 0 0 0 0 10 1 0 10 0 1 0 1 1 0 1 1 1 1 0 1 0 1 0 1 0 1 0 1 0 1 0 0 1 1 0 0 10 1 0 10 0 1 0 0 0 10 0 0 1 1 1 1 0 1 1 1 1 0 1 1 0 1 1 0 0
0 0 0 0 1 0 0 0 0 1 0 0 0 0 1 1 1 0 0 0 0 1 0 0 1 0 1 1 1 0 1 0 0 0 0 0 0 1 1 0 0 0 0 0 0 0 0 0 0 0 0 0 0 0 1 0 0 1 1 0 0 0 1 0 0 0 1 0 0 1 0 0 0 1 0 0 0 1 0 0 0 1 10 0 0 0 0 0 0 0 0 1 0 1 0 0 0 0 0 0 1 0 0 0 0 0 1 0 0 0 0 1 1 0 1 0 0 0 0 1 0 0 0 1 1 0 0 0 1 0 1 0 1 0 1 0 1 0 0 1 1 0 10 0 0 0 1 0 0 0 0 0 1 0 0 0 1 1 1 0 1 1 1 1 0 0 1 0 0 1 0 0
0 0 1 1 1 0 1 1 0 0 0 1 0 0 0 1 0 1 0 0 1 0 1 0 0 0 0 0 0 0 0 1 0 0 1 0 0 0 0 0 1 1 0 0 0 0 1 1 0 0 0 1 0 1 0 1 1 0 0 0 0 0 0 0 1 0 0 0 1 0 1 0 0 0 0 0 1 1 0 0 0 0 0 0 1 10 0 1 10 1 0 1 0 0 0 0 0 1 1 0 1 1 0 0 0 0 0 0 0 0 0 10 0 0 1 0 1 0 1 0 0 1 1 0 0 0 1 0 0 0 0 1 1 0 0 1 0 0 0 0 0 0 1 0 0 0 1 0 1 0 0 0 1 0 0 10 1 0 0 0 0 0 1 0 0 1 0 0 1 0 0 0
0 0 0 0 0 1 1 0 1 0 0 0 0 0 1 0 0 0 0 0 0 1 0 0 0 0 0 0 0 1 0 0 0 1 0 0 0 0 0 1 0 0 1 1 1 0 0 1 0 0 1 0 0 1 0 0 0 1 1 0 0 1 0 0 0 0 0 1 10 0 0 0 0 0 1 0 0 0 0 10 1 1 0 0 0 0 1 0 0 0 0 0 0 0 1 0 0 0 0 1 0 1 0 0 0 1 0 1 0 1 0 0 0 0 0 1 0 0 1 1 1 0 0 0 1 0 1 0 0 0 0 0 0 1 0 1 1 0 0 1 1 0 0 0 0 0 0 1 1 1 1 1 0 0 0 0 0 0 1 0 0 0 0 0 0 1 0 0 0 0 1 0
0 1 1 0 10 0 1 1 0 1 0 0 0 0 0 0 10 0 0 1 1 0 0 0 1 0 0 0 1 0 10 1 0 0 1 0 0 0 0 0 10 0 0 1 0 1 1 1 1 0 0 1 1 0 1 1 1 1 0 0 0 0 1 0 0 1 1 0 1 0 1 0 0 1 0 0 1 1 1 1 1 1 1 0 1 1 0 1 1 0 0 0 0 0 1 0 0 1 10 0 1 0 0 0 0 0 10 0 0 0 0 10 1 0 1 0 1 0 1 1 0 1 1 0 0 0 1 1 1 0 1 0 1 0 1 0 1 1 1 0 1 0 10 1 1 0 0 1 1 0 0 0 1 1 0 1 0 1 1 0 0 10 1 0 0 1 10 0 1 1 0 0
0 1 0 1 0 0 0 1 0 0 0 0 0 0 0 0 1 0 0 1 0 1 0 0 0 0 0 0 0 0 1 1 0 0 1 1 0 0 1 0 1 0 0 10 1 1 0 0 10 0 0 1 1 1 0 0 1 1 1 0 0 1 1 0 0 10 0 0 1 1 0 1 1 0 1 1 1 0 1 10 10 1 0 0 1 1 1 0 0 0 1 0 1 0 10 1 0 0 10 0 0 1 0 0 0 1 10 1 1 1 0 0 0 0 0 1 0 1 0 1 0 0 1 0 0 0 1 1 0 1 0 1 1 0 0 1 0 1 1 0 1 1 0 0 0 1 1 0 1 0 1 0 0 10 0 0 1 0 10 1 1 1 0 0 0 1 1 0 1 0 0 0
1 0 1 0 1 1 1 1 1 0 0 0 0 0 0 0 0 1 0 1 1 1 1 0 0 0 0 0 0 1 0 0 0 0 1 0 0 0 0 0 1 1 0 1 1 1 1 1 1 1 0 1 0 1 1 1 1 1 1 1 1 1 0 0 0 1 0 1 10 0 1 0 0 1 0 0 0 1 1 1 1 0 0 0 1 1 1 10 1 0 0 0 1 0 1 0 0 1 1 0 0 1 0 0 0 10 0 1 0 1 0 1 1 0 10 1 1 0 1 1 0 1 1 0 0 0 10 1 0 0 0 0 0 1 0 1 0 0 0 0 1 0 1 0 1 1 1 1 0 0 1 0 1 0 0 1 0 0 1 0 0 0 0 0 0 10 0 0 10 0 0 0
0 0 0 0 0 1 1 0 1 1 0 1 0 0 1 0 0 0 1 0 0 0 0 0 0 1 0 0 0 1 0 0 0 1 0 0 1 0 0 1 0 0 1 0 0 0 0 1 0 0 1 0 0 0 0 0 0 0 0 0 1 0 0 0 0 0 0 10 1 0 0 0 0 0 1 0 0 0 0 1 0 1 0 0 1 0 0 1 0 0 0 0 0 0 0 0 0 0 0 1 0 0 0 0 1 0 0 0 0 0 1 0 0 0 0 0 0 0 1 0 1 0 0 0 1 0 0 1 0 0 0 0 0 1 1 0 1 0 1 1 0 0 0 0 0 1 0 0 0 0 0 1 0 0 1 0 0 0 0 0 0 0 0 0 1 0 0 0 0 0 1 1
0 0 0 0 0 0 0 0 0 0 0 0 0 0 0 0 0 0 0 0 0 1 0 0 0 0 0 0 0 0 0 0 0 0 0 0 0 0 0 0 0 0 0 1 1 0 0 0 0 0 0 0 0 1 0 0 0 1 1 0 0 1 0 0 0 0 0 0 1 0 0 0 0 0 0 0 0 0 0 1 1 0 0 0 0 0 1 0 0 0 0 0 0 0 1 0 0 0 0 0 0 1 0 0 0 1 0 1 0 1 0 0 0 0 0 1 0 0 0 1 0 0 0 0 0 0 1 0 0 0 0 0 0 0 0 1 0 0 0 0 1 0 0 0 0 1 0 1 1 0 0 0 0 0 0 0 0 0 1 0 0 0 0 0 0 1 0 0 0 0 0 0
0 0 0 0 0 1 1 0 1 0 0 0 0 0 1 0 0 0 0 0 0 0 0 0 0 0 0 0 0 1 0 0 0 1 0 0 0 0 0 1 0 0 1 0 0 0 0 1 0 0 1 0 0 0 0 0 0 0 0 0 0 0 0 0 0 0 0 1 1 0 0 0 0 0 1 0 0 0 0 1 0 1 0 0 0 0 0 0 0 0 0 0 0 0 0 0 0 0 0 1 0 0 0 0 0 0 0 0 0 0 0 0 0 0 0 0 0 0 1 0 1 0 0 0 1 0 0 0 0 0 0 0 0 1 0 0 1 0 0 1 0 0 0 0 0 1 0 0 0 1 0 0 0 0 0 0 0 0 0 0 0 0 0 0 0 0 0 0 0 0 1 0
0 1 1 0 1 0 1 1 0 0 0 1 0 0 1 1 0 0 0 0 10 1 0 0 0 1 1 1 1 0 0 0 0 1 1 0 1 10 1 0 1 0 0 1 0 0 1 10 0 0 0 10 0 0 0 1 1 0 1 0 0 0 0 1 0 0 0 0 1 1 1 1 1 0 0 0 0 100 0 0 0 1 1 0 1 1 0 1 1 0 0 1 0 1 0 0 1 1 1 0 0 0 1 1 0 0 0 0 0 0 1 1 0 0 10 0 1 0 1 0 0 10 1 10 1 0 1 0 0 1 1 0 0 0 0 0 0 1 0 10 0 1 10 1 1 0 1 0 1 0 0 0 0 0 0 10 1 0 0 0 1 0 0 1 1 1 0 1 1 1 0 0
0 1 0 1 0 0 0 1 0 0 0 0 1 0 1 0 1 0 0 1 0 0 0 1 0 0 0 0 0 0 1 1 1 0 1 1 0 1 1 0 1 0 0 1 0 1 0 0 10 1 0 1 1 0 0 1 1 0 0 0 0 0 1 0 0 10 0 0 0 1 1 1 1 0 1 10 1 0 1 1 1 1 0 0 1 1 0 0 1 0 1 0 1 1 10 1 1 0 10 1 0 0 0 0 0 0 10 0 1 0 1 0 0 0 0 0 0 10 0 1 0 0 1 0 0 1 0 1 0 1 0 10 1 0 0 0 0 1 1 0 0 1 0 0 0 0 1 10 0 0 0 0 0 0 1 0 1 0 1 1 1 1 0 0 1 0 1 0 1 0 0 1
0 0 0 0 0 0 0 0 0 1 0 1 10 0 1 0 1 0 10 0 0 1 0 10 1 1 0 0 0 0 0 0 1 0 0 1 10 1 0 0 0 0 0 0 1 0 1 0 0 1 0 0 0 0 0 10 1 0 0 0 1 0 0 1 0 0 1 1 0 0 1 0 1 0 0 10 0 0 0 0 0 0 0 0 1 0 0 1 1 0 0 0 0 1 1 1 10 1 0 1 0 0 0 0 1 1 0 0 0 0 10 0 0 0 0 0 1 1 1 1 0 1 1 0 0 1 0 1 0 0 0 1 0 0 10 1 0 0 1 0 0 0 0 0 0 0 0 0 0 1 0 0 0 1 0 0 0 0 0 0 0 1 1 0 10 1 0 0 0 0 0 100
0 1 1 1 1 0 1 1 0 0 0 10 0 0 0 1 0 1 0 0 10 0 1 0 0 1 0 0 1 0 0 1 0 1 1 0 1 1 0 0 1 1 0 1 0 0 1 10 0 0 0 10 0 1 0 1 1 0 0 0 0 0 0 1 1 0 0 0 1 0 1 1 1 0 0 0 1 10 0 0 0 0 0 0 1 10 0 1 10 1 0 1 0 0 0 0 1 1 1 0 1 1 1 1 0 0 0 0 0 0 1 10 0 0 1 0 1 0 1 0 0 10 1 1 0 0 1 0 0 1 1 1 1 0 0 1 0 1 0 1 0 1 1 0 10 0 1 0 1 0 0 0 10 0 0 0 1 0 0 0 0 0 1 0 1 1 0 1 1 1 0 0
0 0 0 10 0 0 0 1 0 0 0 1 0 0 1 10 0 1 0 0 0 1 1 0 0 0 1 1 0 0 0 1 0 0 1 1 0 1 10 0 0 1 0 0 0 0 0 0 1 0 0 1 0 1 0 0 1 0 1 0 0 0 1 0 1 1 0 0 0 10 0 1 1 0 1 1 1 1 0 0 0 1 1 0 1 10 0 0 1 1 1 10 1 1 0 1 0 0 1 0 1 1 0 0 0 0 1 0 1 0 0 1 0 0 1 0 0 1 0 0 0 0 1 1 1 0 0 0 0 1 0 10 10 0 0 1 0 0 0 1 0 1 1 1 1 0 0 1 0 0 0 0 1 1 0 1 0 0 1 1 10 0 1 1 0 0 0 0 1 0 0 0
1 0 1 0 10 1 0 0 1 1 1 0 0 0 0 1 1 0 0 0 1 0 0 1 1 1 0 1 10 1 10 0 1 0 0 0 0 0 0 0 0 0 1 0 0 1 0 0 0 1 0 0 10 0 10 0 0 10 0 0 1 0 10 1 0 0 1 0 0 1 0 0 0 1 0 0 0 0 0 0 1 0 10 1 0 0 1 0 0 0 0 0 1 0 0 0 0 0 0 1 1 1 0 0 1 0 1 1 1 0 0 1 10 1 0 0 0 0 0 1 1 0 0 1 0 0 0 0 10 0 10 0 1 0 1 0 10 1 0 0 1 0 1 1 0 0 1 0 0 0 0 0 0 0 0 0 0 0 1 1 0 1 1 0 0 0 10 0 0 1 1 0
0 0 0 1 1 0 0 1 0 1 0 0 0 0 0 0 1 0 0 0 0 1 0 0 1 0 0 0 1 0 1 0 0 0 1 1 0 0 1 0 0 0 0 1 1 0 0 0 1 0 0 1 0 1 1 0 1 10 1 0 0 1 10 0 0 1 1 0 1 1 0 1 1 1 1 1 0 0 0 1 1 0 1 0 1 1 1 0 0 0 1 0 1 0 1 1 0 0 1 0 1 1 0 0 0 1 10 1 1 1 0 1 1 0 0 1 0 1 0 10 0 0 1 0 0 0 1 0 1 1 1 1 10 0 1 1 1 0 0 0 10 1 1 1 0 1 1 10 1 0 1 0 0 1 0 0 1 1 0 1 1 1 1 0 0 1 1 0 1 1 0 0
0 0 1 1 1 0 0 1 0 0 1 0 0 0 0 1 0 0 0 0 1 0 0 0 0 0 0 1 0 1 1 0 1 0 1 1 0 0 1 0 0 0 1 0 0 0 0 0 1 1 0 1 1 0 1 0 1 0 0 0 0 0 10 0 0 1 0 0 0 10 0 1 1 0 1 1 0 0 0 0 0 0 1 1 1 1 0 0 0 0 1 0 10 0 0 1 0 0 1 1 0 0 0 0 0 0 1 1 1 0 0 0 0 1 0 0 0 1 0 0 1 0 1 0 0 0 0 0 0 1 1 1 1 0 0 0 0 1 0 0 0 1 0 0 0 0 0 1 0 0 0 0 0 1 0 0 1 1 1 0 1 0 0 0 0 0 1 0 1 0 0 0
0 0 0 1 0 0 0 1 0 0 0 0 0 0 1 1 0 0 0 0 0 1 0 0 0 0 1 1 0 0 0 0 0 0 1 1 0 1 10 0 0 0 0 0 0 0 0 0 1 0 0 1 0 0 0 0 1 0 1 0 0 0 1 0 0 1 0 0 0 10 0 1 1 0 1 1 0 1 0 0 0 1 1 0 1 1 0 0 0 0 1 1 1 1 0 1 0 0 1 0 0 0 0 0 0 0 1 0 1 0 0 0 0 0 1 0 0 1 0 0 0 0 1 1 1 0 0 0 0 1 0 1 1 0 0 0 0 0 0 1 0 1 1 1 0 0 0 1 0 0 0 0 1 1 0 0 10 0 1 1 0 0 0 1 0 0 0 0 1 0 0 0
0 1 0 0 1 0 0 0 0 1 0 0 1 0 0 0 100 0 1 1 0 1 0 1 10 0 0 0 1 0 10 1 0 0 0 1 1 0 0 0 1 0 0 1 1 1 1 0 1 0 0 0 1 0 1 1 1 1 0 0 0 0 1 1 0 1 10 0 0 0 0 0 1 1 0 1 1 0 1 1 1 1 1 0 0 0 0 0 0 0 0 0 0 0 1 1 1 1 1 0 1 0 0 0 0 1 10 0 0 0 0 1 1 0 0 0 1 0 1 1 0 1 1 0 0 0 0 1 1 0 1 0 1 0 10 1 1 1 1 0 1 0 1 1 0 0 10 1 0 0 0 0 0 1 1 0 0 1 1 0 0 0 10 0 0 1 10 0 0 1 0 1
0 0 0 1 1 0 0 0 0 1 0 1 1 0 0 1 10 1 1 0 0 1 1 1 10 0 0 0 1 0 1 1 0 0 0 1 1 0 0 0 0 1 0 0 1 0 1 0 0 0 0 0 0 1 1 1 1 1 0 0 0 0 1 1 1 0 10 0 0 0 0 0 1 1 0 1 1 0 0 0 0 0 1 0 0 1 0 0 1 1 0 1 0 0 0 1 1 1 0 0 10 1 0 0 0 1 1 0 0 0 0 10 1 0 0 0 1 0 1 1 0 1 1 0 0 0 0 0 1 0 1 1 10 0 10 10 1 0 0 0 1 0 1 1 1 0 1 0 0 0 0 0 0 0 1 1 1 1 1 0 0 10 0 0 0 1 1 0 0 1 0 1
0 0 0 0 0 0 0 1 0 1 0 0 0 1 1 1 0 1 0 0 0 1 0 0 0 0 1 10 0 0 0 0 0 1 0 0 0 1 1 0 0 1 0 0 1 0 0 0 0 0 0 0 0 1 0 0 0 0 1 0 0 0 0 0 0 0 0 0 0 1 0 1 0 0 0 0 0 1 1 0 0 1 1 0 0 0 0 0 0 0 0 1 0 1 0 0 0 0 0 0 0 0 0 0 0 0 0 0 0 0 0 0 0 0 1 0 0 1 0 0 1 0 0 1 10 0 0 0 0 0 0 0 0 0 0 0 0 0 0 1 0 1 1 1 0 0 0 0 0 0 0 0 1 0 0 0 1 0 0 0 1 0 0 0 0 0 0 1 0 0 1 0
0 1 0 0 0 0 0 0 0 1 0 10 1 0 1 0 0 0 1 0 1 0 0 1 0 10 0 0 1 0 0 0 1 1 0 0 10 10 0 0 0 0 0 1 0 0 0 1 0 1 0 1 0 0 0 1 0 0 0 0 1 0 0 1 0 0 0 1 0 0 1 1 1 0 0 1 0 1 0 0 0 0 0 0 1 0 0 1 1 0 0 0 0 1 1 0 10 0 0 1 0 0 1 1 1 0 0 0 0 0 100 0 0 0 0 0 0 1 0 1 0 1 0 1 0 1 0 1 0 1 1 1 0 0 1 0 0 1 1 1 0 1 0 0 0 0 0 0 0 1 0 0 1 1 10 1 0 0 0 0 0 0 0 0 0 0 0 1 0 1 0 10
0 0 1 0 1 0 1 1 0 0 0 0 1 0 0 0 1 0 1 0 1 10 0 1 1 0 0 0 0 0 0 0 0 0 1 1 1 0 0 0 1 0 0 1 10 0 10 1 0 0 0 1 0 1 0 10 10 1 1 0 0 1 0 1 0 0 1 0 10 0 1 0 1 0 0 1 0 1 0 1 1 0 0 0 1 1 1 1 1 0 0 0 0 0 1 1 1 10 1 0 0 1 0 0 0 10 0 1 0 1 0 1 0 0 1 1 10 0 10 1 0 10 10 0 0 0 10 0 0 0 0 0 0 0 1 10 0 0 0 0 1 0 1 0 1 1 1 1 10 0 1 0 1 0 1 1 0 0 1 0 0 1 1 0 0 0 0 0 1 0 0 1
0 1 1 0 10 0 0 0 0 1 1 0 0 0 0 1 10 0 0 1 1 0 0 0 1 0 0 1 1 1 100 1 1 0 0 0 0 0 0 0 1 0 1 1 0 1 0 0 1 1 0 0 10 0 10 0 0 1 0 0 0 0 10 0 0 1 1 0 0 1 0 0 0 1 0 0 1 0 1 1 1 1 10 1 0 0 0 0 0 0 0 0 1 0 1 0 0 0 1 1 1 0 0 0 0 0 10 1 0 0 0 1 1 1 0 0 0 0 0 1 1 0 0 0 0 0 0 1 1 0 10 0 1 0 1 0 1 10 1 0 1 0 1 1 0 0 10 1 0 0 0 0 0 1 0 0 0 10 1 1 0 10 1 0 0 0 0 0 0 1 0 0
0 1 0 0 0 0 0 1 0 1 0 1 0 1 0 0 0 1 0 0 1 0 0 0 0 1 0 1 1 0 0 0 0 10 0 0 1 1 0 0 0 1 0 1 1 0 0 1 0 0 0 1 0 1 0 0 0 0 0 0 0 0 0 1 0 0 0 0 0 0 0 10 1 0 0 0 0 1 1 0 0 0 0 0 0 0 0 0 0 0 0 0 0 0 0 0 1 0 0 0 0 0 1 1 0 0 0 0 0 0 1 0 0 0 0 0 0 1 0 0 1 1 0 1 1 0 0 0 0 1 1 0 0 0 0 0 0 1 0 1 0 10 0 0 0 0 0 0 0 0 0 0 1 0 0 1 0 0 0 0 0 0 0 1 1 0 0 0 0 1 1 0
1 0 1 1 1 1 1 10 1 0 0 0 0 0 0 0 0 1 0 1 1 0 1 0 0 0 0 0 0 1 0 0 0 0 10 1 0 0 1 0 1 1 0 0 0 1 1 1 10 1 0 10 0 0 1 1 10 0 0 1 1 0 1 0 0 10 0 1 1 1 1 1 1 1 1 1 0 1 1 0 0 0 0 0 10 10 0 10 1 0 1 0 10 0 0 1 0 1 10 0 0 0 0 0 0 1 1 0 1 0 0 1 1 0 10 0 1 1 1 0 0 1 10 0 0 0 1 1 0 1 0 1 1 1 0 0 0 0 0 0 0 1 1 0 1 0 1 1 10 0 0 0 1 1 0 1 1 0 1 1 1 0 0 0 0 1 0 0 0 0 0 0
0 1 0 0 1 0 0 0 0 1 0 1 0 0 0 0 1 0 0 0 1 0 0 0 1 1 0 0 10 0 1 0 0 1 0 0 1 1 0 0 0 0 0 1 0 0 0 1 0 0 0 1 0 0 1 0 0 1 0 0 0 0 1 1 0 0 1 0 0 0 0 1 1 1 0 0 0 1 0 0 0 0 1 0 0 0 0 0 0 0 0 0 0 0 0 0 1 0 0 0 1 0 1 1 0 0 1 0 0 0 1 1 1 0 0 0 0 0 0 1 0 1 0 1 0 0 0 0 1 1 10 0 1 0 1 0 1 1 0 1 1 1 1 1 0 0 1 0 0 0 0 0 1 0 0 1 0 1 1 0 0 1 1 0 1 0 1 1 0 0 0 0
1 0 0 0 0 10 1 1 10 1 0 0 0 1 1 0 0 1 0 0 0 0 0 1 0 1 0 1 1 1 0 0 0 10 0 0 0 0 0 1 0 1 1 0 1 1 0 1 0 0 1 0 1 1 0 0 0 1 0 0 1 0 0 1 0 0 0 1 1 0 0 1 0 0 1 0 0 0 1 1 1 1 0 0 0 0 1 0 0 0 0 0 0 0 0 0 0 0 0 1 0 1 0 0 1 0 0 0 1 0 0 0 1 0 0 0 0 1 1 0 10 0 0 1 10 0 0 0 1 0 0 0 0 1 0 0 10 0 0 1 0 1 0 0 0 1 0 0 0 1 0 1 0 0 0 0 0 1 0 0 0 0 0 1 0 0 0 1 0 0 0 0
0 0 0 0 0 0 0 0 0 1 0 1 10 0 1 0 1 0 10 0 0 1 0 10 1 1 0 0 0 0 0 0 1 0 0 1 10 1 0 0 0 0 0 0 1 0 1 0 0 1 0 0 0 0 0 10 1 0 0 0 1 0 0 1 0 0 1 1 0 0 1 0 1 0 0 10 0 0 0 0 0 0 0 0 1 0 0 1 1 0 0 0 0 1 1 1 10 1 0 1 0 0 0 0 1 1 0 0 0 0 10 0 0 0 0 0 1 1 1 1 0 1 1 0 0 1 0 1 0 0 0 1 0 0 10 1 0 0 1 0 0 0 0 0 0 0 0 0 0 1 0 0 0 1 100 0 0 0 0 0 0 1 1 0 10 1 0 0 0 0 0 0
2
4 22 3
6 14 3
5
4 4 
1 4
2 4
3 6
4 4
2 4 
1 4
1 4
2 6
2 6
3 7 
1 4
1 4
2 6
2 6
2 6
3 4
3 4
2 3 
1 4
1 4
2 6
1 18 
1 4
1 4
1 6
1 4
1 4
1 4
1 6
1 6
1 4
1 4
1 6
1 6
1 6
1 4
1 4
1 4
1 4
1 6
172 16
2 0 1
2 15 4
2 12 6
2 3 7
3 12 5 6
3 0 1 10
2 10 12
3 12 7 9
3 0 1 10
3 2 5 9
1 6
3 15 2 3
2 11 8
1 9
3 10 13 8
3 13 3 6
3 11 4 5
3 1 3 9
2 11 2
2 1 4
3 12 15 6
3 11 13 14
2 1 3
3 0 11 8
2 11 5
3 0 15 2
1 13
3 13 6 9
3 0 15 5
3 1 10 6
3 4 5 6
2 3 4
2 6 8
3 10 15 9
2 12 7
2 11 7
3 11 15 2
3 13 15 8
2 13 7
1 10
2 12 4
3 1 3 9
2 10 6
3 14 15 4
3 11 14 9
3 0 1 4
2 11 12
3 10 12 15
3 1 4 7
3 1 6 8
1 10
3 12 15 7
3 0 4 6
3 14 3 9
3 1 5 6
3 11 12 8
3 11 12 7
3 0 14 5
2 13 14
1 1
3 0 1 2
1 14
3 5 6 7
3 0 11 15
1 3
3 1 4 7
2 11 5
3 1 10 2
3 10 12 14
3 13 6 7
2 12 8
3 15 7 9
3 11 15 7
2 1 5
2 10 7
3 11 7 8
2 3 4
3 12 13 15
3 1 4 9
3 10 14 4
3 0 14 4
3 10 13 4
3 13 5 6
1 6
3 12 2 7
3 12 3 7
2 0 14
3 1 12 2
3 12 3 8
1 3
1 7
2 13 3
3 1 6 7
2 13 8
3 14 4 8
2 11 7
3 11 15 8
2 11 12
3 12 4 7
3 10 6 8
2 3 5
3 0 14 3
1 15
1 15
2 0 2
3 1 11 14
3 4 5 7
2 14 6
2 0 7
1 14
3 15 2 8
3 12 3 5
3 0 1 5
1 6
3 1 12 13
1 14
2 11 12
3 7 8 9
3 10 11 12
3 14 5 8
3 10 6 9
3 11 12 15
3 11 12 7
3 0 13 15
3 10 13 9
1 8
2 12 14
3 1 2 4
2 0 5
2 15 7
3 15 5 6
3 3 7 8
3 3 5 7
2 1 10
3 11 2 5
3 11 14 3
3 0 10 5
3 15 4 6
2 2 4
3 10 13 15
2 14 5
3 15 7 9
3 12 13 5
2 13 5
2 12 3
2 10 14
3 12 4 5
3 14 4 7
3 1 12 14
2 10 2
1 14
1 10
3 12 13 15
3 4 7 8
3 11 2 8
3 12 15 3
3 13 3 7
3 0 5 6
3 14 5 7
2 6 7
2 13 7
3 11 4 5
3 11 3 5
2 13 9
3 15 2 8
3 11 12 14
3 4 5 6
2 15 9
3 1 12 7
2 15 5
3 0 10 9
3 11 2 8
172 468
2 290 39
4 358 361 400 464
2 384 443
2 16 274
4 317 320 352 456
2 152 177
4 295 297 38 447
2 127 82
6 104 239 309 407 451 467
4 206 428 43 449
3 145 331 417
1 417
3 110 379 463
4 296 333 457 66
4 431 449 86 91
1 214
3 277 355 40
3 105 168 26
2 176 461
5 312 326 374 389 422
3 179 452 87
5 334 368 406 457 465
6 107 386 426 436 460 71
4 246 265 403 423
1 465
3 103 436 451
3 241 373 389
6 18 37 414 428 433 450
2 273 60
4 407 427 442 446
4 106 247 292 450
2 343 90
4 361 363 401 439
2 393 395
6 2 311 380 395 438 61
2 414 435
3 174 367 425
3 209 354 454
1 454
6 153 163 231 3 388 439
5 119 310 348 372 460
5 279 306 34 362 405
5 157 360 392 433 467
3 102 300 378
5 21 425 430 440 466
2 394 455
4 281 419 430 460
4 268 432 461 7
3 161 433 461
4 14 232 427 464
6 108 112 117 305 431 54
3 385 390 463
4 422 454 462 6
4 199 323 359 399
4 384 388 415 465
7 282 358 442 448 49 70 88
4 165 17 387 420
4 269 420 422 67
5 156 191 271 316 416
5 229 244 257 387 466
3 166 278 32
2 357 439
4 294 381 440 441
3 114 238 382
5 171 23 412 445 462
4 267 301 393 75
2 253 423
3 235 446 45
4 363 434 444 445
4 350 366 408 5
6 339 386 448 460 466 55
4 225 303 356 53
5 313 376 413 467 52
4 31 357 405 432
4 261 266 444 80
2 398 429
5 197 390 459 467 47
5 133 170 264 373 426
2 286 453
1 50
4 293 401 424 99
5 131 167 204 236 262
4 184 364 375 41
6 188 353 365 402 456 76
2 318 416
4 139 275 459 467
6 172 202 276 288 377 416
4 251 330 399 48
6 154 349 452 46 466 81
3 122 370 78
2 120 414
2 434 457
3 180 345 93
4 129 35 455 9
6 198 240 289 347 385 442
6 140 255 258 356 36 404
4 136 185 208 337
5 256 280 452 467 58
3 135 242 459
4 113 125 33 461
6 299 417 447 448 453 458
3 142 227 381
4 458 466 73 97
2 24 84
6 230 365 383 42 56 98
4 141 193 371 463
5 10 430 464 465 64
4 327 392 406 453
3 143 77 96
4 364 458 92 94
2 195 464
5 186 218 249 351 394
2 441 455
4 144 270 322 424
5 0 359 360 367 438
4 12 30 409 65
5 190 213 234 456 458
6 132 15 283 285 340 366
4 423 456 462 68
5 321 4 419 428 449
3 342 437 444
3 116 419 424
5 160 192 328 376 413
1 397
4 207 284 368 418
4 138 250 315 418
5 175 226 336 451 69
8 100 210 252 338 415 44 463 51
4 118 431 440 85
4 194 22 223 298
3 378 418 467
4 149 200 341 95
3 148 201 436
5 1 20 391 455 465
4 158 369 410 462
1 8
2 211 329
2 19 237
4 115 220 362 374
5 109 130 222 291 415
6 260 287 403 411 421 59
4 155 215 302 464
8 147 196 203 219 263 28 332 372
8 162 178 216 397 425 426 457 72
3 111 124 205
5 308 382 441 450 462
2 346 396
3 137 217 370
2 146 454
6 27 409 420 429 443 453
5 254 335 375 404 79
3 272 412 429
6 126 159 181 183 396 450
5 134 325 411 443 89
4 173 248 304 379
8 123 369 410 427 434 435 447 459
2 228 400
2 383 446
4 402 408 421 466
2 150 445
5 151 169 324 344 438
1 189
5 101 128 319 371 398
2 182 466
5 233 243 314 391 63
4 121 29 448 463
2 11 212
3 307 449 74
5 164 224 245 259 57
3 221 25 432
4 13 187 437 83
8 377 380 421 435 437 451 452 62
