69
0 0 10 1 1 10 1 0 1 10 1 1 1 1 10 10 1 0 1 1 1 10 0 0 1 0 0 1 1 1 1 0 0 0 1 0 0 1 0 1 1 1 10 1 1 0 0 10 1 1 1 0 10 0 0 0 1 10 0 1 10 1 1 1 0 1 1 1 1
0 0 0 10 1 1 1 100 10 1 1 1 1 0 1 1 1 1 1 1 1 1 1 10 1 1 10 1 1 10 1 0 100 10 10 1 10 1 10 10 1 1 1 0 10 10 10 1 1 1 0 1 0 1 1 1 1 1 10 1 1 1 1 0 0 10 0 1 1
10 0 0 1 10 10 10 0 1 10 1 10 10 1 10 10 10 0 1 1 10 10 0 0 1 0 0 1 10 1 1 1 0 1 1 1 0 1 1 1 10 1 10 1 1 1 1 10 1 10 10 0 10 0 0 0 10 10 1 10 10 1 10 1 1 1 1 10 1
1 10 1 0 10 10 0 10 1 10 1 10 0 1 1 10 0 0 1 1 0 1 1 10 1 0 1 1 0 10 1 0 10 1 10 1 1 1 1 1 0 0 1 0 1 1 1 10 1 10 0 1 1 0 1 1 1 10 1 10 10 1 1 0 0 100 1 1 10
1 1 10 10 0 10 1 1 0 10 1 10 1 1 1 1 1 0 0 1 1 1 0 1 1 0 1 1 1 1 1 1 1 1 1 1 1 0 10 0 1 0 1 0 0 10 1 1 0 10 1 1 1 0 0 1 1 10 1 100 1 1 10 0 1 10 1 1 10
10 1 10 10 10 0 1 1 1 100 10 1 1 1 10 10 1 0 1 1 1 10 0 1 10 0 1 10 1 1 1 0 1 0 10 0 1 1 1 1 1 1 10 1 1 1 0 10 1 1 1 1 10 0 0 1 1 100 0 10 10 1 10 1 0 10 1 1 10
1 1 10 0 1 1 0 1 10 1 1 1 100 0 10 1 100 1 1 1 100 10 0 0 1 1 1 1 100 1 1 1 1 10 1 1 1 1 10 10 100 10 10 1 10 10 10 1 1 1 10 0 1 1 0 0 10 1 10 1 1 1 10 1 1 0 0 10 0
0 100 0 10 1 1 1 0 10 1 1 1 1 0 1 1 1 1 1 1 1 1 1 10 1 1 10 1 1 10 1 0 100 10 10 1 10 1 10 10 1 1 1 0 10 10 10 1 1 1 0 1 0 1 1 1 1 1 10 1 1 1 1 0 0 10 0 1 1
1 10 1 1 0 1 10 10 0 1 1 1 10 0 10 10 10 1 10 1 10 10 1 1 1 1 1 1 10 10 1 0 10 10 10 1 1 10 1 100 10 10 10 1 100 1 10 10 10 1 1 0 1 1 1 0 10 1 10 0 10 1 1 1 0 1 0 10 0
10 1 10 10 10 100 1 1 1 0 10 1 1 1 10 10 1 0 1 1 1 10 0 1 10 0 1 10 1 1 1 0 1 0 10 0 1 1 1 1 1 1 10 1 1 1 0 10 1 1 1 1 10 0 0 1 1 100 0 10 10 1 10 1 0 10 1 1 10
1 1 1 1 1 10 1 1 1 10 0 0 1 0 1 1 1 0 1 0 1 1 0 1 10 0 1 10 1 0 0 0 1 0 10 0 1 1 1 1 1 1 1 1 1 1 0 1 1 0 1 1 1 0 0 1 1 10 0 1 1 0 10 1 0 1 0 1 1
1 1 10 10 10 1 1 1 1 1 0 0 1 1 1 10 1 0 1 1 1 1 1 1 0 0 0 0 1 10 1 1 1 10 1 10 0 1 1 1 1 0 1 0 1 1 10 10 1 100 1 0 1 0 1 0 10 1 10 10 10 1 1 0 1 10 1 10 1
1 1 10 0 1 1 100 1 10 1 1 1 0 0 10 1 100 1 1 1 100 10 0 0 1 1 1 1 100 1 1 1 1 10 1 1 1 1 10 10 100 10 10 1 10 10 10 1 1 1 10 0 1 1 0 0 10 1 10 1 1 1 10 1 1 0 0 10 0
1 0 1 1 1 1 0 0 0 1 0 1 0 0 1 1 0 0 0 1 0 1 0 0 0 0 0 0 0 1 1 0 0 0 0 0 0 0 0 0 0 0 1 0 0 0 0 1 0 1 0 0 1 0 0 0 0 1 0 1 1 1 0 0 0 1 1 0 1
10 1 10 1 1 10 10 1 10 10 1 1 10 1 0 10 10 1 1 10 10 100 0 0 1 1 1 1 10 10 10 0 1 1 1 0 1 1 1 10 10 10 100 1 10 1 1 10 1 1 1 0 10 1 0 0 1 10 1 1 10 10 1 1 0 1 1 1 1
10 1 10 10 1 10 1 1 10 10 1 10 1 1 10 0 1 0 10 1 1 10 1 1 1 0 0 1 1 10 1 0 1 1 10 1 0 10 0 10 1 1 10 1 10 0 1 100 10 10 1 0 10 0 1 0 10 10 1 1 100 1 1 1 0 10 1 10 1
1 1 10 0 1 1 100 1 10 1 1 1 100 0 10 1 0 1 1 1 100 10 0 0 1 1 1 1 100 1 1 1 1 10 1 1 1 1 10 10 100 10 10 1 10 10 10 1 1 1 10 0 1 1 0 0 10 1 10 1 1 1 10 1 1 0 0 10 0
0 1 0 0 0 0 1 1 1 0 0 0 1 0 1 0 1 0 0 1 1 1 0 0 0 1 1 0 1 1 1 0 1 1 0 0 1 0 1 1 1 1 1 0 1 1 1 0 0 0 0 0 0 1 0 0 0 0 1 0 0 1 0 0 0 0 0 0 0
1 1 1 1 0 1 1 1 10 1 1 1 1 0 1 10 1 0 0 0 1 1 1 1 1 0 0 1 1 1 0 0 1 1 10 1 0 10 0 10 1 1 1 1 10 0 1 10 10 1 1 0 1 0 1 0 10 1 1 0 10 0 1 1 0 1 0 10 0
1 1 1 1 1 1 1 1 1 1 0 1 1 1 10 1 1 1 0 0 1 10 0 0 0 1 1 0 1 10 10 0 1 1 0 0 1 0 1 1 1 1 10 0 1 1 1 1 0 1 0 0 1 1 0 0 0 1 1 1 1 10 0 0 0 1 1 0 1
1 1 10 0 1 1 100 1 10 1 1 1 100 0 10 1 100 1 1 1 0 10 0 0 1 1 1 1 100 1 1 1 1 10 1 1 1 1 10 10 100 10 10 1 10 10 10 1 1 1 10 0 1 1 0 0 10 1 10 1 1 1 10 1 1 0 0 10 0
10 1 10 1 1 10 10 1 10 10 1 1 10 1 100 10 10 1 1 10 10 0 0 0 1 1 1 1 10 10 10 0 1 1 1 0 1 1 1 10 10 10 100 1 10 1 1 10 1 1 1 0 10 1 0 0 1 10 1 1 10 10 1 1 0 1 1 1 1
0 1 0 1 0 0 0 1 1 0 0 1 0 0 0 1 0 0 1 0 0 0 0 1 0 0 0 0 0 1 0 0 1 1 1 1 0 1 0 1 0 0 0 0 1 0 1 1 1 1 0 0 0 0 1 0 1 0 1 0 1 0 0 0 0 1 0 1 0
0 10 0 10 1 1 0 10 1 1 1 1 0 0 0 1 0 0 1 0 0 0 1 0 1 0 1 1 0 1 0 0 10 1 10 1 1 1 1 1 0 0 0 0 1 1 1 1 1 1 0 1 0 0 1 1 1 1 1 1 1 0 1 0 0 10 0 1 1
1 1 1 1 1 10 1 1 1 10 10 0 1 0 1 1 1 0 1 0 1 1 0 1 0 0 1 10 1 0 0 0 1 0 10 0 1 1 1 1 1 1 1 1 1 1 0 1 1 0 1 1 1 0 0 1 1 10 0 1 1 0 10 1 0 1 0 1 1
0 1 0 0 0 0 1 1 1 0 0 0 1 0 1 0 1 1 0 1 1 1 0 0 0 0 1 0 1 1 1 0 1 1 0 0 1 0 1 1 1 1 1 0 1 1 1 0 0 0 0 0 0 1 0 0 0 0 1 0 0 1 0 0 0 0 0 0 0
0 10 0 1 1 1 1 10 1 1 1 0 1 0 1 0 1 1 0 1 1 1 0 1 1 1 0 1 1 1 1 0 10 1 1 0 10 0 10 1 1 1 1 0 1 10 1 0 0 0 0 1 0 1 0 1 0 1 1 1 0 1 1 0 0 1 0 0 1
1 1 1 1 1 10 1 1 1 10 10 0 1 0 1 1 1 0 1 0 1 1 0 1 10 0 1 0 1 0 0 0 1 0 10 0 1 1 1 1 1 1 1 1 1 1 0 1 1 0 1 1 1 0 0 1 1 10 0 1 1 0 10 1 0 1 0 1 1
1 1 10 0 1 1 100 1 10 1 1 1 100 0 10 1 100 1 1 1 100 10 0 0 1 1 1 1 0 1 1 1 1 10 1 1 1 1 10 10 100 10 10 1 10 10 10 1 1 1 10 0 1 1 0 0 10 1 10 1 1 1 10 1 1 0 0 10 0
1 10 1 10 1 1 1 10 10 1 0 10 1 1 10 10 1 1 1 10 1 10 1 1 0 1 1 0 1 0 10 0 10 10 1 1 1 1 1 10 1 1 10 0 10 1 10 10 1 10 0 0 1 1 1 0 1 1 10 1 10 10 0 0 0 10 1 1 1
1 1 1 1 1 1 1 1 1 1 0 1 1 1 10 1 1 1 0 10 1 10 0 0 0 1 1 0 1 10 0 0 1 1 0 0 1 0 1 1 1 1 10 0 1 1 1 1 0 1 0 0 1 1 0 0 0 1 1 1 1 10 0 0 0 1 1 0 1
0 0 1 0 1 0 1 0 0 0 0 1 1 0 0 0 1 0 0 0 1 0 0 0 0 0 0 0 1 0 0 0 0 1 0 1 0 0 1 0 1 0 0 0 0 1 1 0 0 1 1 0 0 0 0 0 1 0 1 1 0 0 1 0 1 0 0 1 0
0 100 0 10 1 1 1 100 10 1 1 1 1 0 1 1 1 1 1 1 1 1 1 10 1 1 10 1 1 10 1 0 0 10 10 1 10 1 10 10 1 1 1 0 10 10 10 1 1 1 0 1 0 1 1 1 1 1 10 1 1 1 1 0 0 10 0 1 1
0 10 1 1 1 0 10 10 10 0 0 10 10 0 1 1 10 1 1 1 10 1 1 1 0 1 1 0 10 10 1 1 10 0 1 10 1 1 10 10 10 1 1 0 10 10 100 1 1 10 1 0 0 1 1 0 10 0 100 1 1 1 1 0 1 1 0 10 0
1 10 1 10 1 10 1 10 10 10 10 1 1 0 1 10 1 0 10 0 1 1 1 10 10 0 1 10 1 1 0 0 10 1 0 1 1 10 1 10 1 1 1 1 10 1 1 10 10 1 1 1 1 0 1 1 10 10 1 1 10 0 10 1 0 10 0 10 1
0 1 1 1 1 0 1 1 1 0 0 10 1 0 0 1 1 0 1 0 1 0 1 1 0 0 0 0 1 1 0 1 1 10 1 0 0 1 1 1 1 0 0 0 1 1 10 1 1 10 1 0 0 0 1 0 10 0 10 1 1 0 1 0 1 1 0 10 0
0 10 0 1 1 1 1 10 1 1 1 0 1 0 1 0 1 1 0 1 1 1 0 1 1 1 10 1 1 1 1 0 10 1 1 0 0 0 10 1 1 1 1 0 1 10 1 0 0 0 0 1 0 1 0 1 0 1 1 1 0 1 1 0 0 1 0 0 1
1 1 1 1 0 1 1 1 10 1 1 1 1 0 1 10 1 0 10 0 1 1 1 1 1 0 0 1 1 1 0 0 1 1 10 1 0 0 0 10 1 1 1 1 10 0 1 10 10 1 1 0 1 0 1 0 10 1 1 0 10 0 1 1 0 1 0 10 0
0 10 1 1 10 1 10 10 1 1 1 1 10 0 1 0 10 1 0 1 10 1 0 1 1 1 10 1 10 1 1 1 10 10 1 1 10 0 0 1 10 1 1 0 1 100 10 0 0 1 1 1 0 1 0 1 1 1 10 10 0 1 10 0 1 1 0 1 1
1 10 1 1 0 1 10 10 100 1 1 1 10 0 10 10 10 1 10 1 10 10 1 1 1 1 1 1 10 10 1 0 10 10 10 1 1 10 1 0 10 10 10 1 100 1 10 10 10 1 1 0 1 1 1 0 10 1 10 0 10 1 1 1 0 1 0 10 0
1 1 10 0 1 1 100 1 10 1 1 1 100 0 10 1 100 1 1 1 100 10 0 0 1 1 1 1 100 1 1 1 1 10 1 1 1 1 10 10 0 10 10 1 10 10 10 1 1 1 10 0 1 1 0 0 10 1 10 1 1 1 10 1 1 0 0 10 0
1 1 1 0 0 1 10 1 10 1 1 0 10 0 10 1 10 1 1 1 10 10 0 0 1 1 1 1 10 1 1 0 1 1 1 0 1 1 1 10 10 0 10 1 10 1 1 1 1 0 1 0 1 1 0 0 1 1 1 0 1 1 1 1 0 0 0 1 0
10 1 10 1 1 10 10 1 10 10 1 1 10 1 100 10 10 1 1 10 10 100 0 0 1 1 1 1 10 10 10 0 1 1 1 0 1 1 1 10 10 10 0 1 10 1 1 10 1 1 1 0 10 1 0 0 1 10 1 1 10 10 1 1 0 1 1 1 1
1 0 1 0 0 1 1 0 1 1 1 0 1 0 1 1 1 0 1 0 1 1 0 0 1 0 0 1 1 0 0 0 0 0 1 0 0 1 0 1 1 1 1 0 1 0 0 1 1 0 1 0 1 0 0 0 1 1 0 0 1 0 1 1 0 0 0 1 0
1 10 1 1 0 1 10 10 100 1 1 1 10 0 10 10 10 1 10 1 10 10 1 1 1 1 1 1 10 10 1 0 10 10 10 1 1 10 1 100 10 10 10 1 0 1 10 10 10 1 1 0 1 1 1 0 10 1 10 0 10 1 1 1 0 1 0 10 0
0 10 1 1 10 1 10 10 1 1 1 1 10 0 1 0 10 1 0 1 10 1 0 1 1 1 10 1 10 1 1 1 10 10 1 1 10 0 100 1 10 1 1 0 1 0 10 0 0 1 1 1 0 1 0 1 1 1 10 10 0 1 10 0 1 1 0 1 1
0 10 1 1 1 0 10 10 10 0 0 10 10 0 1 1 10 1 1 1 10 1 1 1 0 1 1 0 10 10 1 1 10 100 1 10 1 1 10 10 10 1 1 0 10 10 0 1 1 10 1 0 0 1 1 0 10 0 100 1 1 1 1 0 1 1 0 10 0
10 1 10 10 1 10 1 1 10 10 1 10 1 1 10 100 1 0 10 1 1 10 1 1 1 0 0 1 1 10 1 0 1 1 10 1 0 10 0 10 1 1 10 1 10 0 1 0 10 10 1 0 10 0 1 0 10 10 1 1 100 1 1 1 0 10 1 10 1
1 1 1 1 0 1 1 1 10 1 1 1 1 0 1 10 1 0 10 0 1 1 1 1 1 0 0 1 1 1 0 0 1 1 10 1 0 10 0 10 1 1 1 1 10 0 1 10 0 1 1 0 1 0 1 0 10 1 1 0 10 0 1 1 0 1 0 10 0
1 1 10 10 10 1 1 1 1 1 0 100 1 1 1 10 1 0 1 1 1 1 1 1 0 0 0 0 1 10 1 1 1 10 1 10 0 1 1 1 1 0 1 0 1 1 10 10 1 0 1 0 1 0 1 0 10 1 10 10 10 1 1 0 1 10 1 10 1
1 0 10 0 1 1 10 0 1 1 1 1 10 0 1 1 10 0 1 0 10 1 0 0 1 0 0 1 10 0 0 1 0 1 1 1 0 1 1 1 10 1 1 1 1 1 1 1 1 1 0 0 1 0 0 0 10 1 1 1 1 0 10 1 1 0 0 10 0
0 1 0 1 1 1 0 1 0 1 1 0 0 0 0 0 0 0 0 0 0 0 0 1 1 0 1 1 0 0 0 0 1 0 1 0 1 0 1 0 0 0 0 0 0 1 0 0 0 0 0 0 0 0 0 1 0 1 0 1 0 0 1 0 0 1 0 0 1
10 0 10 1 1 10 1 0 1 10 1 1 1 1 10 10 1 0 1 1 1 10 0 0 1 0 0 1 1 1 1 0 0 0 1 0 0 1 0 1 1 1 10 1 1 0 0 10 1 1 1 0 0 0 0 0 1 10 0 1 10 1 1 1 0 1 1 1 1
0 1 0 0 0 0 1 1 1 0 0 0 1 0 1 0 1 1 0 1 1 1 0 0 0 1 1 0 1 1 1 0 1 1 0 0 1 0 1 1 1 1 1 0 1 1 1 0 0 0 0 0 0 0 0 0 0 0 1 0 0 1 0 0 0 0 0 0 0
0 1 0 1 0 0 0 1 1 0 0 1 0 0 0 1 0 0 1 0 0 0 1 1 0 0 0 0 0 1 0 0 1 1 1 1 0 1 0 1 0 0 0 0 1 0 1 1 1 1 0 0 0 0 0 0 1 0 1 0 1 0 0 0 0 1 0 1 0
0 1 0 1 1 1 0 1 0 1 1 0 0 0 0 0 0 0 0 0 0 0 0 1 1 0 1 1 0 0 0 0 1 0 1 0 1 0 1 0 0 0 0 0 0 1 0 0 0 0 0 1 0 0 0 0 0 1 0 1 0 0 1 0 0 1 0 0 1
1 1 10 1 1 1 10 1 10 1 1 10 10 0 1 10 10 0 10 0 10 1 1 1 1 0 0 1 10 1 0 1 1 10 10 10 0 10 1 10 10 1 1 1 10 1 10 10 10 10 10 0 1 0 1 0 0 1 10 1 10 0 10 1 1 1 0 100 0
10 1 10 10 10 100 1 1 1 100 10 1 1 1 10 10 1 0 1 1 1 10 0 1 10 0 1 10 1 1 1 0 1 0 10 0 1 1 1 1 1 1 10 1 1 1 0 10 1 1 1 1 10 0 0 1 1 0 0 10 10 1 10 1 0 10 1 1 10
0 10 1 1 1 0 10 10 10 0 0 10 10 0 1 1 10 1 1 1 10 1 1 1 0 1 1 0 10 10 1 1 10 100 1 10 1 1 10 10 10 1 1 0 10 10 100 1 1 10 1 0 0 1 1 0 10 0 0 1 1 1 1 0 1 1 0 10 0
1 1 10 10 100 10 1 1 0 10 1 10 1 1 1 1 1 0 0 1 1 1 0 1 1 0 1 1 1 1 1 1 1 1 1 1 1 0 10 0 1 0 1 0 0 10 1 1 0 10 1 1 1 0 0 1 1 10 1 0 1 1 10 0 1 10 1 1 10
10 1 10 10 1 10 1 1 10 10 1 10 1 1 10 100 1 0 10 1 1 10 1 1 1 0 0 1 1 10 1 0 1 1 10 1 0 10 0 10 1 1 10 1 10 0 1 100 10 10 1 0 10 0 1 0 10 10 1 1 0 1 1 1 0 10 1 10 1
1 1 1 1 1 1 1 1 1 1 0 1 1 1 10 1 1 1 0 10 1 10 0 0 0 1 1 0 1 10 10 0 1 1 0 0 1 0 1 1 1 1 10 0 1 1 1 1 0 1 0 0 1 1 0 0 0 1 1 1 1 0 0 0 0 1 1 0 1
1 1 10 1 10 10 10 1 1 10 10 1 10 0 1 1 10 0 1 0 10 1 0 1 10 0 1 10 10 0 0 1 1 1 10 1 1 1 10 1 10 1 1 1 1 10 1 1 1 1 10 1 1 0 0 1 10 10 1 10 1 0 0 1 1 1 0 10 1
1 0 1 0 0 1 1 0 1 1 1 0 1 0 1 1 1 0 1 0 1 1 0 0 1 0 0 1 1 0 0 0 0 0 1 0 0 1 0 1 1 1 1 1 1 0 0 1 1 0 1 0 1 0 0 0 1 1 0 0 1 0 1 0 0 0 0 1 0
0 0 1 0 1 0 1 0 0 0 0 1 1 0 0 0 1 0 0 0 1 0 0 0 0 0 0 0 1 0 0 1 0 1 0 1 0 0 1 0 1 0 0 0 0 1 1 0 0 1 1 0 0 0 0 0 1 0 1 1 0 0 1 0 0 0 0 1 0
1 10 1 100 10 10 0 10 1 10 1 10 0 1 1 10 0 0 1 1 0 1 1 10 1 0 1 1 0 10 1 0 10 1 10 1 1 1 1 1 0 0 1 0 1 1 1 10 1 10 0 1 1 0 1 1 1 10 1 10 10 1 1 0 0 0 1 1 10
1 0 1 1 1 1 0 0 0 1 0 1 0 1 1 1 0 0 0 1 0 1 0 0 0 0 0 0 0 1 1 0 0 0 0 0 0 0 0 0 0 0 1 0 0 0 0 1 0 1 0 0 1 0 0 0 0 1 0 1 1 1 0 0 0 1 0 0 1
1 1 10 1 1 1 10 1 10 1 1 10 10 0 1 10 10 0 10 0 10 1 1 1 1 0 0 1 10 1 0 1 1 10 10 10 0 10 1 10 10 1 1 1 10 1 10 10 10 10 10 0 1 0 1 0 100 1 10 1 10 0 10 1 1 1 0 0 0
1 1 1 10 10 10 0 1 0 10 1 1 0 1 1 1 0 0 0 1 0 1 0 1 1 0 1 1 0 1 1 0 1 0 1 0 1 0 1 0 0 0 1 0 0 1 0 1 0 1 0 1 1 0 0 1 0 10 0 10 1 1 1 0 0 10 1 0 0
4
3 2 3
4 7 3
5 1 3
6 5 3
3
4 4 
1 3
2 3
3 5
4 4
2 4 
1 4
1 4
2 6
2 6
3 7 
1 4
1 4
2 6
2 6
2 6
3 4
3 4
69 6
2 0 2
3 3 4 5
3 0 1 2
3 0 3 4
3 0 1 4
3 0 2 4
3 1 2 5
3 3 4 5
3 2 3 5
3 0 2 4
2 2 4
3 0 1 3
3 1 2 5
1 0
3 0 2 5
3 0 2 3
3 1 2 5
1 5
2 2 3
2 0 5
3 1 2 5
3 0 2 5
1 3
2 3 4
2 2 4
1 5
2 4 5
2 2 4
3 1 2 5
3 0 3 5
2 0 5
1 1
3 3 4 5
3 1 3 5
3 2 3 4
2 1 3
2 4 5
2 2 3
3 1 4 5
3 2 3 5
3 1 2 5
2 2 5
3 0 2 5
1 2
3 2 3 5
3 1 4 5
3 1 3 5
3 0 2 3
2 2 3
3 0 1 3
2 1 2
1 4
2 0 2
1 5
1 3
1 4
3 1 2 3
3 0 2 4
3 1 3 5
3 0 1 4
3 0 2 3
2 0 5
3 1 2 4
1 2
1 1
3 0 3 4
1 0
3 1 2 3
2 0 4
69 189
3 147 166 38
4 105 163 17 82
6 161 162 165 174 54 77
3 111 112 177
3 134 139 74
4 172 173 174 182
7 102 108 154 16 30 46 78
2 149 167
4 63 9 91 92
4 103 52 61 73
8 11 131 159 164 178 4 88 94
3 124 173 98
5 122 156 36 40 83
5 167 182 19 56 93
4 117 147 180 181
2 166 170
5 115 176 22 48 6
4 149 163 180 181
3 168 174 45
3 12 120 126
2 151 160
3 183 32 81
4 144 29 5 85
2 69 76
2 152 66
2 146 179
3 51 75 84
3 155 172 87
3 153 157 68
2 137 44
2 182 71
8 125 142 171 175 47 53 64 70
3 135 145 178
4 130 153 170 20
3 0 104 3
3 113 161 183
4 15 180 86 89
1 21
4 144 145 158 181
2 8 96
4 1 118 18 25
7 10 146 159 162 179 59 97
2 107 138
3 14 60 7
4 166 179 43 80
6 171 176 177 178 179 26
6 119 155 169 183 42 72
4 129 143 158 90
5 143 148 150 37 41
3 127 23 65
8 114 154 157 168 169 183 2 55
2 148 181
2 165 95
3 165 176 57
2 170 35
1 24
3 123 133 31
3 164 167 50
7 109 141 169 171 175 27 28
4 177 178 49 99
4 13 140 175 58
4 100 183 33 67
6 128 132 151 160 168 173
4 110 150 182 62
5 121 136 152 156 79
3 106 116 172
4 101 180 34 39
4 142 184 185 186
2 187 188
