52
0 1 1 1 1 1 0 1 0 1 1 0 0 0 1 1 0 1 0 1 0 1 0 0 1 1 1 1 1 0 1 0 0 1 0 0 0 1 1 0 1 0 0 0 0 1 0 0 1 1 0 0
1 0 10 1 10 1 1 10 1 1 1 1 1 0 10 10 10 10 1 10 10 1 0 10 1 10 100 1 1 0 10 10 1 100 10 10 10 10 10 0 10 10 10 1 1 10 0 10 1 10 1 0
1 10 0 10 100 1 10 100 10 10 10 10 1 0 100 10 1 10 1 10 1 10 1 10 1 100 10 10 1 1 100 1 0 10 10 1 1 100 10 0 10 1 1 0 1 10 0 1 10 1 1 0
1 1 10 0 10 1 10 10 10 100 100 10 1 1 10 10 0 10 10 10 1 100 10 1 10 10 1 100 10 1 10 1 0 1 1 0 1 10 10 1 1 1 0 0 0 10 1 1 100 1 1 1
1 10 100 10 0 1 10 100 10 10 10 10 1 0 100 10 1 10 1 10 1 10 1 10 1 100 10 10 1 1 100 1 0 10 10 1 1 100 10 0 10 1 1 0 1 10 0 1 10 1 1 0
1 1 1 1 1 0 0 1 0 1 1 0 0 0 1 1 0 1 0 1 0 1 0 0 1 1 1 1 1 0 1 0 0 1 0 0 0 1 1 0 1 0 0 0 0 1 0 0 1 1 0 0
0 1 10 10 10 0 0 10 100 10 10 100 1 1 10 10 1 1 10 10 10 10 10 10 1 10 1 10 1 1 10 10 0 1 10 1 10 10 10 1 1 10 1 0 1 10 1 10 10 0 1 1
1 10 100 10 100 1 10 0 10 10 10 10 1 0 100 10 1 10 1 10 1 10 1 10 1 100 10 10 1 1 100 1 0 10 10 1 1 100 10 0 10 1 1 0 1 10 0 1 10 1 1 0
0 1 10 10 10 0 100 10 0 10 10 100 1 1 10 10 1 1 10 10 10 10 10 10 1 10 1 10 1 1 10 10 0 1 10 1 10 10 10 1 1 10 1 0 1 10 1 10 10 0 1 1
1 1 10 100 10 1 10 10 10 0 100 10 1 1 10 10 0 10 10 10 1 100 10 1 10 10 1 100 10 1 10 1 0 1 1 0 1 10 10 1 1 1 0 0 0 10 1 1 100 1 1 1
1 1 10 100 10 1 10 10 10 100 0 10 1 1 10 10 0 10 10 10 1 100 10 1 10 10 1 100 10 1 10 1 0 1 1 0 1 10 10 1 1 1 0 0 0 10 1 1 100 1 1 1
0 1 10 10 10 0 100 10 100 10 10 0 1 1 10 10 1 1 10 10 10 10 10 10 1 10 1 10 1 1 10 10 0 1 10 1 10 10 10 1 1 10 1 0 1 10 1 10 10 0 1 1
0 1 1 1 1 0 1 1 1 1 1 1 0 0 1 0 1 10 10 0 1 1 1 10 0 1 1 1 0 1 1 1 1 1 10 1 1 1 0 0 0 1 1 1 0 0 0 1 1 1 10 0
0 0 0 1 0 0 1 0 1 1 1 1 0 0 0 1 0 0 1 1 1 1 1 0 1 0 0 1 1 0 0 1 0 0 0 0 1 0 1 1 0 1 0 0 0 1 1 1 1 0 0 1
1 10 100 10 100 1 10 100 10 10 10 10 1 0 0 10 1 10 1 10 1 10 1 10 1 100 10 10 1 1 100 1 0 10 10 1 1 100 10 0 10 1 1 0 1 10 0 1 10 1 1 0
1 10 10 10 10 1 10 10 10 10 10 10 0 1 10 0 1 1 1 100 10 10 1 1 10 10 10 10 10 0 10 10 0 10 1 1 10 10 100 1 10 10 1 0 1 100 1 10 10 1 0 1
0 10 1 0 1 0 1 1 1 0 0 1 1 0 1 1 0 1 1 1 10 0 0 10 0 1 10 0 0 0 1 10 1 10 10 10 10 1 1 0 1 10 10 1 1 1 0 10 0 1 1 0
1 10 10 10 10 1 1 10 1 10 10 1 10 0 10 1 1 0 10 1 1 10 1 10 1 10 10 10 1 1 10 1 1 10 10 1 1 10 1 0 1 1 1 1 0 1 0 1 10 10 10 0
0 1 1 10 1 0 10 1 10 10 10 10 10 1 1 1 1 10 0 1 10 10 10 10 1 1 1 10 1 1 1 10 1 1 10 1 10 1 1 1 0 10 1 1 0 1 1 10 10 1 10 1
1 10 10 10 10 1 10 10 10 10 10 10 0 1 10 100 1 1 1 0 10 10 1 1 10 10 10 10 10 0 10 10 0 10 1 1 10 10 100 1 10 10 1 0 1 100 1 10 10 1 0 1
0 10 1 1 1 0 10 1 10 1 1 10 1 1 1 10 10 1 10 10 0 1 1 10 1 1 10 1 1 0 1 100 1 10 10 10 100 1 10 1 1 100 10 1 1 10 1 100 1 1 1 1
1 1 10 100 10 1 10 10 10 100 100 10 1 1 10 10 0 10 10 10 1 0 10 1 10 10 1 100 10 1 10 1 0 1 1 0 1 10 10 1 1 1 0 0 0 10 1 1 100 1 1 1
0 0 1 10 1 0 10 1 10 10 10 10 1 1 1 1 0 1 10 1 1 10 0 1 1 1 0 10 1 1 1 1 0 0 1 0 1 1 1 1 0 1 0 0 0 1 1 1 10 0 1 1
0 10 10 1 10 0 10 10 10 1 1 10 10 0 10 1 10 10 10 1 10 1 1 0 0 10 10 1 0 1 10 10 1 10 100 10 10 10 1 0 1 10 10 1 1 1 0 10 1 1 10 0
1 1 1 10 1 1 1 1 1 10 10 1 0 1 1 10 0 1 1 10 1 10 1 0 0 1 1 10 10 0 1 1 0 1 0 0 1 1 10 1 1 1 0 0 0 10 1 1 10 1 0 1
1 10 100 10 100 1 10 100 10 10 10 10 1 0 100 10 1 10 1 10 1 10 1 10 1 0 10 10 1 1 100 1 0 10 10 1 1 100 10 0 10 1 1 0 1 10 0 1 10 1 1 0
1 100 10 1 10 1 1 10 1 1 1 1 1 0 10 10 10 10 1 10 10 1 0 10 1 10 0 1 1 0 10 10 1 100 10 10 10 10 10 0 10 10 10 1 1 10 0 10 1 10 1 0
1 1 10 100 10 1 10 10 10 100 100 10 1 1 10 10 0 10 10 10 1 100 10 1 10 10 1 0 10 1 10 1 0 1 1 0 1 10 10 1 1 1 0 0 0 10 1 1 100 1 1 1
1 1 1 10 1 1 1 1 1 10 10 1 0 1 1 10 0 1 1 10 1 10 1 0 10 1 1 10 0 0 1 1 0 1 0 0 1 1 10 1 1 1 0 0 0 10 1 1 10 1 0 1
0 0 1 1 1 0 1 1 1 1 1 1 1 0 1 0 0 1 1 0 0 1 1 1 0 1 0 1 0 0 1 0 0 0 1 0 0 1 0 0 0 0 0 0 0 0 0 0 1 0 1 0
1 10 100 10 100 1 10 100 10 10 10 10 1 0 100 10 1 10 1 10 1 10 1 10 1 100 10 10 1 1 0 1 0 10 10 1 1 100 10 0 10 1 1 0 1 10 0 1 10 1 1 0
0 10 1 1 1 0 10 1 10 1 1 10 1 1 1 10 10 1 10 10 100 1 1 10 1 1 10 1 1 0 1 0 1 10 10 10 100 1 10 1 1 100 10 1 1 10 1 100 1 1 1 1
0 1 0 0 0 0 0 0 0 0 0 0 1 0 0 0 1 1 1 0 1 0 0 1 0 0 1 0 0 0 0 1 0 1 1 1 1 0 0 0 0 1 1 1 0 0 0 1 0 1 1 0
1 100 10 1 10 1 1 10 1 1 1 1 1 0 10 10 10 10 1 10 10 1 0 10 1 10 100 1 1 0 10 10 1 0 10 10 10 10 10 0 10 10 10 1 1 10 0 10 1 10 1 0
0 10 10 1 10 0 10 10 10 1 1 10 10 0 10 1 10 10 10 1 10 1 1 100 0 10 10 1 0 1 10 10 1 10 0 10 10 10 1 0 1 10 10 1 1 1 0 10 1 1 10 0
0 10 1 0 1 0 1 1 1 0 0 1 1 0 1 1 10 1 1 1 10 0 0 10 0 1 10 0 0 0 1 10 1 10 10 0 10 1 1 0 1 10 10 1 1 1 0 10 0 1 1 0
0 10 1 1 1 0 10 1 10 1 1 10 1 1 1 10 10 1 10 10 100 1 1 10 1 1 10 1 1 0 1 100 1 10 10 10 0 1 10 1 1 100 10 1 1 10 1 100 1 1 1 1
1 10 100 10 100 1 10 100 10 10 10 10 1 0 100 10 1 10 1 10 1 10 1 10 1 100 10 10 1 1 100 1 0 10 10 1 1 0 10 0 10 1 1 0 1 10 0 1 10 1 1 0
1 10 10 10 10 1 10 10 10 10 10 10 0 1 10 100 1 1 1 100 10 10 1 1 10 10 10 10 10 0 10 10 0 10 1 1 10 10 0 1 10 10 1 0 1 100 1 10 10 1 0 1
0 0 0 1 0 0 1 0 1 1 1 1 0 1 0 1 0 0 1 1 1 1 1 0 1 0 0 1 1 0 0 1 0 0 0 0 1 0 1 0 0 1 0 0 0 1 1 1 1 0 0 1
1 10 10 1 10 1 1 10 1 1 1 1 0 0 10 10 1 1 0 10 1 1 0 1 1 10 10 1 1 0 10 1 0 10 1 1 1 10 10 0 0 1 1 0 1 10 0 1 1 1 0 0
0 10 1 1 1 0 10 1 10 1 1 10 1 1 1 10 10 1 10 10 100 1 1 10 1 1 10 1 1 0 1 100 1 10 10 10 100 1 10 1 1 0 10 1 1 10 1 100 1 1 1 1
0 10 1 0 1 0 1 1 1 0 0 1 1 0 1 1 10 1 1 1 10 0 0 10 0 1 10 0 0 0 1 10 1 10 10 10 10 1 1 0 1 10 0 1 1 1 0 10 0 1 1 0
0 1 0 0 0 0 0 0 0 0 0 0 1 0 0 0 1 1 1 0 1 0 0 1 0 0 1 0 0 0 0 1 1 1 1 1 1 0 0 0 0 1 1 0 0 0 0 1 0 1 1 0
0 1 1 0 1 0 1 1 1 0 0 1 0 0 1 1 1 0 0 1 1 0 0 1 0 1 1 0 0 0 1 1 0 1 1 1 1 1 1 0 1 1 1 0 0 1 0 1 0 0 0 0
1 10 10 10 10 1 10 10 10 10 10 10 0 1 10 100 1 1 1 100 10 10 1 1 10 10 10 10 10 0 10 10 0 10 1 1 10 10 100 1 10 10 1 0 1 0 1 10 10 1 0 1
0 0 0 1 0 0 1 0 1 1 1 1 0 1 0 1 0 0 1 1 1 1 1 0 1 0 0 1 1 0 0 1 0 0 0 0 1 0 1 1 0 1 0 0 0 1 0 1 1 0 0 1
0 10 1 1 1 0 10 1 10 1 1 10 1 1 1 10 10 1 10 10 100 1 1 10 1 1 10 1 1 0 1 100 1 10 10 10 100 1 10 1 1 100 10 1 1 10 1 0 1 1 1 1
1 1 10 100 10 1 10 10 10 100 100 10 1 1 10 10 0 10 10 10 1 100 10 1 10 10 1 100 10 1 10 1 0 1 1 0 1 10 10 1 1 1 0 0 0 10 1 1 0 1 1 1
1 10 1 1 1 1 0 1 0 1 1 0 1 0 1 1 1 10 1 1 1 1 0 1 1 1 10 1 1 0 1 1 1 10 1 1 1 1 1 0 1 1 1 1 0 1 0 1 1 0 1 0
0 1 1 1 1 0 1 1 1 1 1 1 10 0 1 0 1 10 10 0 1 1 1 10 0 1 1 1 0 1 1 1 1 1 10 1 1 1 0 0 0 1 1 1 0 0 0 1 1 1 0 0
0 0 0 1 0 0 1 0 1 1 1 1 0 1 0 1 0 0 1 1 1 1 1 0 1 0 0 1 1 0 0 1 0 0 0 0 1 0 1 1 0 1 0 0 0 1 1 1 1 0 0 0
2
4 7 3
6 4 3
3
4 4 
1 4
2 4
3 6
4 4
2 4 
1 4
1 4
2 6
2 6
2 3 
1 4
1 4
2 6
52 5
1 2
3 0 2 4
3 0 1 2
3 1 2 3
3 0 1 2
1 2
3 0 1 3
3 0 1 2
3 0 1 3
3 1 2 3
3 1 2 3
3 0 1 3
2 1 4
1 3
3 0 1 2
3 0 2 3
2 0 4
3 1 2 4
3 1 3 4
3 0 2 3
3 0 3 4
3 1 2 3
2 1 3
3 0 1 4
2 2 3
3 0 1 2
3 0 2 4
3 1 2 3
2 2 3
1 1
3 0 1 2
3 0 3 4
1 4
3 0 2 4
3 0 1 4
2 0 4
3 0 3 4
3 0 1 2
3 0 2 3
1 3
2 0 2
3 0 3 4
2 0 4
1 4
1 0
3 0 2 3
1 3
3 0 3 4
3 1 2 3
2 2 4
2 1 4
1 3
52 138
5 124 128 136 24 60
2 133 136
2 133 36
3 114 135 39
5 106 116 128 58 77
1 122
3 126 137 27
2 123 35
6 113 124 44 53 62 9
1 72
3 122 2 45
4 103 135 29 85
4 137 40 47 52
3 0 135 98
7 111 116 127 136 25 51 79
3 26 30 67
3 129 80 84
2 109 130
5 131 136 3 37 95
6 125 129 5 54 71 94
6 102 107 109 131 134 91
6 114 120 20 31 48 59
2 11 13
2 105 117
4 118 7 81 99
3 127 83 97
4 129 130 137 96
4 101 113 90 92
1 123
5 1 125 16 49 68
8 108 121 132 15 50 61 70 89
5 110 121 18 34 42
2 119 131
1 22
3 126 28 87
4 108 132 134 38
2 119 86
5 117 134 137 57 65
3 127 137 75
8 100 115 125 133 21 4 66 69
3 135 63 76
4 10 128 41 82
4 106 17 64 78
4 118 130 56 6
6 104 111 112 133 32 93
3 110 19 73
6 124 126 14 43 74 88
3 112 12 134
3 46 55 8
3 115 132 23
3 107 123 33
1 120
