120
0 1 1 1 1 10 1 1 1 1 1 0 0 0 0 1 0 10 1 1 0 0 1 1 0 1 1 10 0 1 1 1 1 0 1 1 0 0 0 0 1 0 1 1 0 1 0 0 1 1 1 1 0 1 1 0 1 0 1 1 1 0 1 1 0 0 0 10 0 0 1 0 1 1 0 1 0 1 0 1 0 1 10 1 0 1 1 1 0 0 0 0 0 1 0 0 1 1 1 1 1 10 1 1 1 0 1 0 1 1 0 1 0 0 0 1 0 1 1 0
1 0 0 0 1 1 0 1 0 1 1 0 0 0 1 0 0 1 1 0 1 0 0 1 1 0 1 0 1 0 1 0 1 1 0 0 0 1 1 1 1 0 0 0 1 0 0 0 0 0 0 0 10 1 1 0 0 0 0 0 1 0 1 0 10 0 0 1 0 1 0 1 0 0 1 0 1 0 1 1 1 0 1 10 1 10 1 1 0 1 1 0 0 1 0 0 0 0 0 1 0 1 0 0 10 1 0 0 0 1 10 1 0 1 1 1 1 0 0 1
1 0 0 1 0 1 0 1 1 1 0 0 0 0 0 1 0 1 0 0 0 0 1 0 0 0 0 1 0 1 1 0 0 0 0 1 0 0 0 0 0 0 1 1 0 1 0 0 1 0 1 1 0 1 0 0 1 0 1 1 0 0 0 1 0 0 0 1 0 0 1 0 0 0 0 1 0 0 0 1 0 0 1 0 0 0 0 0 0 0 0 0 0 0 0 0 0 1 0 0 1 1 1 1 0 0 0 0 0 0 0 0 0 0 0 0 0 0 1 0
1 0 1 0 0 1 0 1 1 1 0 0 0 0 0 1 0 1 0 0 0 0 1 0 0 0 0 1 0 1 1 0 0 0 0 1 0 0 0 0 0 0 1 1 0 1 0 0 1 0 1 1 0 1 0 0 1 0 1 1 0 0 0 1 0 0 0 1 0 0 1 0 0 0 0 1 0 0 0 1 0 0 1 0 0 0 0 0 0 0 0 0 0 0 0 0 0 1 0 0 1 1 1 1 0 0 0 0 0 0 0 0 0 0 0 0 0 0 1 0
1 1 0 0 0 10 1 1 1 1 1 0 1 0 0 1 1 10 1 1 1 0 0 1 1 10 1 1 10 1 0 10 10 1 10 0 0 1 1 1 0 1 1 0 1 1 1 0 0 1 0 0 1 0 0 0 0 1 0 0 0 0 1 0 1 0 1 0 1 1 0 1 1 1 0 0 1 10 10 0 1 1 10 0 0 1 1 0 1 0 1 0 1 0 1 1 10 0 10 0 0 0 0 0 1 1 1 0 1 10 1 1 0 0 0 10 0 1 0 1
10 1 1 1 10 0 1 1 1 1 1 0 0 0 0 1 0 100 1 1 1 0 1 0 1 1 1 10 1 1 1 1 10 1 1 1 0 1 1 0 0 0 1 1 0 1 0 0 1 1 1 1 1 1 0 0 1 0 1 1 0 0 0 1 1 0 0 1 0 1 1 1 1 1 0 1 1 1 1 1 1 1 100 0 0 1 0 0 0 0 1 0 0 0 0 0 1 1 1 0 1 1 1 1 1 1 1 0 1 10 1 0 0 0 0 10 0 1 1 1
1 0 0 0 1 1 0 0 0 0 10 1 0 0 0 1 1 1 1 1 1 1 0 0 1 10 10 1 1 1 1 1 10 0 1 0 0 10 1 1 0 0 1 0 0 0 0 1 10 100 1 0 0 0 0 10 0 1 0 1 0 0 0 1 1 1 10 1 10 10 0 1 10 1 0 1 1 1 1 0 0 1 1 0 0 0 1 1 0 0 0 0 0 0 0 0 10 0 1 0 1 1 0 0 0 0 10 1 1 10 1 0 1 0 0 1 1 1 0 1
1 1 1 1 1 1 0 0 10 100 1 0 1 0 1 10 1 1 1 0 0 0 1 1 0 1 1 1 1 10 10 1 0 0 1 1 0 0 0 10 0 1 10 1 10 10 1 0 1 0 1 1 1 10 0 0 1 1 1 1 0 0 1 1 1 0 1 1 1 0 1 0 0 0 1 1 0 1 1 10 0 0 1 1 1 0 1 0 1 1 0 0 1 0 1 1 1 1 1 0 1 1 1 1 0 0 0 0 0 0 1 1 0 1 1 0 1 0 1 0
1 0 1 1 1 1 0 10 0 10 0 0 1 1 0 10 1 1 0 1 0 0 10 1 0 1 0 1 1 10 1 10 0 1 1 1 1 0 0 1 0 1 10 1 1 10 1 0 1 0 1 1 0 1 1 1 1 1 10 1 0 1 1 10 0 1 1 1 1 0 1 1 0 0 0 1 0 1 1 1 1 0 1 0 0 1 1 1 1 0 1 0 1 0 1 10 1 1 1 1 1 1 1 10 1 0 0 1 0 0 0 1 0 1 0 0 0 0 1 0
1 1 1 1 1 1 0 100 10 0 1 0 1 0 1 10 1 1 1 0 0 0 1 1 0 1 1 1 1 10 10 1 0 0 1 1 0 0 0 10 0 1 10 1 10 10 1 0 1 0 1 1 1 10 0 0 1 1 1 1 0 0 1 1 1 0 1 1 1 0 1 0 0 0 1 1 0 1 1 10 0 0 1 1 1 0 1 0 1 1 0 0 1 0 1 1 1 1 1 0 1 1 1 1 0 0 0 0 0 0 1 1 0 1 1 0 1 0 1 0
1 1 0 0 1 1 10 1 0 1 0 1 0 0 1 0 0 1 10 1 1 1 0 0 1 1 10 1 0 1 10 1 1 0 1 0 0 1 1 1 0 0 1 0 1 0 0 0 1 10 0 0 1 1 0 1 0 0 0 1 0 0 0 1 1 1 1 1 1 1 0 0 1 1 1 0 0 1 1 1 0 1 1 1 1 0 1 0 0 1 0 0 0 0 0 0 10 0 1 0 0 1 0 0 0 0 1 0 1 10 10 0 0 1 1 1 1 1 0 1
0 0 0 0 0 0 1 0 0 0 1 0 1 0 0 0 1 0 0 1 1 1 0 1 1 0 0 0 0 1 1 0 0 1 1 0 1 1 1 0 1 0 1 0 0 0 1 0 1 1 0 0 0 1 1 1 1 0 1 10 0 0 0 1 0 1 1 1 1 1 1 0 0 0 1 0 0 0 1 0 0 0 0 0 0 0 1 0 1 0 0 1 0 1 0 0 1 0 0 0 0 1 1 1 0 0 1 0 0 1 1 0 0 0 1 0 0 1 1 10
0 0 0 0 1 0 0 1 1 1 0 1 0 0 0 1 10 0 0 1 0 0 0 10 0 1 0 0 1 1 0 1 0 1 10 0 1 0 0 1 1 1 1 0 1 1 10 0 0 0 0 0 0 1 1 0 1 1 1 1 0 0 1 0 0 0 1 0 1 0 1 0 0 0 1 0 0 1 1 0 0 0 0 0 0 0 1 0 10 0 0 1 1 1 1 1 1 0 1 0 0 0 1 1 0 0 1 0 0 0 0 1 0 0 1 0 0 1 1 1
0 0 0 0 0 0 0 0 1 0 0 0 0 0 0 0 0 0 0 1 0 0 1 0 0 0 0 0 0 0 0 1 0 1 0 0 1 0 0 0 0 0 0 0 0 0 0 0 0 0 0 0 0 0 1 1 0 0 1 0 0 1 0 1 0 1 0 0 0 0 0 1 0 0 0 0 0 0 0 0 1 0 0 0 0 1 0 1 0 0 1 0 0 0 0 1 0 0 0 1 0 0 0 1 1 0 0 1 0 0 0 0 0 1 0 0 0 0 0 0
0 1 0 0 0 0 0 1 0 1 1 0 0 0 0 0 0 0 1 0 1 0 0 0 1 0 1 1 0 0 1 0 0 0 0 1 1 0 1 1 1 0 0 1 1 0 0 0 0 0 0 0 1 1 0 0 0 0 0 0 0 1 1 0 1 0 0 0 0 0 1 0 1 1 1 0 1 0 0 10 0 0 0 1 1 0 0 0 1 10 0 0 0 0 0 1 0 1 0 0 0 0 0 0 0 0 0 1 1 0 1 0 0 10 1 0 10 1 1 0
1 0 1 1 1 1 1 10 10 10 0 0 1 0 0 0 10 1 0 0 0 0 1 1 0 10 1 1 10 10 1 1 1 0 1 1 0 1 0 10 0 1 10 1 1 10 1 1 10 1 10 1 0 1 0 1 1 10 1 1 0 0 1 1 1 0 10 1 10 1 1 1 1 0 0 10 1 1 1 1 0 0 1 0 0 0 1 1 1 0 0 0 1 0 1 1 1 1 1 0 10 1 1 1 0 0 1 1 0 0 0 1 1 0 0 0 1 0 1 0
0 0 0 0 1 0 1 1 1 1 0 1 10 0 0 10 0 0 0 1 0 0 0 10 0 10 1 0 10 1 0 1 1 1 10 0 1 1 0 10 1 1 1 0 1 1 10 1 1 1 1 0 0 1 1 1 1 10 1 1 0 0 1 0 1 0 10 0 10 1 1 1 1 0 1 1 1 1 1 0 0 0 0 0 0 0 1 1 10 0 0 1 1 1 1 1 1 0 1 0 1 0 1 1 0 0 10 1 0 0 0 1 1 0 1 0 1 1 1 1
10 1 1 1 10 100 1 1 1 1 1 0 0 0 0 1 0 0 1 1 1 0 1 0 1 1 1 10 1 1 1 1 10 1 1 1 0 1 1 0 0 0 1 1 0 1 0 0 1 1 1 1 1 1 0 0 1 0 1 1 0 0 0 1 1 0 0 1 0 1 1 1 1 1 0 1 1 1 1 1 1 1 100 0 0 1 0 0 0 0 1 0 0 0 0 0 1 1 1 0 1 1 1 1 1 1 1 0 1 10 1 0 0 0 0 10 0 1 1 1
1 1 0 0 1 1 1 1 0 1 10 0 0 0 1 0 0 1 0 1 0 0 0 0 0 1 10 1 0 0 1 1 1 0 1 0 0 0 0 1 0 0 0 0 1 0 0 0 0 1 0 0 1 1 0 0 0 0 0 0 0 0 0 0 1 0 0 0 0 0 0 0 1 1 1 0 0 1 0 1 0 1 1 1 1 0 0 0 0 1 0 0 0 0 0 0 1 0 1 0 0 0 0 0 0 0 1 0 1 1 1 0 0 1 1 1 1 1 0 0
1 0 0 0 1 1 1 0 1 0 1 1 1 1 0 0 1 1 1 0 0 0 1 1 0 1 1 1 0 0 0 10 1 10 10 0 10 0 0 0 1 0 0 0 0 0 1 0 0 1 0 0 0 1 10 1 1 0 10 1 0 1 0 1 0 1 0 0 0 0 1 1 1 1 1 0 0 1 0 0 1 1 1 0 0 1 0 1 1 0 1 1 0 1 0 1 1 0 1 1 0 0 1 10 1 0 10 1 1 1 0 0 0 1 1 1 0 10 1 1
0 1 0 0 1 1 1 0 0 0 1 1 0 0 1 0 0 1 0 0 0 1 0 0 100 0 0 1 1 1 1 0 1 1 0 1 1 10 100 0 1 0 1 1 0 0 0 0 1 1 0 0 1 0 0 1 0 0 0 1 0 1 1 1 1 1 1 1 1 10 1 1 1 1 0 0 10 0 10 1 1 0 1 0 0 1 1 0 1 1 1 0 0 0 0 1 1 1 0 0 0 1 0 0 1 1 0 1 1 10 10 0 0 1 0 1 1 1 1 10
0 0 0 0 0 0 1 0 0 0 1 1 0 0 0 0 0 0 0 0 1 0 0 0 1 0 0 0 0 1 1 0 0 0 0 0 0 1 1 0 0 0 1 0 0 0 0 0 1 1 0 0 0 0 0 1 0 0 0 1 0 0 0 1 0 1 1 1 1 1 0 0 0 0 0 0 0 0 1 0 0 0 0 0 0 0 1 0 0 0 0 0 0 0 0 0 1 0 0 0 0 1 0 0 0 0 0 0 0 1 1 0 0 0 0 0 0 0 0 1
1 0 1 1 0 1 0 1 10 1 0 0 0 1 0 1 0 1 0 1 0 0 0 0 0 0 0 1 0 1 1 1 0 1 0 1 1 0 0 0 0 0 1 1 0 1 0 0 1 0 1 1 0 1 1 1 1 0 10 1 0 1 0 10 0 1 0 1 0 0 1 1 0 0 0 1 0 0 0 1 1 0 1 0 0 1 0 1 0 0 1 0 0 0 0 1 0 1 0 1 1 1 1 10 1 0 0 1 0 0 0 0 0 1 0 0 0 0 1 0
1 1 0 0 1 0 0 1 1 1 0 1 10 0 0 1 10 0 0 1 0 0 0 0 0 1 0 0 1 1 0 1 0 1 10 0 1 0 0 1 10 1 1 0 1 1 10 0 0 0 0 0 0 1 10 0 1 1 1 1 1 0 10 0 0 0 1 1 1 0 1 0 0 0 1 0 0 1 1 0 0 0 0 1 0 1 10 1 10 0 0 1 1 10 1 1 1 0 1 1 0 1 1 1 1 0 1 0 0 0 0 10 0 0 1 0 0 1 1 1
0 1 0 0 1 1 1 0 0 0 1 1 0 0 1 0 0 1 0 0 100 1 0 0 0 0 0 1 1 1 1 0 1 1 0 1 1 10 100 0 1 0 1 1 0 0 0 0 1 1 0 0 1 0 0 1 0 0 0 1 0 1 1 1 1 1 1 1 1 10 1 1 1 1 0 0 10 0 10 1 1 0 1 0 0 1 1 0 1 1 1 0 0 0 0 1 1 1 0 0 0 1 0 0 1 1 0 1 1 10 10 0 0 1 0 1 1 1 1 10
1 0 0 0 10 1 10 1 1 1 1 0 1 0 0 10 10 1 1 1 0 0 0 1 0 0 10 1 10 1 0 10 10 0 10 0 0 1 0 10 0 1 1 0 1 1 1 1 1 10 1 0 0 0 0 1 0 10 0 0 0 0 1 0 1 0 10 0 10 1 0 1 10 1 0 1 1 10 1 0 0 1 1 0 0 0 1 1 1 0 0 0 1 0 1 1 10 0 10 0 1 0 0 0 0 0 10 1 1 1 0 1 1 0 0 1 1 1 0 0
1 1 0 0 1 1 10 1 0 1 10 0 0 0 1 1 1 1 10 1 0 0 0 0 0 10 0 1 1 0 1 1 10 0 1 0 0 1 0 10 0 0 0 0 1 0 0 1 1 10 1 0 1 1 0 1 0 1 0 0 0 0 0 0 10 0 1 0 1 1 0 1 10 1 1 1 1 1 0 1 0 1 1 1 1 0 0 1 0 1 0 0 0 0 0 0 1 0 1 0 1 0 0 0 0 0 10 1 1 1 1 0 1 1 1 1 10 1 0 0
10 0 1 1 1 10 1 1 1 1 1 0 0 0 1 1 0 10 1 1 1 0 1 0 1 1 1 0 0 1 1 1 1 0 1 10 1 0 1 0 1 0 1 10 0 1 0 0 1 1 1 1 0 1 0 0 1 0 1 1 0 1 1 1 0 0 0 1 0 0 10 0 10 10 0 1 1 1 0 10 0 1 10 0 0 0 0 0 1 1 0 0 0 0 0 1 1 10 1 0 1 1 1 1 0 0 1 1 10 1 0 0 0 1 0 1 1 10 10 0
0 1 0 0 10 1 1 1 1 1 0 0 1 0 0 10 10 1 0 0 1 0 0 1 1 10 1 0 0 1 0 1 10 1 1 0 0 10 1 10 0 1 1 0 1 1 1 1 1 1 1 0 1 0 0 1 0 10 0 0 0 0 1 0 10 0 10 0 10 10 0 10 1 0 0 1 10 1 10 0 1 0 1 0 0 1 1 1 1 0 1 0 1 0 1 1 1 0 1 0 1 0 0 0 1 1 1 1 0 1 1 1 1 0 0 1 1 0 0 1
1 0 1 1 1 1 1 10 10 10 1 1 1 0 0 10 1 1 0 0 1 1 1 1 1 1 0 1 1 0 10 1 0 0 1 1 0 1 1 1 0 1 100 1 1 10 1 0 10 1 1 1 0 1 0 1 1 1 1 10 0 0 1 10 0 1 10 10 10 1 1 0 0 0 0 1 0 1 10 1 0 0 1 0 0 0 10 0 1 0 0 0 1 0 1 1 10 1 1 0 1 10 1 1 0 0 0 0 0 1 1 1 0 0 0 0 0 0 1 1
1 1 1 1 0 1 1 10 1 10 10 1 0 0 1 1 0 1 1 0 1 1 1 0 1 0 1 1 0 10 0 0 0 0 0 1 0 1 1 1 0 0 10 1 1 1 0 0 10 1 1 1 1 10 0 1 1 0 1 10 0 0 0 10 1 1 1 10 1 1 1 0 0 0 1 1 0 0 1 10 0 0 1 1 1 0 1 0 0 1 0 0 0 0 0 0 1 1 0 0 1 10 1 1 0 0 0 0 0 1 10 0 0 1 1 0 1 0 1 1
1 0 0 0 10 1 1 1 10 1 1 0 1 1 0 1 1 1 1 10 0 0 1 1 0 10 1 1 1 1 0 0 1 1 10 0 1 0 0 1 0 1 1 0 1 1 1 0 0 1 0 0 0 0 1 1 0 1 1 0 0 1 1 1 0 1 1 0 1 0 0 1 1 1 0 0 0 10 1 0 1 1 1 0 0 1 1 1 1 0 1 0 1 0 1 10 10 0 10 1 0 0 0 1 1 0 1 1 1 1 0 1 0 1 0 1 0 1 0 0
1 1 0 0 10 10 10 0 0 0 1 0 0 0 0 1 1 10 1 1 1 0 0 0 1 10 10 1 10 0 0 1 0 1 1 0 0 10 1 1 0 0 0 0 0 0 0 1 1 10 1 0 1 0 0 1 0 1 0 0 0 0 0 0 10 0 1 0 1 10 0 10 10 1 0 1 10 1 1 0 1 1 10 0 0 1 0 1 0 0 1 0 0 0 0 0 1 0 1 0 1 0 0 0 1 1 10 1 1 10 1 0 1 0 0 10 1 1 0 1
0 1 0 0 1 1 0 0 1 0 0 1 1 1 0 0 1 1 0 10 1 0 1 1 1 0 0 0 1 0 0 1 1 0 1 0 10 1 1 0 1 0 0 0 0 0 1 0 0 0 0 0 1 1 10 1 1 0 10 1 0 1 0 1 1 1 0 0 0 1 1 10 0 0 1 0 1 0 1 0 10 0 1 0 0 10 0 1 1 0 10 1 0 1 0 1 0 0 0 1 0 0 1 10 10 1 1 1 0 1 1 0 0 1 1 1 0 1 1 10
1 0 0 0 10 1 1 1 1 1 1 1 10 0 0 1 10 1 1 10 0 0 0 10 0 10 1 1 1 1 0 10 1 1 0 0 1 0 0 1 1 1 1 0 1 1 10 0 0 1 0 0 0 1 1 0 1 1 1 1 0 0 1 0 0 0 1 0 1 0 1 0 1 1 1 0 0 10 1 0 0 1 1 0 0 0 1 0 10 0 0 1 1 1 1 1 10 0 10 0 0 0 1 1 0 0 10 0 1 1 0 1 0 0 1 1 0 10 1 1
1 0 1 1 0 1 0 1 1 1 0 0 0 0 1 1 0 1 0 0 1 0 1 0 1 0 0 10 0 1 1 0 0 0 0 0 1 0 1 0 1 0 1 10 0 1 0 0 1 0 1 1 0 1 0 0 1 0 1 1 0 1 1 1 0 0 0 1 0 0 10 0 1 1 0 1 1 0 0 10 0 0 1 0 0 0 0 0 1 1 0 0 0 0 0 1 0 10 0 0 1 1 1 1 0 0 0 1 1 0 0 0 0 1 0 0 1 1 10 0
0 0 0 0 0 0 0 0 1 0 0 1 1 1 1 0 1 0 0 10 1 0 1 1 1 0 0 1 0 0 0 1 0 10 1 1 0 0 1 0 10 0 0 1 0 0 1 0 0 0 0 0 0 1 10 1 1 0 10 1 0 10 1 1 0 1 0 0 0 0 10 1 1 1 1 0 1 0 0 1 1 0 0 0 0 1 0 1 10 1 1 1 0 1 0 10 0 1 0 1 0 0 1 10 1 0 1 10 1 0 0 0 0 10 1 0 1 10 10 1
0 1 0 0 1 1 10 0 0 0 1 1 0 0 0 1 1 1 0 0 10 1 0 0 10 1 1 0 10 1 1 0 10 1 0 0 0 0 10 1 0 0 1 0 0 0 0 1 10 10 1 0 1 0 0 10 0 1 0 1 0 0 0 1 10 1 10 1 10 100 0 10 1 0 0 1 10 0 10 0 1 0 1 0 0 1 1 1 0 0 1 0 0 0 0 0 1 0 0 0 1 1 0 0 1 1 1 1 0 10 10 0 1 0 0 1 1 0 0 10
0 1 0 0 1 1 1 0 0 0 1 1 0 0 1 0 0 1 0 0 100 1 0 0 100 0 0 1 1 1 1 0 1 1 0 1 1 10 0 0 1 0 1 1 0 0 0 0 1 1 0 0 1 0 0 1 0 0 0 1 0 1 1 1 1 1 1 1 1 10 1 1 1 1 0 0 10 0 10 1 1 0 1 0 0 1 1 0 1 1 1 0 0 0 0 1 1 1 0 0 0 1 0 0 1 1 0 1 1 10 10 0 0 1 0 1 1 1 1 10
0 1 0 0 1 0 1 10 1 10 1 0 1 0 1 10 10 0 1 0 0 0 0 1 0 10 10 0 10 1 1 1 1 0 1 0 0 1 0 0 0 1 1 0 10 1 1 1 1 1 1 0 1 1 0 1 0 10 0 0 0 0 1 0 10 0 10 0 10 1 0 1 1 0 1 1 1 1 1 1 0 0 0 1 1 0 1 1 1 1 0 0 1 0 1 1 1 0 1 0 1 0 0 0 0 0 1 1 0 0 1 1 1 1 1 0 10 0 0 0
1 1 0 0 0 0 0 0 0 0 0 1 1 0 1 0 1 0 0 1 1 0 0 10 1 0 0 1 0 0 0 0 0 1 1 1 10 0 1 0 0 0 0 1 0 0 1 0 0 0 0 0 0 1 10 0 1 0 1 1 1 1 10 0 0 0 0 1 0 0 10 0 1 1 1 0 1 0 0 1 0 0 0 1 0 1 1 1 10 1 0 1 0 10 0 1 0 1 0 1 0 1 1 1 1 0 1 1 1 0 0 1 0 1 1 0 1 10 10 1
0 0 0 0 1 0 0 1 1 1 0 0 1 0 0 1 1 0 0 0 0 0 0 1 0 1 0 0 1 1 0 1 0 0 1 0 0 0 0 1 0 0 1 0 1 1 1 0 0 0 0 0 0 0 0 0 0 1 0 0 0 0 1 0 0 0 1 0 1 0 0 0 0 0 0 0 0 1 1 0 0 0 0 0 0 0 1 0 1 0 0 0 1 0 1 1 1 0 1 0 0 0 0 0 0 0 0 0 0 0 0 1 0 0 0 0 0 0 0 0
1 0 1 1 1 1 1 10 10 10 1 1 1 0 0 10 1 1 0 0 1 1 1 1 1 1 0 1 1 100 10 1 0 0 1 1 0 1 1 1 0 1 0 1 1 10 1 0 10 1 1 1 0 1 0 1 1 1 1 10 0 0 1 10 0 1 10 10 10 1 1 0 0 0 0 1 0 1 10 1 0 0 1 0 0 0 10 0 1 0 0 0 1 0 1 1 10 1 1 0 1 10 1 1 0 0 0 0 0 1 1 1 0 0 0 0 0 0 1 1
1 0 1 1 0 1 0 1 1 1 0 0 0 0 1 1 0 1 0 0 1 0 1 0 1 0 0 10 0 1 1 0 0 0 0 10 1 0 1 0 1 0 1 0 0 1 0 0 1 0 1 1 0 1 0 0 1 0 1 1 0 1 1 1 0 0 0 1 0 0 10 0 1 1 0 1 1 0 0 10 0 0 1 0 0 0 0 0 1 1 0 0 0 0 0 1 0 10 0 0 1 1 1 1 0 0 0 1 1 0 0 0 0 1 0 0 1 1 10 0
0 1 0 0 1 0 0 10 1 10 1 0 1 0 1 1 1 0 1 0 0 0 0 1 0 1 1 0 1 1 1 1 0 0 1 0 0 0 0 10 0 1 1 0 0 1 1 0 0 0 0 0 1 1 0 0 0 1 0 0 0 0 1 0 1 0 1 0 1 0 0 0 0 0 1 0 0 1 1 1 0 0 0 1 1 0 1 0 1 1 0 0 1 0 1 1 1 0 1 0 0 0 0 0 0 0 0 0 0 0 1 1 0 1 1 0 1 0 0 0
1 0 1 1 1 1 0 10 10 10 0 0 1 0 0 10 1 1 0 0 0 0 1 1 0 1 0 1 1 10 1 1 0 0 1 1 0 0 0 1 0 1 10 1 1 0 1 0 1 0 1 1 0 1 0 0 1 1 1 1 0 0 1 1 0 0 1 1 1 0 1 0 0 0 0 1 0 1 1 1 0 0 1 0 0 0 1 0 1 0 0 0 1 0 1 1 1 1 1 0 1 1 1 1 0 0 0 0 0 0 0 1 0 0 0 0 0 0 1 0
0 0 0 0 1 0 0 1 1 1 0 1 10 0 0 1 10 0 0 1 0 0 0 10 0 1 0 0 1 1 0 1 0 1 10 0 1 0 0 1 1 1 1 0 1 1 0 0 0 0 0 0 0 1 1 0 1 1 1 1 0 0 1 0 0 0 1 0 1 0 1 0 0 0 1 0 0 1 1 0 0 0 0 0 0 0 1 0 10 0 0 1 1 1 1 1 1 0 1 0 0 0 1 1 0 0 1 0 0 0 0 1 0 0 1 0 0 1 1 1
0 0 0 0 0 0 1 0 0 0 0 0 0 0 0 1 1 0 0 0 0 0 0 0 0 1 1 0 1 0 0 0 1 0 0 0 0 1 0 1 0 0 0 0 0 0 0 0 1 1 1 0 0 0 0 1 0 1 0 0 0 0 0 0 1 0 1 0 1 1 0 1 1 0 0 1 1 0 0 0 0 0 0 0 0 0 0 1 0 0 0 0 0 0 0 0 0 0 0 0 1 0 0 0 0 0 1 1 0 0 0 0 1 0 0 0 1 0 0 0
1 0 1 1 0 1 10 1 1 1 1 1 0 0 0 10 1 1 0 0 1 1 1 0 1 1 1 1 1 10 10 0 1 0 0 1 0 10 1 1 0 0 10 1 0 1 0 1 0 10 10 1 0 1 0 10 1 1 1 10 0 0 0 10 1 1 10 10 10 10 1 1 1 0 0 10 1 0 1 1 0 0 1 0 0 0 1 1 0 0 0 0 0 0 0 0 1 1 0 0 10 10 1 1 0 0 1 1 0 1 1 0 1 0 0 0 1 0 1 1
1 0 0 0 1 1 100 0 0 0 10 1 0 0 0 1 1 1 1 1 1 1 0 0 1 10 10 1 1 1 1 1 10 0 1 0 0 10 1 1 0 0 1 0 0 0 0 1 10 0 1 0 0 0 0 10 0 1 0 1 0 0 0 1 1 1 10 1 10 10 0 1 10 1 0 1 1 1 1 0 0 1 1 0 0 0 1 1 0 0 0 0 0 0 0 0 10 0 1 0 1 1 0 0 0 0 10 1 1 10 1 0 1 0 0 1 1 1 0 1
1 0 1 1 0 1 1 1 1 1 0 0 0 0 0 10 1 1 0 0 0 0 1 0 0 1 1 1 1 1 1 0 1 0 0 1 0 1 0 1 0 0 1 1 0 1 0 1 10 1 0 1 0 1 0 1 1 1 1 1 0 0 0 1 1 0 1 1 1 1 1 1 1 0 0 10 1 0 0 1 0 0 1 0 0 0 0 1 0 0 0 0 0 0 0 0 0 1 0 0 10 1 1 1 0 0 1 1 0 0 0 0 1 0 0 0 1 0 1 0
1 0 1 1 0 1 0 1 1 1 0 0 0 0 0 1 0 1 0 0 0 0 1 0 0 0 0 1 0 1 1 0 0 0 0 1 0 0 0 0 0 0 1 1 0 1 0 0 1 0 1 0 0 1 0 0 1 0 1 1 0 0 0 1 0 0 0 1 0 0 1 0 0 0 0 1 0 0 0 1 0 0 1 0 0 0 0 0 0 0 0 0 0 0 0 0 0 1 0 0 1 1 1 1 0 0 0 0 0 0 0 0 0 0 0 0 0 0 1 0
0 10 0 0 1 1 0 1 0 1 1 0 0 0 1 0 0 1 1 0 1 0 0 0 1 0 1 0 1 0 1 0 1 1 0 0 0 1 1 1 0 0 0 0 1 0 0 0 0 0 0 0 0 1 0 0 0 0 0 0 0 0 0 0 10 0 0 0 0 1 0 1 0 0 1 0 1 0 1 1 1 0 1 1 1 1 0 0 0 1 1 0 0 0 0 0 0 0 0 0 0 0 0 0 1 1 0 0 0 1 10 0 0 1 1 1 1 0 0 1
1 1 1 1 0 1 0 10 1 10 1 1 1 0 1 1 1 1 1 1 0 0 1 1 0 0 1 1 0 1 10 0 0 1 1 1 1 0 0 1 1 0 1 1 1 1 1 0 1 0 1 1 1 0 1 0 10 0 10 10 0 0 0 1 1 0 0 1 0 0 10 0 0 0 10 1 0 0 0 10 0 0 1 1 1 0 0 0 1 1 0 1 0 1 0 0 0 1 0 0 1 1 10 10 0 0 1 0 0 0 1 0 0 1 10 0 1 1 10 1
1 1 0 0 0 0 0 0 1 0 0 1 1 1 0 0 1 0 0 10 0 0 1 10 0 0 0 0 0 0 0 1 0 10 1 0 10 0 0 0 10 0 0 0 0 0 1 0 0 0 0 0 0 1 0 1 1 0 10 1 1 1 1 1 0 1 0 1 0 0 1 1 0 0 1 0 0 0 0 0 1 0 0 1 0 10 1 10 1 0 1 1 0 10 0 1 0 0 0 10 0 1 1 10 10 0 1 1 0 0 0 1 0 1 1 0 0 1 1 1
0 0 0 0 0 0 10 0 1 0 1 1 0 1 0 1 1 0 0 1 1 1 1 0 1 1 1 0 1 1 1 1 1 1 0 0 1 10 1 1 0 0 1 0 0 0 0 1 10 10 1 0 0 0 1 0 0 1 1 1 0 1 0 10 1 10 10 1 10 10 0 10 1 0 0 1 1 0 1 0 1 0 0 0 0 1 1 10 0 0 1 0 0 0 0 1 1 0 0 1 1 1 0 1 1 0 1 10 0 1 1 0 1 1 0 0 1 0 0 1
1 0 1 1 0 1 0 1 1 1 0 1 1 0 0 1 1 1 0 1 0 0 1 1 0 0 0 1 0 1 1 0 0 1 1 1 1 0 0 0 1 0 1 1 0 1 1 0 1 0 1 1 0 10 1 0 0 0 10 10 0 0 0 1 0 0 0 1 0 0 10 0 0 0 1 1 0 0 0 1 0 0 1 0 0 0 0 0 1 0 0 1 0 1 0 0 0 1 0 0 1 1 10 10 0 0 1 0 0 0 0 0 0 0 1 0 0 1 10 1
0 0 0 0 1 0 1 1 1 1 0 0 1 0 0 10 10 0 0 0 0 0 0 1 0 10 1 0 10 1 0 1 1 0 1 0 0 1 0 10 0 1 1 0 1 1 1 1 1 1 1 0 0 0 0 1 0 0 0 0 0 0 1 0 1 0 10 0 10 1 0 1 1 0 0 1 1 1 1 0 0 0 0 0 0 0 1 1 1 0 0 0 1 0 1 1 1 0 1 0 1 0 0 0 0 0 1 1 0 0 0 1 1 0 0 0 1 0 0 0
1 0 1 1 0 1 0 1 10 1 0 1 1 1 0 1 1 1 0 10 0 0 10 1 0 0 0 1 0 1 1 1 0 10 1 1 10 0 0 0 1 0 1 1 0 1 1 0 1 0 1 1 0 10 10 1 10 0 0 10 0 1 0 10 0 1 0 1 0 0 10 1 0 0 1 1 0 0 0 1 1 0 1 0 0 1 0 1 1 0 1 1 0 1 0 1 0 1 0 1 1 1 10 100 1 0 1 1 0 0 0 0 0 1 1 0 0 1 10 1
1 0 1 1 0 1 1 1 1 1 1 10 1 0 0 1 1 1 0 1 1 1 1 1 1 0 0 1 0 10 10 0 0 1 1 1 1 1 1 0 1 0 10 1 0 1 1 0 10 1 1 1 0 10 1 1 10 0 10 0 0 0 0 10 0 1 1 10 1 1 10 0 0 0 1 1 0 0 1 1 0 0 1 0 0 0 1 0 1 0 0 1 0 1 0 0 1 1 0 0 1 10 10 10 0 0 1 0 0 1 1 0 0 0 1 0 0 1 10 10
1 1 0 0 0 0 0 0 0 0 0 0 0 0 0 0 0 0 0 0 0 0 0 1 0 0 0 0 0 0 0 0 0 0 0 0 0 0 0 0 1 0 0 0 0 0 0 0 0 0 0 0 0 0 1 0 0 0 0 0 0 0 1 0 0 0 0 1 0 0 0 0 0 0 0 0 0 0 0 0 0 0 0 1 0 1 1 1 0 0 0 0 0 1 0 0 0 0 0 1 0 1 0 0 1 0 0 0 0 0 0 1 0 0 0 0 0 0 0 0
0 0 0 0 0 0 0 0 1 0 0 0 0 1 1 0 0 0 0 1 1 0 1 0 1 0 0 1 0 0 0 1 0 1 0 1 10 0 1 0 1 0 0 1 0 0 0 0 0 0 0 0 0 0 1 1 0 0 1 0 0 0 1 1 0 1 0 0 0 0 1 1 1 1 0 0 1 0 0 1 1 0 0 0 0 1 0 1 1 1 1 0 0 0 0 10 0 1 0 1 0 0 0 1 1 0 0 10 1 0 0 0 0 10 0 0 1 1 1 0
1 1 0 0 1 0 0 1 1 1 0 0 1 0 1 1 1 0 0 0 1 0 0 10 1 1 0 1 1 1 0 1 0 0 1 1 1 0 1 1 10 1 1 1 1 1 1 0 0 0 0 0 0 0 1 0 0 1 0 0 1 1 0 0 0 0 1 1 1 0 1 0 1 1 0 0 1 1 1 1 0 0 0 1 0 1 10 1 10 1 0 0 1 1 1 10 1 1 1 1 0 1 0 0 1 0 0 1 1 0 0 10 0 1 0 0 1 1 1 0
1 0 1 1 0 1 1 1 10 1 1 1 0 1 0 1 0 1 0 1 1 1 10 0 1 0 0 1 0 10 10 1 0 1 0 1 1 1 1 0 0 0 10 1 0 1 0 0 10 1 1 1 0 1 1 10 1 0 10 10 0 1 0 0 0 10 1 10 1 1 1 1 0 0 0 1 0 0 1 1 1 0 1 0 0 1 1 1 0 0 1 0 0 0 0 1 1 1 0 1 1 10 1 10 1 0 0 1 0 1 1 0 0 1 0 0 0 0 1 1
0 10 0 0 1 1 1 1 0 1 1 0 0 0 1 1 1 1 1 0 1 0 0 0 1 1 10 0 10 0 1 0 10 1 0 0 0 10 1 10 0 0 0 0 1 0 0 1 1 1 1 0 10 1 0 1 0 1 0 0 0 0 0 0 0 0 1 0 1 10 0 10 1 0 1 1 10 0 1 1 1 0 1 1 1 1 0 1 0 1 1 0 0 0 0 0 0 0 0 0 1 0 0 0 1 1 1 1 0 1 10 0 1 1 1 1 10 0 0 1
0 0 0 0 0 0 1 0 1 0 1 1 0 1 0 0 0 0 0 1 1 1 1 0 1 0 0 0 0 1 1 1 0 1 0 0 1 1 1 0 0 0 1 0 0 0 0 0 1 1 0 0 0 0 1 10 0 0 1 1 0 1 0 10 0 0 1 1 1 1 0 1 0 0 0 0 0 0 1 0 1 0 0 0 0 1 1 1 0 0 1 0 0 0 0 1 1 0 0 1 0 1 0 1 1 0 0 1 0 1 1 0 0 1 0 0 0 0 0 1
0 0 0 0 1 0 10 1 1 1 1 1 1 0 0 10 10 0 0 0 1 1 0 1 1 10 1 0 10 10 1 1 1 0 1 0 0 10 1 10 0 1 10 0 1 1 1 1 10 10 1 0 0 0 0 10 0 10 0 1 0 0 1 1 1 1 0 1 100 10 0 1 1 0 0 1 1 1 10 0 0 0 0 0 0 0 10 1 1 0 0 0 1 0 1 1 10 0 1 0 1 1 0 0 0 0 1 1 0 1 1 1 1 0 0 0 1 0 0 1
10 1 1 1 0 1 1 1 1 1 1 1 0 0 0 1 0 1 0 0 1 1 1 1 1 0 0 1 0 10 10 0 0 0 0 1 0 1 1 0 1 0 10 1 0 1 0 0 10 1 1 1 0 1 1 1 1 0 1 10 1 0 1 10 0 1 1 0 1 1 1 0 0 0 0 1 0 0 1 1 0 0 1 1 0 1 10 1 0 0 0 0 0 1 0 0 1 1 0 1 1 100 1 1 1 0 0 0 0 1 1 1 0 0 0 0 0 0 1 1
0 0 0 0 1 0 10 1 1 1 1 1 1 0 0 10 10 0 0 0 1 1 0 1 1 10 1 0 10 10 1 1 1 0 1 0 0 10 1 10 0 1 10 0 1 1 1 1 10 10 1 0 0 0 0 10 0 10 0 1 0 0 1 1 1 1 100 1 0 10 0 1 1 0 0 1 1 1 10 0 0 0 0 0 0 0 10 1 1 0 0 0 1 0 1 1 10 0 1 0 1 1 0 0 0 0 1 1 0 1 1 1 1 0 0 0 1 0 0 1
0 1 0 0 1 1 10 0 0 0 1 1 0 0 0 1 1 1 0 0 10 1 0 0 10 1 1 0 10 1 1 0 10 1 0 0 0 100 10 1 0 0 1 0 0 0 0 1 10 10 1 0 1 0 0 10 0 1 0 1 0 0 0 1 10 1 10 1 10 0 0 10 1 0 0 1 10 0 10 0 1 0 1 0 0 1 1 1 0 0 1 0 0 0 0 0 1 0 0 0 1 1 0 0 1 1 1 1 0 10 10 0 1 0 0 1 1 0 0 10
1 0 1 1 0 1 0 1 1 1 0 1 1 0 1 1 1 1 0 1 1 0 1 1 1 0 0 10 0 1 1 0 0 1 1 10 10 0 1 0 10 0 1 10 0 1 1 0 1 0 1 1 0 10 1 0 10 0 10 10 0 1 1 1 0 0 0 1 0 0 0 0 1 1 1 1 1 0 0 10 0 0 1 0 0 0 0 0 10 1 0 1 0 1 0 1 0 10 0 0 1 1 10 10 0 0 1 1 1 0 0 0 0 1 1 0 1 10 100 1
0 1 0 0 1 1 1 0 1 0 0 0 0 1 0 1 1 1 0 1 1 0 1 0 1 1 1 0 10 0 0 1 10 10 0 0 1 10 1 1 0 0 0 0 0 0 0 1 1 1 1 0 1 0 1 10 0 1 1 0 0 1 0 1 10 1 1 0 1 10 0 0 1 0 0 1 10 0 1 0 10 0 1 0 0 10 0 10 0 0 10 0 0 0 0 1 0 0 0 1 1 0 0 1 10 1 1 10 0 1 1 0 1 1 0 1 1 0 0 1
1 0 0 0 1 1 10 0 0 0 1 0 0 0 1 1 1 1 1 1 1 0 0 0 1 10 10 10 1 0 0 1 10 0 1 1 1 1 1 1 1 0 0 1 0 0 0 1 1 10 1 0 0 0 0 1 0 1 0 0 0 1 1 0 1 0 1 0 1 1 1 1 0 10 0 1 10 1 0 1 0 1 1 0 0 0 0 1 1 1 0 0 0 0 0 1 1 1 1 0 1 0 0 0 0 0 10 10 10 1 0 0 1 1 0 1 10 10 1 0
1 0 0 0 1 1 1 0 0 0 1 0 0 0 1 0 0 1 1 1 1 0 0 0 1 1 1 10 0 0 0 1 1 0 1 1 1 0 1 0 1 0 0 1 0 0 0 0 0 1 0 0 0 0 0 0 0 0 0 0 0 1 1 0 0 0 0 0 0 0 1 0 10 0 0 0 1 1 0 1 0 1 1 0 0 0 0 0 1 1 0 0 0 0 0 1 1 1 1 0 0 0 0 0 0 0 1 1 10 1 0 0 0 1 0 1 1 10 1 0
0 1 0 0 0 0 0 1 0 1 1 1 1 0 1 0 1 0 1 1 0 0 0 1 0 0 1 0 0 0 1 0 0 1 1 0 1 0 0 1 1 0 0 0 1 0 1 0 0 0 0 0 1 10 1 0 1 0 1 1 0 0 0 0 1 0 0 0 0 0 1 0 0 0 0 0 0 0 0 1 0 0 0 1 1 0 0 0 1 1 0 1 0 1 0 0 0 0 0 0 0 0 1 1 0 0 1 0 0 0 1 0 0 1 10 0 1 1 1 1
1 0 1 1 0 1 1 1 1 1 0 0 0 0 0 10 1 1 0 0 0 0 1 0 0 1 1 1 1 1 1 0 1 0 0 1 0 1 0 1 0 0 1 1 0 1 0 1 10 1 10 1 0 1 0 1 1 1 1 1 0 0 0 1 1 0 1 1 1 1 1 1 1 0 0 0 1 0 0 1 0 0 1 0 0 0 0 1 0 0 0 0 0 0 0 0 0 1 0 0 10 1 1 1 0 0 1 1 0 0 0 0 1 0 0 0 1 0 1 0
0 1 0 0 1 1 1 0 0 0 0 0 0 0 1 1 1 1 0 0 10 0 0 0 10 1 1 1 10 0 0 0 10 1 0 1 1 10 10 1 1 0 0 1 0 0 0 1 1 1 1 0 1 0 0 1 0 1 0 0 0 1 1 0 10 0 1 0 1 10 1 10 10 1 0 1 0 0 1 1 1 0 1 0 0 1 0 1 1 1 1 0 0 0 0 1 0 1 0 0 1 0 0 0 1 1 1 10 1 1 1 0 1 1 0 1 10 1 1 1
1 0 0 0 10 1 1 1 1 1 1 0 1 0 0 1 1 1 1 1 0 0 0 1 0 10 1 1 1 1 0 10 1 0 10 0 0 0 0 1 0 1 1 0 1 1 1 0 0 1 0 0 0 0 0 0 0 1 0 0 0 0 1 0 0 0 1 0 1 0 0 0 1 1 0 0 0 0 1 0 0 1 1 0 0 0 1 0 1 0 0 0 1 0 1 1 10 0 10 0 0 0 0 0 0 0 1 0 1 1 0 1 0 0 0 1 0 1 0 0
0 1 0 0 10 1 1 1 1 1 1 1 1 0 0 1 1 1 0 0 10 1 0 1 10 1 0 0 10 10 1 1 1 1 1 0 0 10 10 1 0 1 10 0 1 1 1 0 1 1 0 0 1 0 0 1 0 1 0 1 0 0 1 1 1 1 10 1 10 10 0 1 0 0 0 0 1 1 0 0 1 0 1 0 0 1 10 0 1 0 1 0 1 0 1 1 10 0 1 0 0 1 0 0 1 1 0 0 0 10 10 1 0 0 0 1 0 0 0 10
1 1 1 1 0 1 0 10 1 10 1 0 0 0 10 1 0 1 1 0 1 0 1 0 1 0 1 10 0 1 10 0 0 0 0 10 1 0 1 1 1 0 1 10 1 1 0 0 1 0 1 1 1 10 0 0 1 0 1 1 0 1 1 1 1 0 0 1 0 0 10 0 1 1 1 1 1 0 0 0 0 0 1 1 1 0 0 0 1 10 0 0 0 0 0 1 0 10 0 0 1 1 1 1 0 0 0 1 1 0 1 0 0 10 1 0 10 1 10 0
0 1 0 0 1 1 0 0 1 0 0 0 0 1 0 0 0 1 0 1 1 0 1 0 1 0 0 0 1 0 0 1 1 10 0 0 1 1 1 0 0 0 0 0 0 0 0 0 0 0 0 0 1 0 1 1 0 0 1 0 0 1 0 1 1 1 0 0 0 1 0 10 0 0 0 0 1 0 1 0 0 0 1 0 0 10 0 1 0 0 10 0 0 0 0 1 0 0 0 1 0 0 0 1 10 1 0 1 0 1 1 0 0 1 0 1 0 0 0 1
1 0 0 0 1 1 1 0 0 0 1 0 0 0 0 0 0 1 1 1 0 0 0 0 0 1 1 1 0 0 0 1 1 0 1 0 0 0 0 0 0 0 0 0 0 0 0 0 0 1 0 0 0 0 0 0 0 0 0 0 0 0 0 0 0 0 0 0 0 0 0 0 1 1 0 0 0 1 0 0 0 0 1 0 0 0 0 0 0 0 0 0 0 0 0 0 1 0 1 0 0 0 0 0 0 0 1 0 1 1 0 0 0 0 0 1 0 1 0 0
10 1 1 1 10 100 1 1 1 1 1 0 0 0 0 1 0 100 1 1 1 0 1 0 1 1 1 10 1 1 1 1 10 1 1 1 0 1 1 0 0 0 1 1 0 1 0 0 1 1 1 1 1 1 0 0 1 0 1 1 0 0 0 1 1 0 0 1 0 1 1 1 1 1 0 1 1 1 1 1 1 1 0 0 0 1 0 0 0 0 1 0 0 0 0 0 1 1 1 0 1 1 1 1 1 1 1 0 1 10 1 0 0 0 0 10 0 1 1 1
1 10 0 0 0 0 0 1 0 1 1 0 0 0 1 0 0 0 1 0 0 0 0 1 0 0 1 0 0 0 1 0 0 0 0 0 0 0 0 1 1 0 0 0 1 0 0 0 0 0 0 0 1 1 1 0 0 0 0 0 1 0 1 0 1 0 0 1 0 0 0 0 0 0 1 0 0 0 0 1 0 0 0 0 1 1 1 1 0 1 0 0 0 1 0 0 0 0 0 1 0 1 0 0 1 0 0 0 0 0 1 1 0 1 1 0 1 0 0 0
0 1 0 0 0 0 0 1 0 1 1 0 0 0 1 0 0 0 1 0 0 0 0 0 0 0 1 0 0 0 1 0 0 0 0 0 0 0 0 1 0 0 0 0 1 0 0 0 0 0 0 0 1 1 0 0 0 0 0 0 0 0 0 0 1 0 0 0 0 0 0 0 0 0 1 0 0 0 0 1 0 0 0 1 0 0 0 0 0 1 0 0 0 0 0 0 0 0 0 0 0 0 0 0 0 0 0 0 0 0 1 0 0 1 1 0 1 0 0 0
1 10 0 0 1 1 0 0 1 0 0 0 0 1 0 0 0 1 0 1 1 0 1 1 1 0 0 0 1 0 0 1 1 10 0 0 1 1 1 0 1 0 0 0 0 0 0 0 0 0 0 0 1 0 10 1 0 0 1 0 1 1 1 1 1 1 0 1 0 1 0 10 0 0 0 0 1 0 1 0 10 0 1 1 0 0 1 10 0 0 10 0 0 1 0 1 0 0 0 10 0 1 0 1 100 1 0 1 0 1 1 1 0 1 0 1 0 0 0 1
1 1 0 0 1 0 1 1 1 1 1 1 1 0 0 1 1 0 0 0 1 1 0 10 1 1 0 0 1 10 1 1 0 0 1 0 0 1 1 1 1 1 10 0 1 1 1 0 1 1 0 0 0 0 1 1 0 1 0 1 1 0 10 1 0 1 10 10 10 1 0 0 0 0 0 0 0 1 10 0 0 0 0 1 0 1 0 1 1 0 0 0 1 1 1 1 10 0 1 1 0 10 0 0 1 0 0 0 0 1 1 10 0 0 0 0 0 0 0 1
1 1 0 0 0 0 1 0 1 0 0 0 0 1 0 1 1 0 0 1 0 0 1 1 0 1 1 0 1 0 0 1 1 1 0 0 1 1 0 1 1 0 0 0 0 0 0 1 1 1 1 0 0 0 10 10 0 1 1 0 1 1 1 1 1 1 1 1 1 1 0 10 1 0 0 1 1 0 0 0 1 0 0 1 0 10 1 0 0 0 1 0 0 1 0 1 0 0 0 10 1 1 0 1 10 0 1 10 0 0 0 1 1 1 0 0 1 0 0 0
0 0 0 0 1 0 0 1 1 1 0 1 10 0 1 1 10 0 0 1 1 0 0 10 1 1 0 1 1 1 0 1 0 1 10 1 10 0 1 1 10 1 1 1 1 1 10 0 0 0 0 0 0 1 1 0 1 1 1 1 0 1 10 0 0 0 1 0 1 0 10 0 1 1 1 0 1 1 1 1 0 0 0 0 0 0 1 0 0 1 0 1 1 1 1 10 1 1 1 0 0 0 1 1 0 0 1 1 1 0 0 1 0 1 1 0 1 10 10 1
0 1 0 0 0 0 0 1 0 1 1 0 0 0 10 0 0 0 1 0 1 0 0 0 1 0 1 1 0 0 1 0 0 0 0 1 1 0 1 1 1 0 0 1 1 0 0 0 0 0 0 0 1 1 0 0 0 0 0 0 0 1 1 0 1 0 0 0 0 0 1 0 1 1 1 0 1 0 0 10 0 0 0 1 1 0 0 0 1 0 0 0 0 0 0 1 0 1 0 0 0 0 0 0 0 0 0 1 1 0 1 0 0 10 1 0 10 1 1 0
0 1 0 0 1 1 0 0 1 0 0 0 0 1 0 0 0 1 0 1 1 0 1 0 1 0 0 0 1 0 0 1 1 10 0 0 1 1 1 0 0 0 0 0 0 0 0 0 0 0 0 0 1 0 1 1 0 0 1 0 0 1 0 1 1 1 0 0 0 1 0 10 0 0 0 0 1 0 1 0 10 0 1 0 0 10 0 1 0 0 0 0 0 0 0 1 0 0 0 1 0 0 0 1 10 1 0 1 0 1 1 0 0 1 0 1 0 0 0 1
0 0 0 0 0 0 0 0 0 0 0 1 1 0 0 0 1 0 0 1 0 0 0 1 0 0 0 0 0 0 0 0 0 1 1 0 1 0 0 0 1 0 0 0 0 0 1 0 0 0 0 0 0 1 1 0 1 0 1 1 0 0 0 0 0 0 0 0 0 0 1 0 0 0 1 0 0 0 0 0 0 0 0 0 0 0 0 0 1 0 0 0 0 1 0 0 0 0 0 0 0 0 1 1 0 0 1 0 0 0 0 0 0 0 1 0 0 1 1 1
0 0 0 0 1 0 0 1 1 1 0 0 1 0 0 1 1 0 0 0 0 0 0 1 0 1 0 0 1 1 0 1 0 0 1 0 0 0 0 1 0 1 1 0 1 1 1 0 0 0 0 0 0 0 0 0 0 1 0 0 0 0 1 0 0 0 1 0 1 0 0 0 0 0 0 0 0 1 1 0 0 0 0 0 0 0 1 0 1 0 0 0 0 0 1 1 1 0 1 0 0 0 0 0 0 0 0 0 0 0 0 1 0 0 0 0 0 0 0 0
1 1 0 0 0 0 0 0 0 0 0 1 1 0 0 0 1 0 0 1 0 0 0 10 0 0 0 0 0 0 0 0 0 1 1 0 1 0 0 0 10 0 0 0 0 0 1 0 0 0 0 0 0 1 10 0 1 0 1 1 1 0 1 0 0 0 0 1 0 0 1 0 0 0 1 0 0 0 0 0 0 0 0 1 0 1 1 1 1 0 0 1 0 0 0 0 0 0 0 1 0 1 1 1 1 0 1 0 0 0 0 1 0 0 1 0 0 1 1 1
0 0 0 0 1 0 0 1 1 1 0 0 1 0 0 1 1 0 0 0 0 0 0 1 0 1 0 0 1 1 0 1 0 0 1 0 0 0 0 1 0 1 1 0 1 1 1 0 0 0 0 0 0 0 0 0 0 1 0 0 0 0 1 0 0 0 1 0 1 0 0 0 0 0 0 0 0 1 1 0 0 0 0 0 0 0 1 0 1 0 0 0 1 0 0 1 1 0 1 0 0 0 0 0 0 0 0 0 0 0 0 1 0 0 0 0 0 0 0 0
0 0 0 0 1 0 0 1 10 1 0 0 1 1 1 1 1 0 0 1 1 0 1 1 1 1 0 1 1 1 0 10 0 1 1 1 10 0 1 1 1 1 1 1 1 1 1 0 0 0 0 0 0 0 1 1 0 1 1 0 0 10 10 1 0 1 1 0 1 0 1 1 1 1 0 0 1 1 1 1 1 0 0 0 0 1 1 1 10 1 1 0 1 0 1 0 1 1 1 1 0 0 0 1 1 0 0 10 1 0 0 1 0 10 0 0 1 1 1 0
1 0 0 0 10 1 10 1 1 1 10 1 1 0 0 1 1 1 1 1 1 1 0 1 1 10 1 1 1 10 1 10 1 0 10 0 0 1 1 1 0 1 10 0 1 1 1 0 1 10 0 0 0 0 0 1 0 1 0 1 0 0 1 1 0 1 10 1 10 1 0 0 1 1 0 0 0 10 10 0 0 1 1 0 0 0 10 0 1 0 0 0 1 0 1 1 0 0 10 0 0 1 0 0 0 0 1 0 1 10 1 1 0 0 0 1 0 1 0 1
1 0 1 1 0 1 0 1 1 1 0 0 0 0 1 1 0 1 0 0 1 0 1 0 1 0 0 10 0 1 1 0 0 0 0 10 1 0 1 0 1 0 1 10 0 1 0 0 1 0 1 1 0 1 0 0 1 0 1 1 0 1 1 1 0 0 0 1 0 0 10 0 1 1 0 1 1 0 0 10 0 0 1 0 0 0 0 0 1 1 0 0 0 0 0 1 0 0 0 0 1 1 1 1 0 0 0 1 1 0 0 0 0 1 0 0 1 1 10 0
1 0 0 0 10 1 1 1 1 1 1 0 1 0 0 1 1 1 1 1 0 0 0 1 0 10 1 1 1 1 0 10 1 0 10 0 0 0 0 1 0 1 1 0 1 1 1 0 0 1 0 0 0 0 0 0 0 1 0 0 0 0 1 0 0 0 1 0 1 0 0 0 1 1 0 0 0 10 1 0 0 1 1 0 0 0 1 0 1 0 0 0 1 0 1 1 10 0 0 0 0 0 0 0 0 0 1 0 1 1 0 1 0 0 0 1 0 1 0 0
1 1 0 0 0 0 0 0 1 0 0 0 0 1 0 0 0 0 0 1 0 0 1 1 0 0 0 0 0 0 0 1 0 1 0 0 1 0 0 0 1 0 0 0 0 0 0 0 0 0 0 0 0 0 10 1 0 0 1 0 1 1 1 1 0 1 0 1 0 0 0 1 0 0 0 0 0 0 0 0 1 0 0 1 0 10 1 10 0 0 1 0 0 1 0 1 0 0 0 0 0 1 0 1 10 0 0 1 0 0 0 1 0 1 0 0 0 0 0 0
1 0 1 1 0 1 1 1 1 1 0 0 0 0 0 10 1 1 0 0 0 0 1 0 0 1 1 1 1 1 1 0 1 0 0 1 0 1 0 1 0 0 1 1 0 1 0 1 10 1 10 1 0 1 0 1 1 1 1 1 0 0 0 1 1 0 1 1 1 1 1 1 1 0 0 10 1 0 0 1 0 0 1 0 0 0 0 1 0 0 0 0 0 0 0 0 0 1 0 0 0 1 1 1 0 0 1 1 0 0 0 0 1 0 0 0 1 0 1 0
10 1 1 1 0 1 1 1 1 1 1 1 0 0 0 1 0 1 0 0 1 1 1 1 1 0 0 1 0 10 10 0 0 0 0 1 0 1 1 0 1 0 10 1 0 1 0 0 10 1 1 1 0 1 1 1 1 0 1 10 1 0 1 10 0 1 1 100 1 1 1 0 0 0 0 1 0 0 1 1 0 0 1 1 0 1 10 1 0 0 0 0 0 1 0 0 1 1 0 1 1 0 1 1 1 0 0 0 0 1 1 1 0 0 0 0 0 0 1 1
1 0 1 1 0 1 0 1 1 1 0 1 1 0 0 1 1 1 0 1 0 0 1 1 0 0 0 1 0 1 1 0 0 1 1 1 1 0 0 0 1 0 1 1 0 1 1 0 1 0 1 1 0 10 1 0 10 0 10 10 0 0 0 1 0 0 0 1 0 0 10 0 0 0 1 1 0 0 0 1 0 0 1 0 0 0 0 0 1 0 0 1 0 1 0 0 0 1 0 0 1 1 0 10 0 0 1 0 0 0 0 0 0 0 1 0 0 1 10 1
1 0 1 1 0 1 0 1 10 1 0 1 1 1 0 1 1 1 0 10 0 0 10 1 0 0 0 1 0 1 1 1 0 10 1 1 10 0 0 0 1 0 1 1 0 1 1 0 1 0 1 1 0 10 10 1 10 0 100 10 0 1 0 10 0 1 0 1 0 0 10 1 0 0 1 1 0 0 0 1 1 0 1 0 0 1 0 1 1 0 1 1 0 1 0 1 0 1 0 1 1 1 10 0 1 0 1 1 0 0 0 0 0 1 1 0 0 1 10 1
1 10 0 0 1 1 0 0 1 0 0 0 0 1 0 0 0 1 0 1 1 0 1 1 1 0 0 0 1 0 0 1 1 10 0 0 1 1 1 0 1 0 0 0 0 0 0 0 0 0 0 0 1 0 10 1 0 0 1 0 1 1 1 1 1 1 0 1 0 1 0 10 0 0 0 0 1 0 1 0 10 0 1 1 0 100 1 10 0 0 10 0 0 1 0 1 0 0 0 10 0 1 0 1 0 1 0 1 0 1 1 1 0 1 0 1 0 0 0 1
0 1 0 0 1 1 0 0 0 0 0 0 0 0 0 0 0 1 0 0 1 0 0 0 1 0 0 0 1 0 0 0 1 1 0 0 0 1 1 0 0 0 0 0 0 0 0 0 0 0 0 0 1 0 0 0 0 0 0 0 0 0 0 0 1 0 0 0 0 1 0 1 0 0 0 0 1 0 1 0 1 0 1 0 0 1 0 0 0 0 1 0 0 0 0 0 0 0 0 0 0 0 0 0 1 0 0 0 0 1 1 0 0 0 0 1 0 0 0 1
1 0 0 0 1 1 10 0 0 0 1 1 1 0 0 1 10 1 1 10 0 0 0 1 0 10 10 1 1 0 0 1 10 1 10 0 1 1 0 1 1 0 0 0 0 0 1 1 1 10 1 0 0 1 1 1 1 1 1 1 0 0 0 0 1 0 1 0 1 1 1 1 10 1 1 1 1 1 0 0 0 1 1 0 0 0 0 1 1 0 0 1 0 1 0 0 1 0 1 0 1 0 1 1 0 0 0 1 1 1 0 0 1 0 1 1 1 10 1 1
0 0 0 0 0 0 1 0 1 0 0 0 0 1 1 1 1 0 0 1 1 0 1 0 1 1 1 1 1 0 0 1 1 1 0 1 10 1 1 1 1 0 0 1 0 0 0 1 1 1 1 0 0 0 1 10 0 1 1 0 0 10 1 1 1 1 1 0 1 1 1 10 10 1 0 1 10 0 0 1 1 0 0 0 0 1 0 10 1 1 1 0 0 0 0 10 0 1 0 1 1 0 0 1 1 0 1 0 1 0 0 0 1 10 0 0 10 1 1 0
1 0 0 0 1 1 1 0 0 0 1 0 0 0 1 0 0 1 1 1 1 0 0 0 1 1 1 10 0 0 0 1 1 0 1 1 1 0 1 0 1 0 0 1 0 0 0 0 0 1 0 0 0 0 0 0 0 0 0 0 0 1 1 0 0 0 0 0 0 0 1 0 10 10 0 0 1 1 0 1 0 1 1 0 0 0 0 0 1 1 0 0 0 0 0 1 1 1 1 0 0 0 0 0 0 0 1 1 0 1 0 0 0 1 0 1 1 10 1 0
1 1 0 0 10 10 10 0 0 0 10 1 0 0 0 0 0 10 1 1 10 1 0 0 10 1 1 1 1 1 1 1 10 1 1 0 0 10 10 0 0 0 1 0 0 0 0 0 1 10 0 0 1 0 0 1 0 0 0 1 0 0 0 1 1 1 1 1 1 10 0 1 1 1 0 0 1 1 10 0 1 1 10 0 0 1 1 0 0 0 1 0 0 0 0 0 10 0 1 0 0 1 0 0 1 1 1 0 1 0 10 0 0 0 0 10 0 1 0 10
0 10 0 0 1 1 1 1 0 1 10 1 0 0 1 0 0 1 1 0 10 1 0 0 10 0 1 0 1 1 10 0 1 1 0 0 0 10 10 1 0 0 1 0 1 0 0 0 1 1 0 0 10 1 0 1 0 0 0 1 0 0 0 1 10 1 1 1 1 10 0 1 0 0 1 0 1 0 10 1 1 0 1 1 1 1 1 0 0 1 1 0 0 0 0 0 1 0 0 0 0 1 0 0 1 1 0 0 0 10 0 0 0 1 1 1 1 0 0 10
1 1 0 0 1 0 0 1 1 1 0 0 1 0 0 1 1 0 0 0 0 0 0 10 0 1 0 0 1 1 0 1 0 0 1 0 0 0 0 1 1 1 1 0 1 1 1 0 0 0 0 0 0 0 1 0 0 1 0 0 1 0 10 0 0 0 1 1 1 0 0 0 0 0 0 0 0 1 1 0 0 0 0 1 0 1 10 1 1 0 0 0 1 1 1 1 1 0 1 1 0 1 0 0 1 0 0 0 0 0 0 0 0 0 0 0 0 0 0 0
0 0 0 0 0 0 1 0 0 0 0 0 0 0 0 1 1 0 0 0 0 0 0 0 0 1 1 0 1 0 0 0 1 0 0 0 0 1 0 1 0 0 0 0 0 0 0 1 1 1 1 0 0 0 0 1 0 1 0 0 0 0 0 0 1 0 1 0 1 1 0 1 1 0 0 1 1 0 0 0 0 0 0 0 0 0 0 1 0 0 0 0 0 0 0 0 0 0 0 0 1 0 0 0 0 0 1 1 0 0 0 0 0 0 0 0 1 0 0 0
0 1 0 0 0 0 0 1 1 1 1 0 0 1 10 0 0 0 1 1 1 0 1 0 1 0 1 1 0 0 1 1 0 1 0 1 10 0 1 1 1 0 0 1 1 0 0 0 0 0 0 0 1 1 1 1 0 0 1 0 0 10 1 1 1 1 0 0 0 0 1 1 1 1 1 0 1 0 0 10 1 0 0 1 1 1 0 1 1 10 1 0 0 0 0 10 0 1 0 1 0 0 0 1 1 0 0 10 1 0 1 0 0 0 1 0 10 1 1 0
0 1 0 0 0 0 0 1 0 1 1 1 1 0 1 0 1 0 1 1 0 0 0 1 0 0 1 0 0 0 1 0 0 1 1 0 1 0 0 1 1 0 0 0 1 0 1 0 0 0 0 0 1 10 1 0 1 0 1 1 0 0 0 0 1 0 0 0 0 0 1 0 0 0 10 0 0 0 0 1 0 0 0 1 1 0 0 0 1 1 0 1 0 1 0 0 0 0 0 0 0 0 1 1 0 0 1 0 0 0 1 0 0 1 0 0 1 1 1 1
1 1 0 0 10 10 1 0 0 0 1 0 0 0 0 0 0 10 1 1 1 0 0 0 1 1 1 1 1 0 0 1 10 1 1 0 0 1 1 0 0 0 0 0 0 0 0 0 0 1 0 0 1 0 0 0 0 0 0 0 0 0 0 0 1 0 0 0 0 1 0 1 1 1 0 0 1 1 1 0 1 1 10 0 0 1 0 0 0 0 1 0 0 0 0 0 1 0 1 0 0 0 0 0 1 1 1 0 1 10 1 0 0 0 0 0 0 1 0 1
0 1 0 0 0 0 1 1 0 1 1 0 0 0 10 1 1 0 1 0 1 0 0 0 1 1 10 1 1 0 1 0 1 0 0 1 1 1 1 10 1 0 0 1 1 0 0 1 1 1 1 0 1 1 0 1 0 1 0 0 0 1 1 0 10 0 1 0 1 1 1 1 10 1 1 1 10 0 0 10 0 0 0 1 1 0 0 1 1 10 0 0 0 0 0 1 0 1 0 0 1 0 0 0 0 0 1 10 1 0 1 0 1 10 1 0 0 1 1 0
1 0 0 0 1 1 1 0 0 0 1 1 1 0 1 0 1 1 1 10 1 0 0 1 1 1 1 10 0 0 0 1 1 1 10 1 10 0 1 0 10 0 0 1 0 0 1 0 0 1 0 0 0 1 1 0 1 0 1 1 0 1 1 0 0 0 0 0 0 0 10 0 10 10 1 0 1 1 0 1 0 1 1 0 0 0 0 0 10 1 0 1 0 1 0 1 1 1 1 0 0 0 1 1 0 0 10 1 10 1 0 0 0 1 1 1 1 0 10 1
1 0 1 1 0 1 0 1 1 1 0 1 1 0 1 1 1 1 0 1 1 0 1 1 1 0 0 10 0 1 1 0 0 1 1 10 10 0 1 0 10 0 1 10 0 1 1 0 1 0 1 1 0 10 1 0 10 0 10 10 0 1 1 1 0 0 0 1 0 0 100 0 1 1 1 1 1 0 0 10 0 0 1 0 0 0 0 0 10 1 0 1 0 1 0 1 0 10 0 0 1 1 10 10 0 0 1 1 1 0 0 0 0 1 1 0 1 10 0 1
0 1 0 0 1 1 1 0 0 0 1 10 1 0 0 0 1 1 0 1 10 1 0 1 10 0 0 0 1 1 1 0 1 10 1 0 1 10 10 0 1 0 1 0 0 0 1 0 1 1 0 0 1 1 1 1 1 0 1 10 0 0 0 1 1 1 1 1 1 10 1 1 0 0 1 0 1 0 10 0 1 0 1 0 0 1 1 0 1 0 1 1 0 1 0 0 1 0 0 0 0 1 1 1 1 1 1 0 0 10 10 0 0 0 1 1 0 1 1 0
4
3 3 3
4 13 3
5 1 3
6 9 3
5
4 4 
1 3
2 3
3 5
4 3
2 4 
1 4
1 4
2 6
2 6
3 7 
1 4
1 4
2 6
2 6
2 6
3 4
3 4
2 3 
1 4
1 4
2 6
1 8 
1 4
1 4
1 6
1 4
1 4
1 4
1 6
1 6
120 11
3 1 4 6
3 1 2 8
1 6
1 6
3 2 4 9
3 2 4 6
3 4 5 7
3 6 8 9
3 3 6 9
3 6 8 9
3 4 7 8
2 10 7
2 10 9
1 3
2 0 8
3 5 6 9
3 10 5 9
3 2 4 6
2 4 8
3 10 3 4
3 0 2 7
1 7
2 3 6
3 1 10 9
3 0 2 7
3 4 5 9
3 4 5 8
3 0 4 6
3 2 5 9
3 6 7 9
3 6 7 8
3 3 4 9
3 2 4 5
3 10 2 3
3 10 4 9
2 0 6
3 0 10 3
3 2 5 7
3 0 2 7
3 5 8 9
3 0 1 10
1 9
3 6 7 9
2 0 6
2 8 9
2 6 9
2 10 9
1 5
3 5 6 7
3 4 5 7
2 5 6
1 6
2 2 8
3 10 6 8
3 1 10 3
3 3 5 7
2 10 6
2 5 9
3 10 3 6
3 10 6 7
1 1
2 0 3
3 0 1 9
3 3 6 7
3 2 5 8
2 3 7
3 5 7 9
3 1 6 7
3 5 7 9
3 2 5 7
3 0 10 6
3 2 3 5
3 0 4 5
2 0 4
2 10 8
2 5 6
3 0 2 5
2 4 9
3 2 7 9
3 0 6 8
2 2 3
1 4
3 2 4 6
2 1 8
1 8
3 1 2 3
3 1 7 9
3 1 3 5
3 0 10 9
2 0 8
2 2 3
1 10
1 9
2 1 10
1 9
3 0 3 9
3 4 7 9
2 0 6
2 4 9
2 1 3
2 5 6
3 1 6 7
2 10 6
3 10 3 6
3 1 2 3
1 2
3 10 4 5
3 0 3 5
2 0 4
3 2 4 7
3 2 7 8
2 1 9
1 5
3 0 3 8
2 10 8
2 2 4
3 0 5 8
3 0 10 4
3 0 10 6
3 10 2 7
120 359
4 164 258 314 321
4 132 160 267 323
4 119 256 75 98
4 163 185 278 72
3 291 315 99
4 238 251 268 314
2 310 80
3 118 248 34
4 168 174 263 266
4 146 287 300 43
2 101 280
3 249 300 36
4 103 106 307 73
2 275 293
3 292 320 41
5 100 108 139 201 296
3 125 254 281
2 149 253
4 170 223 290 5
2 180 305
8 111 128 226 228 237 294 304 57
4 165 188 276 323
3 221 270 54
6 224 267 272 288 37 82
2 297 90
3 144 203 291
4 135 178 23 296
5 102 126 19 276 285
5 115 152 204 289 66
2 157 30
8 162 183 260 294 322 323 33 78
2 322 70
6 227 242 259 301 305 323
4 315 319 63 9
3 205 213 58
3 123 262 308
6 127 172 192 265 303 321
4 191 271 274 88
8 105 166 179 255 265 291 293 298
4 273 310 4 87
6 121 133 161 289 313 44
4 247 282 289 290
4 285 318 38 40
5 129 14 194 232 266
4 143 171 251 317
4 153 173 202 94
2 277 29
5 216 264 281 322 67
3 225 249 318
2 312 318
2 154 3
4 206 255 258 269
1 81
5 136 212 254 278 299
8 104 169 17 181 22 301 316 77
3 142 175 92
2 187 69
7 195 200 257 299 301 312 322
4 182 199 298 31
4 16 270 310 6
4 193 299 317 74
4 113 220 294 79
4 114 269 304 313
5 184 236 253 317 42
2 147 189
5 231 261 268 279 47
6 207 235 28 296 297 71
8 12 155 159 245 273 320 83 95
3 151 271 309
4 211 284 300 68
8 177 250 277 295 319 45 59 76
4 122 261 308 97
4 186 197 317 46
4 116 246 320 85
3 117 323 7
6 120 138 21 230 257 292
7 158 241 286 309 315 318 64
4 26 280 288 303
3 306 321 55
5 20 222 284 314 60
3 218 323 86
2 306 307
3 0 311 39
3 130 311 91
4 150 196 233 93
3 286 297 321
4 140 208 209 61
5 243 293 295 319 56
8 110 131 137 145 219 244 283 52
6 25 250 256 272 298 316
4 229 252 50 84
3 167 2 274
2 306 51
8 11 141 176 18 215 24 252 305
3 217 234 260
3 112 304 309
8 10 134 264 279 295 312 48 49
4 156 214 240 65
2 27 322
6 107 13 15 210 312 323
4 262 311 32 62
2 319 53
4 198 283 302 314
4 109 239 287 313
3 1 124 259
3 313 316 320
3 148 292 308
5 263 275 302 8 89
6 190 290 307 316 35 96
4 282 303 315 321
5 302 324 325 326 327
4 328 329 330 331
4 332 333 334 335
6 336 337 338 339 340 341
5 342 343 344 345 346
4 347 348 349 350
2 351 352
2 353 354
2 355 356
2 357 358
