43
0 1 1 1 1 10 1 0 1 1 1 10 1 0 1 1 1 1 10 1 1 1 10 1 10 10 10 10 1 1 10 10 10 10 0 0 100 0 10 0 1 1 10
1 0 1 1 0 0 0 1 0 1 0 1 0 1 1 1 1 0 1 10 1 1 1 1 10 0 0 1 1 1 1 1 0 10 0 1 1 0 0 1 1 0 1
1 1 0 100 1 1 1 1 10 10 10 1 1 10 10 100 1 1 1 1 10 100 10 10 10 10 10 10 1 100 1 0 10 1 1 1 1 1 10 10 100 1 1
1 1 100 0 1 1 1 1 10 10 10 1 1 10 10 100 1 1 1 1 10 100 10 10 10 10 10 10 1 100 1 0 10 1 1 1 1 1 10 10 100 1 1
1 0 1 1 0 1 1 0 1 0 1 1 0 0 0 1 0 1 1 0 0 1 1 0 1 1 1 1 0 1 1 0 1 0 0 0 1 0 1 0 1 0 0
10 0 1 1 1 0 1 0 1 1 1 1 1 0 1 1 0 1 1 0 1 1 1 1 1 10 10 1 1 1 1 1 10 1 0 0 10 0 10 0 1 1 1
1 0 1 1 1 1 0 0 1 0 1 1 0 0 0 1 0 1 1 0 0 1 1 0 1 1 1 1 0 1 1 0 1 0 0 0 1 0 1 0 1 0 0
0 1 1 1 0 0 0 0 0 1 0 0 0 1 1 1 0 0 0 1 1 1 0 1 1 0 0 0 1 1 0 0 0 1 0 1 0 0 0 1 1 0 0
1 0 10 10 1 1 1 0 0 1 10 1 1 1 1 10 1 1 1 0 1 10 10 1 1 10 10 10 0 10 1 0 10 0 1 0 1 1 10 1 10 1 1
1 1 10 10 0 1 0 1 1 0 1 0 10 10 100 10 1 0 0 1 100 10 1 100 1 10 10 1 10 10 0 1 10 10 1 1 1 1 10 10 10 10 10
1 0 10 10 1 1 1 0 10 1 0 1 1 1 1 10 1 1 1 0 1 10 10 1 1 10 10 10 0 10 1 0 10 0 1 0 1 1 10 1 10 1 1
10 1 1 1 1 1 1 0 1 0 1 0 0 0 0 1 1 1 10 1 0 1 10 0 10 1 1 10 0 1 10 1 1 1 0 0 10 0 1 0 1 0 1
1 0 1 1 0 1 0 0 1 10 1 0 0 1 10 1 1 0 0 0 10 1 1 10 0 10 10 1 1 1 0 1 10 1 1 0 1 1 10 1 1 10 10
0 1 10 10 0 0 0 1 1 10 1 0 1 0 10 10 1 0 0 1 10 10 1 10 1 1 1 1 1 10 0 0 1 1 1 1 0 1 1 10 10 1 1
1 1 10 10 0 1 0 1 1 100 1 0 10 10 0 10 1 0 0 1 100 10 1 100 1 10 10 1 10 10 0 1 10 10 1 1 1 1 10 10 10 10 10
1 1 100 100 1 1 1 1 10 10 10 1 1 10 10 0 1 1 1 1 10 100 10 10 10 10 10 10 1 100 1 0 10 1 1 1 1 1 10 10 100 1 1
1 1 1 1 0 0 0 0 1 1 1 1 1 1 1 1 0 0 1 1 1 1 10 1 1 1 1 10 0 1 1 1 1 1 1 0 1 1 1 1 1 1 10
1 0 1 1 1 1 1 0 1 0 1 1 0 0 0 1 0 0 1 0 0 1 1 0 1 1 1 1 0 1 1 0 1 0 0 0 1 0 1 0 1 0 0
10 1 1 1 1 1 1 0 1 0 1 10 0 0 0 1 1 1 0 1 0 1 10 0 10 1 1 10 0 1 10 1 1 1 0 0 10 0 1 0 1 0 1
1 10 1 1 0 0 0 1 0 1 0 1 0 1 1 1 1 0 1 0 1 1 1 1 10 0 0 1 1 1 1 1 0 10 0 1 1 0 0 1 1 0 1
1 1 10 10 0 1 0 1 1 100 1 0 10 10 100 10 1 0 0 1 0 10 1 100 1 10 10 1 10 10 0 1 10 10 1 1 1 1 10 10 10 10 10
1 1 100 100 1 1 1 1 10 10 10 1 1 10 10 100 1 1 1 1 10 0 10 10 10 10 10 10 1 100 1 0 10 1 1 1 1 1 10 10 100 1 1
10 1 10 10 1 1 1 0 10 1 10 10 1 1 1 10 10 1 10 1 1 10 0 1 10 10 10 100 0 10 10 1 10 1 1 0 10 1 10 1 10 1 10
1 1 10 10 0 1 0 1 1 100 1 0 10 10 100 10 1 0 0 1 100 10 1 0 1 10 10 1 10 10 0 1 10 10 1 1 1 1 10 10 10 10 10
10 10 10 10 1 1 1 1 1 1 1 10 0 1 1 10 1 1 10 10 1 10 10 1 0 1 1 10 1 10 10 1 1 10 0 1 10 0 1 1 10 0 1
10 0 10 10 1 10 1 0 10 10 10 1 10 1 10 10 1 1 1 0 10 10 10 10 1 0 100 10 1 10 1 1 100 1 1 0 10 1 100 1 10 10 10
10 0 10 10 1 10 1 0 10 10 10 1 10 1 10 10 1 1 1 0 10 10 10 10 1 100 0 10 1 10 1 1 100 1 1 0 10 1 100 1 10 10 10
10 1 10 10 1 1 1 0 10 1 10 10 1 1 1 10 10 1 10 1 1 10 100 1 10 10 10 0 0 10 10 1 10 1 1 0 10 1 10 1 10 1 10
1 1 1 1 0 1 0 1 0 10 0 0 1 1 10 1 0 0 0 1 10 1 0 10 1 1 1 0 0 1 0 1 1 10 0 1 1 0 1 1 1 1 1
1 1 100 100 1 1 1 1 10 10 10 1 1 10 10 100 1 1 1 1 10 100 10 10 10 10 10 10 1 0 1 0 10 1 1 1 1 1 10 10 100 1 1
10 1 1 1 1 1 1 0 1 0 1 10 0 0 0 1 1 1 10 1 0 1 10 0 10 1 1 10 0 1 0 1 1 1 0 0 10 0 1 0 1 0 1
10 1 0 0 0 1 0 0 0 1 0 1 1 0 1 0 1 0 1 1 1 0 1 1 1 1 1 1 1 0 1 0 1 10 0 0 10 0 1 0 0 1 10
10 0 10 10 1 10 1 0 10 10 10 1 10 1 10 10 1 1 1 0 10 10 10 10 1 100 100 10 1 10 1 1 0 1 1 0 10 1 100 1 10 10 10
10 10 1 1 0 1 0 1 0 10 0 1 1 1 10 1 1 0 1 10 10 1 1 10 10 1 1 1 10 1 1 10 1 0 0 1 10 0 1 1 1 1 10
0 0 1 1 0 0 0 0 1 1 1 0 1 1 1 1 1 0 0 0 1 1 1 1 0 1 1 1 0 1 0 0 1 0 0 0 0 1 1 1 1 1 1
0 1 1 1 0 0 0 1 0 1 0 0 0 1 1 1 0 0 0 1 1 1 0 1 1 0 0 0 1 1 0 0 0 1 0 0 0 0 0 1 1 0 0
100 1 1 1 1 10 1 0 1 1 1 10 1 0 1 1 1 1 10 1 1 1 10 1 10 10 10 10 1 1 10 10 10 10 0 0 0 0 10 0 1 1 10
0 0 1 1 0 0 0 0 1 1 1 0 1 1 1 1 1 0 0 0 1 1 1 1 0 1 1 1 0 1 0 0 1 0 1 0 0 0 1 1 1 1 1
10 0 10 10 1 10 1 0 10 10 10 1 10 1 10 10 1 1 1 0 10 10 10 10 1 100 100 10 1 10 1 1 100 1 1 0 10 1 0 1 10 10 10
0 1 10 10 0 0 0 1 1 10 1 0 1 10 10 10 1 0 0 1 10 10 1 10 1 1 1 1 1 10 0 0 1 1 1 1 0 1 1 0 10 1 1
1 1 100 100 1 1 1 1 10 10 10 1 1 10 10 100 1 1 1 1 10 100 10 10 10 10 10 10 1 100 1 0 10 1 1 1 1 1 10 10 0 1 1
1 0 1 1 0 1 0 0 1 10 1 0 10 1 10 1 1 0 0 0 10 1 1 10 0 10 10 1 1 1 0 1 10 1 1 0 1 1 10 1 1 0 10
10 1 1 1 0 1 0 0 1 10 1 1 10 1 10 1 10 0 1 1 10 1 10 10 1 10 10 10 1 1 1 10 10 10 1 0 10 1 10 1 1 10 0
4
3 2 3
4 5 3
5 1 3
6 2 3
3
4 4 
1 3
2 3
3 5
4 4
2 4 
1 4
1 4
2 6
2 6
1 2 
1 4
1 4
43 5
3 1 2 4
2 3 4
3 0 1 3
3 0 1 3
1 1
2 1 2
1 1
1 3
2 0 1
3 0 2 3
2 0 1
2 1 4
2 0 2
2 0 3
3 0 2 3
3 0 1 3
2 0 4
1 1
2 1 4
2 3 4
3 0 2 3
3 0 1 3
3 0 1 4
3 0 2 3
3 1 3 4
3 0 1 2
3 0 1 2
3 0 1 4
2 2 3
3 0 1 3
2 1 4
2 2 4
3 0 1 2
3 2 3 4
1 0
1 3
3 1 2 4
1 0
3 0 1 2
2 0 3
3 0 1 3
2 0 2
3 0 2 4
43 141
3 111 89 96
4 21 60 88 98
4 106 3 48 98
4 105 106 26 33
4 107 110 19 50
4 100 111 32 46
3 107 55 84
4 114 75 89 91
4 0 24 36 37
3 110 35 69
4 112 20 80 94
4 17 8 87 90
5 104 113 44 53 67
4 102 56 63 91
3 108 111 73
7 114 14 43 71 86 93 94
2 77 99
3 105 108 109
4 110 112 16 41
4 105 27 78 9
5 100 112 25 34 74
3 103 57 96
4 109 12 13 95
2 45 7
5 114 18 22 39 68
7 10 107 113 5 66 83 93
4 101 31 65 72
8 102 103 104 112 113 51 79 99
4 11 114 82 97
3 104 109 97
4 106 108 52 64
8 103 113 28 30 47 58 81 95
8 1 23 40 54 59 6 61 70
4 114 15 90 92
3 38 49 76
7 101 2 4 42 62 85 92
4 111 115 116 29
6 117 118 119 120 121 122
5 123 124 125 126 127
4 128 129 130 131
3 132 133 134
2 135 136
4 137 138 139 140
