65
0 1 1 0 0 0 1 0 0 1 0 0 0 1 0 0 0 0 1 0 0 0 0 1 0 0 0 0 1 1 0 1 0 0 1 0 1 0 0 0 0 1 0 0 1 0 0 1 0 1 0 0 0 0 0 0 0 0 1 0 1 0 1 0 0
1 0 1 1 0 0 10 1 1 10 1 0 0 1 0 0 1 0 10 1 1 10 0 1 0 0 0 0 1 1 1 1 0 0 10 10 10 1 0 0 1 1 0 1 1 1 0 10 10 1 1 0 0 1 0 1 10 1 1 0 1 1 10 0 1
1 1 0 0 0 1 10 0 0 1 0 1 1 10 0 0 0 0 1 1 1 0 0 1 0 1 1 1 1 10 1 1 1 0 1 0 1 0 1 0 0 1 0 0 1 0 0 1 0 1 1 0 0 1 0 0 0 1 1 1 10 0 1 1 0
0 1 0 0 0 0 1 0 0 1 1 0 0 0 0 0 1 0 0 1 1 1 0 0 0 0 0 0 0 0 1 0 0 0 1 1 1 0 0 0 0 0 0 0 0 1 0 0 1 0 0 0 0 0 0 0 1 1 0 0 0 1 1 0 1
0 0 0 0 0 1 0 1 1 0 0 0 10 1 1 1 0 10 0 0 1 0 1 0 1 1 0 1 0 1 1 1 0 1 1 0 1 0 0 1 10 0 1 1 0 0 10 1 0 0 0 10 1 0 1 0 0 0 0 0 1 0 0 0 0
0 0 1 0 1 0 1 1 1 0 0 1 10 1 0 1 0 1 0 1 1 0 0 0 1 1 1 10 0 10 10 1 1 0 0 0 0 0 1 0 1 0 0 0 0 0 1 0 0 0 1 1 0 1 0 0 0 1 0 1 10 0 0 1 0
1 10 10 1 0 1 0 0 0 10 1 1 1 10 0 0 1 0 1 10 10 1 0 1 0 1 1 1 1 10 10 1 1 0 10 1 10 0 1 0 0 1 0 0 1 1 0 1 1 1 1 0 0 1 0 0 1 10 1 1 10 1 10 1 1
0 1 0 0 1 1 0 0 10 0 0 0 1 0 0 1 0 1 1 0 0 1 0 0 1 0 0 1 0 1 1 1 0 0 0 1 0 1 0 0 10 0 0 1 0 0 1 1 1 0 1 1 0 1 0 1 1 0 0 0 1 0 0 0 0
0 1 0 0 1 1 0 10 0 0 0 0 1 0 0 1 0 1 1 0 0 1 0 0 1 0 0 1 0 1 1 1 0 0 0 1 0 1 0 0 10 0 0 1 0 0 1 1 1 0 1 1 0 1 0 1 1 0 0 0 1 0 0 0 0
1 10 1 1 0 0 10 0 0 0 1 0 0 1 0 0 1 0 1 1 1 1 0 1 0 0 0 0 1 1 1 1 0 0 10 1 10 0 0 0 0 1 0 0 1 1 0 1 1 1 0 0 0 0 0 0 1 1 1 0 1 1 10 0 1
0 1 0 1 0 0 1 0 0 1 0 0 0 0 0 0 1 0 0 1 1 1 0 0 0 0 0 0 0 0 1 0 0 0 1 1 1 0 0 0 0 0 0 0 0 1 0 0 1 0 0 0 0 0 0 0 1 1 0 0 0 1 1 0 1
0 0 1 0 0 1 1 0 0 0 0 0 1 1 0 0 0 0 0 1 1 0 0 0 0 1 1 1 0 1 1 0 1 0 0 0 0 0 1 0 0 0 0 0 0 0 0 0 0 0 1 0 0 1 0 0 0 1 0 1 1 0 0 1 0
0 0 1 0 10 10 1 1 1 0 0 1 0 10 1 1 0 10 0 1 10 0 1 0 1 10 1 10 0 10 10 1 1 1 1 0 1 0 1 1 10 0 1 1 0 0 10 1 0 0 1 10 1 1 1 0 0 1 0 1 10 0 0 1 0
1 1 10 0 1 1 10 0 0 1 0 1 10 0 1 0 0 1 1 1 10 0 1 1 0 10 1 1 1 10 1 1 1 1 10 0 10 0 1 1 1 1 1 1 1 0 1 10 0 1 1 1 1 1 1 0 0 1 1 1 10 0 1 1 0
0 0 0 0 1 0 0 0 0 0 0 0 1 1 0 0 0 1 0 0 1 0 1 0 0 1 0 0 0 0 0 0 0 1 1 0 1 0 0 1 1 0 1 1 0 0 1 1 0 0 0 1 1 0 1 0 0 0 0 0 0 0 0 0 0
0 0 0 0 1 1 0 1 1 0 0 0 1 0 0 0 0 1 0 0 0 0 0 0 1 0 0 1 0 1 1 1 0 0 0 0 0 0 0 0 1 0 0 0 0 0 1 0 0 0 0 1 0 0 0 0 0 0 0 0 1 0 0 0 0
0 1 0 1 0 0 1 0 0 1 1 0 0 0 0 0 0 0 0 1 1 1 0 0 0 0 0 0 0 0 1 0 0 0 1 1 1 0 0 0 0 0 0 0 0 1 0 0 1 0 0 0 0 0 0 0 1 1 0 0 0 1 1 0 1
0 0 0 0 10 1 0 1 1 0 0 0 10 1 1 1 0 0 0 0 1 0 1 0 1 1 0 1 0 1 1 1 0 1 1 0 1 0 0 1 10 0 1 1 0 0 10 1 0 0 0 10 1 0 1 0 0 0 0 0 1 0 0 0 0
1 10 1 0 0 0 1 1 1 1 0 0 0 1 0 0 0 0 0 0 0 1 0 1 0 0 0 0 1 1 0 1 0 0 1 1 1 1 0 0 1 1 0 1 1 0 0 10 1 1 1 0 0 1 0 1 1 0 1 0 1 0 1 0 0
0 1 1 1 0 1 10 0 0 1 1 1 1 1 0 0 1 0 0 0 10 1 0 0 0 1 1 1 0 1 10 0 1 0 1 1 1 0 1 0 0 0 0 0 0 1 0 0 1 0 1 0 0 1 0 0 1 10 0 1 1 1 1 1 1
0 1 1 1 1 1 10 0 0 1 1 1 10 10 1 0 1 1 0 10 0 1 1 0 0 10 1 1 0 1 10 0 1 1 10 1 10 0 1 1 1 0 1 1 0 1 1 1 1 0 1 1 1 1 1 0 1 10 0 1 1 1 1 1 1
0 10 0 1 0 0 1 1 1 1 1 0 0 0 0 0 1 0 1 1 1 0 0 0 0 0 0 0 0 0 1 0 0 0 1 10 1 1 0 0 1 0 0 1 0 1 0 1 10 0 1 0 0 1 0 1 10 1 0 0 0 1 1 0 1
0 0 0 0 1 0 0 0 0 0 0 0 1 1 1 0 0 1 0 0 1 0 0 0 0 1 0 0 0 0 0 0 0 1 1 0 1 0 0 1 1 0 1 1 0 0 1 1 0 0 0 1 1 0 1 0 0 0 0 0 0 0 0 0 0
1 1 1 0 0 0 1 0 0 1 0 0 0 1 0 0 0 0 1 0 0 0 0 0 0 0 0 0 1 1 0 1 0 0 1 0 1 0 0 0 0 1 0 0 1 0 0 1 0 1 0 0 0 0 0 0 0 0 1 0 1 0 1 0 0
0 0 0 0 1 1 0 1 1 0 0 0 1 0 0 1 0 1 0 0 0 0 0 0 0 0 0 1 0 1 1 1 0 0 0 0 0 0 0 0 1 0 0 0 0 0 1 0 0 0 0 1 0 0 0 0 0 0 0 0 1 0 0 0 0
0 0 1 0 1 1 1 0 0 0 0 1 10 10 1 0 0 1 0 1 10 0 1 0 0 0 1 1 0 1 1 0 1 1 1 0 1 0 1 1 1 0 1 1 0 0 1 1 0 0 1 1 1 1 1 0 0 1 0 1 1 0 0 1 0
0 0 1 0 0 1 1 0 0 0 0 1 1 1 0 0 0 0 0 1 1 0 0 0 0 1 0 1 0 1 1 0 1 0 0 0 0 0 1 0 0 0 0 0 0 0 0 0 0 0 1 0 0 1 0 0 0 1 0 1 1 0 0 1 0
0 0 1 0 1 10 1 1 1 0 0 1 10 1 0 1 0 1 0 1 1 0 0 0 1 1 1 0 0 10 10 1 1 0 0 0 0 0 1 0 1 0 0 0 0 0 1 0 0 0 1 1 0 1 0 0 0 1 0 1 10 0 0 1 0
1 1 1 0 0 0 1 0 0 1 0 0 0 1 0 0 0 0 1 0 0 0 0 1 0 0 0 0 0 1 0 1 0 0 1 0 1 0 0 0 0 1 0 0 1 0 0 1 0 1 0 0 0 0 0 0 0 0 1 0 1 0 1 0 0
1 1 10 0 1 10 10 1 1 1 0 1 10 10 0 1 0 1 1 1 1 0 0 1 1 1 1 10 1 0 10 10 1 0 1 0 1 0 1 0 1 1 0 0 1 0 1 1 0 1 1 1 0 1 0 0 0 1 1 1 100 0 1 1 0
0 1 1 1 1 10 10 1 1 1 1 1 10 1 0 1 1 1 0 10 10 1 0 0 1 1 1 10 0 10 0 1 1 0 1 1 1 0 1 0 1 0 0 0 0 1 1 0 1 0 1 1 0 1 0 0 1 10 0 1 10 1 1 1 1
1 1 1 0 1 1 1 1 1 1 0 0 1 1 0 1 0 1 1 0 0 0 0 1 1 0 0 1 1 10 1 0 0 0 1 0 1 0 0 0 1 1 0 0 1 0 1 1 0 1 0 1 0 0 0 0 0 0 1 0 10 0 1 0 0
0 0 1 0 0 1 1 0 0 0 0 1 1 1 0 0 0 0 0 1 1 0 0 0 0 1 1 1 0 1 1 0 0 0 0 0 0 0 1 0 0 0 0 0 0 0 0 0 0 0 1 0 0 1 0 0 0 1 0 1 1 0 0 1 0
0 0 0 0 1 0 0 0 0 0 0 0 1 1 1 0 0 1 0 0 1 0 1 0 0 1 0 0 0 0 0 0 0 0 1 0 1 0 0 1 1 0 1 1 0 0 1 1 0 0 0 1 1 0 1 0 0 0 0 0 0 0 0 0 0
1 10 1 1 1 0 10 0 0 10 1 0 1 10 1 0 1 1 1 1 10 1 1 1 0 1 0 0 1 1 1 1 0 1 0 1 100 0 0 1 1 1 1 1 1 1 1 10 1 1 0 1 1 0 1 0 1 1 1 0 1 1 10 0 1
0 10 0 1 0 0 1 1 1 1 1 0 0 0 0 0 1 0 1 1 1 10 0 0 0 0 0 0 0 0 1 0 0 0 1 0 1 1 0 0 1 0 0 1 0 1 0 1 10 0 1 0 0 1 0 1 10 1 0 0 0 1 1 0 1
1 10 1 1 1 0 10 0 0 10 1 0 1 10 1 0 1 1 1 1 10 1 1 1 0 1 0 0 1 1 1 1 0 1 100 1 0 0 0 1 1 1 1 1 1 1 1 10 1 1 0 1 1 0 1 0 1 1 1 0 1 1 10 0 1
0 1 0 0 0 0 0 1 1 0 0 0 0 0 0 0 0 0 1 0 0 1 0 0 0 0 0 0 0 0 0 0 0 0 0 1 0 0 0 0 1 0 0 1 0 0 0 1 1 0 1 0 0 1 0 1 1 0 0 0 0 0 0 0 0
0 0 1 0 0 1 1 0 0 0 0 1 1 1 0 0 0 0 0 1 1 0 0 0 0 1 1 1 0 1 1 0 1 0 0 0 0 0 0 0 0 0 0 0 0 0 0 0 0 0 1 0 0 1 0 0 0 1 0 1 1 0 0 1 0
0 0 0 0 1 0 0 0 0 0 0 0 1 1 1 0 0 1 0 0 1 0 1 0 0 1 0 0 0 0 0 0 0 1 1 0 1 0 0 0 1 0 1 1 0 0 1 1 0 0 0 1 1 0 1 0 0 0 0 0 0 0 0 0 0
0 1 0 0 10 1 0 10 10 0 0 0 10 1 1 1 0 10 1 0 1 1 1 0 1 1 0 1 0 1 1 1 0 1 1 1 1 1 0 1 0 0 1 10 0 0 10 10 1 0 1 10 1 1 1 1 1 0 0 0 1 0 0 0 0
1 1 1 0 0 0 1 0 0 1 0 0 0 1 0 0 0 0 1 0 0 0 0 1 0 0 0 0 1 1 0 1 0 0 1 0 1 0 0 0 0 0 0 0 1 0 0 1 0 1 0 0 0 0 0 0 0 0 1 0 1 0 1 0 0
0 0 0 0 1 0 0 0 0 0 0 0 1 1 1 0 0 1 0 0 1 0 1 0 0 1 0 0 0 0 0 0 0 1 1 0 1 0 0 1 1 0 0 1 0 0 1 1 0 0 0 1 1 0 1 0 0 0 0 0 0 0 0 0 0
0 1 0 0 1 0 0 1 1 0 0 0 1 1 1 0 0 1 1 0 1 1 1 0 0 1 0 0 0 0 0 0 0 1 1 1 1 1 0 1 10 0 1 0 0 0 1 10 1 0 1 1 1 1 1 1 1 0 0 0 0 0 0 0 0
1 1 1 0 0 0 1 0 0 1 0 0 0 1 0 0 0 0 1 0 0 0 0 1 0 0 0 0 1 1 0 1 0 0 1 0 1 0 0 0 0 1 0 0 0 0 0 1 0 1 0 0 0 0 0 0 0 0 1 0 1 0 1 0 0
0 1 0 1 0 0 1 0 0 1 1 0 0 0 0 0 1 0 0 1 1 1 0 0 0 0 0 0 0 0 1 0 0 0 1 1 1 0 0 0 0 0 0 0 0 0 0 0 1 0 0 0 0 0 0 0 1 1 0 0 0 1 1 0 1
0 0 0 0 10 1 0 1 1 0 0 0 10 1 1 1 0 10 0 0 1 0 1 0 1 1 0 1 0 1 1 1 0 1 1 0 1 0 0 1 10 0 1 1 0 0 0 1 0 0 0 10 1 0 1 0 0 0 0 0 1 0 0 0 0
1 10 1 0 1 0 1 1 1 1 0 0 1 10 1 0 0 1 10 0 1 1 1 1 0 1 0 0 1 1 0 1 0 1 10 1 10 1 0 1 10 1 1 10 1 0 1 0 1 1 1 1 1 1 1 1 1 0 1 0 1 0 1 0 0
0 10 0 1 0 0 1 1 1 1 1 0 0 0 0 0 1 0 1 1 1 10 0 0 0 0 0 0 0 0 1 0 0 0 1 10 1 1 0 0 1 0 0 1 0 1 0 1 0 0 1 0 0 1 0 1 10 1 0 0 0 1 1 0 1
1 1 1 0 0 0 1 0 0 1 0 0 0 1 0 0 0 0 1 0 0 0 0 1 0 0 0 0 1 1 0 1 0 0 1 0 1 0 0 0 0 1 0 0 1 0 0 1 0 0 0 0 0 0 0 0 0 0 1 0 1 0 1 0 0
0 1 1 0 0 1 1 1 1 0 0 1 1 1 0 0 0 0 1 1 1 1 0 0 0 1 1 1 0 1 1 0 1 0 0 1 0 1 1 0 1 0 0 1 0 0 0 1 1 0 0 0 0 10 0 1 1 1 0 1 1 0 0 1 0
0 0 0 0 10 1 0 1 1 0 0 0 10 1 1 1 0 10 0 0 1 0 1 0 1 1 0 1 0 1 1 1 0 1 1 0 1 0 0 1 10 0 1 1 0 0 10 1 0 0 0 0 1 0 1 0 0 0 0 0 1 0 0 0 0
0 0 0 0 1 0 0 0 0 0 0 0 1 1 1 0 0 1 0 0 1 0 1 0 0 1 0 0 0 0 0 0 0 1 1 0 1 0 0 1 1 0 1 1 0 0 1 1 0 0 0 1 0 0 1 0 0 0 0 0 0 0 0 0 0
0 1 1 0 0 1 1 1 1 0 0 1 1 1 0 0 0 0 1 1 1 1 0 0 0 1 1 1 0 1 1 0 1 0 0 1 0 1 1 0 1 0 0 1 0 0 0 1 1 0 10 0 0 0 0 1 1 1 0 1 1 0 0 1 0
0 0 0 0 1 0 0 0 0 0 0 0 1 1 1 0 0 1 0 0 1 0 1 0 0 1 0 0 0 0 0 0 0 1 1 0 1 0 0 1 1 0 1 1 0 0 1 1 0 0 0 1 1 0 0 0 0 0 0 0 0 0 0 0 0
0 1 0 0 0 0 0 1 1 0 0 0 0 0 0 0 0 0 1 0 0 1 0 0 0 0 0 0 0 0 0 0 0 0 0 1 0 1 0 0 1 0 0 1 0 0 0 1 1 0 1 0 0 1 0 0 1 0 0 0 0 0 0 0 0
0 10 0 1 0 0 1 1 1 1 1 0 0 0 0 0 1 0 1 1 1 10 0 0 0 0 0 0 0 0 1 0 0 0 1 10 1 1 0 0 1 0 0 1 0 1 0 1 10 0 1 0 0 1 0 1 0 1 0 0 0 1 1 0 1
0 1 1 1 0 1 10 0 0 1 1 1 1 1 0 0 1 0 0 10 10 1 0 0 0 1 1 1 0 1 10 0 1 0 1 1 1 0 1 0 0 0 0 0 0 1 0 0 1 0 1 0 0 1 0 0 1 0 0 1 1 1 1 1 1
1 1 1 0 0 0 1 0 0 1 0 0 0 1 0 0 0 0 1 0 0 0 0 1 0 0 0 0 1 1 0 1 0 0 1 0 1 0 0 0 0 1 0 0 1 0 0 1 0 1 0 0 0 0 0 0 0 0 0 0 1 0 1 0 0
0 0 1 0 0 1 1 0 0 0 0 1 1 1 0 0 0 0 0 1 1 0 0 0 0 1 1 1 0 1 1 0 1 0 0 0 0 0 1 0 0 0 0 0 0 0 0 0 0 0 1 0 0 1 0 0 0 1 0 0 1 0 0 1 0
1 1 10 0 1 10 10 1 1 1 0 1 10 10 0 1 0 1 1 1 1 0 0 1 1 1 1 10 1 100 10 10 1 0 1 0 1 0 1 0 1 1 0 0 1 0 1 1 0 1 1 1 0 1 0 0 0 1 1 1 0 0 1 1 0
0 1 0 1 0 0 1 0 0 1 1 0 0 0 0 0 1 0 0 1 1 1 0 0 0 0 0 0 0 0 1 0 0 0 1 1 1 0 0 0 0 0 0 0 0 1 0 0 1 0 0 0 0 0 0 0 1 1 0 0 0 0 1 0 1
1 10 1 1 0 0 10 0 0 10 1 0 0 1 0 0 1 0 1 1 1 1 0 1 0 0 0 0 1 1 1 1 0 0 10 1 10 0 0 0 0 1 0 0 1 1 0 1 1 1 0 0 0 0 0 0 1 1 1 0 1 1 0 0 1
0 0 1 0 0 1 1 0 0 0 0 1 1 1 0 0 0 0 0 1 1 0 0 0 0 1 1 1 0 1 1 0 1 0 0 0 0 0 1 0 0 0 0 0 0 0 0 0 0 0 1 0 0 1 0 0 0 1 0 1 1 0 0 0 0
0 1 0 1 0 0 1 0 0 1 1 0 0 0 0 0 1 0 0 1 1 1 0 0 0 0 0 0 0 0 1 0 0 0 1 1 1 0 0 0 0 0 0 0 0 1 0 0 1 0 0 0 0 0 0 0 1 1 0 0 0 1 1 0 0
2
4 10 3
5 5 3
3
2 6 
1 4
1 4
1 4
2 5
2 5
2 5
2 5 
1 4
1 4
1 4
2 5
2 5
2 4 
1 4
1 4
2 4
2 4
65 6
1 0
3 0 1 2
2 0 4
1 1
2 3 5
2 4 5
3 0 1 4
2 2 5
2 2 5
2 0 1
1 1
1 4
3 3 4 5
3 0 3 4
1 3
1 5
1 1
2 3 5
2 0 2
2 1 4
3 1 3 4
2 1 2
1 3
1 0
1 5
2 3 4
1 4
2 4 5
1 0
3 0 4 5
3 1 4 5
2 0 5
1 4
1 3
3 0 1 3
2 1 2
3 0 1 3
1 2
1 4
1 3
3 2 3 5
1 0
1 3
2 2 3
1 0
1 1
2 3 5
3 0 2 3
2 1 2
1 0
2 2 4
2 3 5
1 3
2 2 4
1 3
1 2
2 1 2
2 1 4
1 0
1 4
3 0 4 5
1 1
2 0 1
1 4
1 1
65 92
1 33
3 16 22 66
3 50 70 77
1 83
1 32
3 19 67 78
1 26
1 38
1 27
2 12 72
2 10 80
2 51 63
2 52 6
2 34 61
3 20 31 81
1 83
1 17
2 47 54
1 76
1 74
2 23 48
1 8
3 36 37 43
2 28 75
1 24
1 73
1 3
2 46 82
1 58
1 59
1 60
1 64
1 62
1 83
1 9
1 79
1 69
2 55 77
3 25 78 80
1 5
3 56 65 82
3 30 49 83
1 0
2 41 57
2 14 35
1 39
2 13 68
1 44
1 82
1 53
1 79
3 2 29 42
2 1 18
2 11 83
2 21 4
1 71
1 7
2 40 45
1 15
1 81
3 84 85 86
1 87
2 88 89
1 90
1 91
