47
0 1 0 10 1 1 10 0 1 1 1 0 1 1 1 1 0 10 1 0 1 1 10 0 100 1 1 10 1 1 10 1 0 0 1 1 1 0 0 10 0 1 0 1 1 0 1
1 0 1 1 1 1 10 1 0 0 1 0 1 1 1 0 1 10 0 0 0 1 1 0 1 0 1 0 10 1 1 1 1 0 10 0 0 0 1 0 0 10 0 1 0 0 1
0 1 0 0 1 1 1 1 1 1 1 1 0 10 0 1 10 1 0 1 1 0 1 1 0 0 0 0 1 0 1 1 1 1 10 0 0 1 1 0 1 1 1 10 0 1 1
10 1 0 0 1 0 1 0 0 1 0 0 1 0 1 1 0 1 1 0 0 1 1 0 10 1 1 1 1 1 1 1 0 0 1 1 1 0 0 1 0 1 0 0 1 0 0
1 1 1 1 0 0 1 0 1 1 0 1 1 1 1 1 1 1 0 1 1 1 10 1 1 0 1 0 1 1 0 10 0 1 10 0 0 1 0 0 1 1 1 1 0 1 0
1 1 1 0 0 0 10 1 1 0 10 0 0 10 0 0 1 10 0 0 1 0 1 0 1 0 0 1 1 0 10 0 1 0 1 0 0 0 1 1 0 1 0 10 0 0 10
10 10 1 1 1 10 0 1 1 0 10 0 1 10 1 0 1 100 0 0 1 1 10 0 10 0 1 1 10 1 10 1 1 0 10 0 0 0 1 1 0 10 0 10 0 0 10
0 1 1 0 0 1 1 0 0 0 1 0 0 1 0 0 1 1 0 0 0 0 0 0 0 0 0 0 1 0 1 0 1 0 1 0 0 0 1 0 0 1 0 1 0 0 1
1 0 1 0 1 1 1 0 0 1 1 1 0 10 0 1 1 1 0 1 10 0 10 1 1 0 0 1 0 0 1 1 0 1 1 0 0 1 0 1 1 0 1 10 0 1 1
1 0 1 1 1 0 0 0 1 0 0 1 0 1 0 10 1 0 1 1 1 0 1 1 1 1 0 1 0 0 1 1 0 1 1 1 1 1 0 1 1 0 1 1 1 1 0
1 1 1 0 0 10 10 1 1 0 0 0 0 10 0 0 1 10 0 0 1 0 1 0 1 0 0 1 1 0 10 0 1 0 1 0 0 0 1 1 0 1 0 10 0 0 10
0 0 1 0 1 0 0 0 1 1 0 0 0 1 0 1 1 0 0 1 1 0 1 1 0 0 0 0 0 0 0 1 0 1 1 0 0 1 0 0 1 0 1 1 0 1 0
1 1 0 1 1 0 1 0 0 0 0 0 0 0 1 0 0 1 0 0 0 1 1 0 1 0 1 0 1 1 0 1 0 0 1 0 0 0 0 0 0 1 0 0 0 0 0
1 1 10 0 1 10 10 1 10 1 10 1 0 0 0 1 10 10 0 1 10 0 10 1 1 0 0 1 1 0 10 1 1 1 10 0 0 1 1 1 1 1 1 100 0 1 10
1 1 0 1 1 0 1 0 0 0 0 0 1 0 0 0 0 1 0 0 0 1 1 0 1 0 1 0 1 1 0 1 0 0 1 0 0 0 0 0 0 1 0 0 0 0 0
1 0 1 1 1 0 0 0 1 10 0 1 0 1 0 0 1 0 1 1 1 0 1 1 1 1 0 1 0 0 1 1 0 1 1 1 1 1 0 1 1 0 1 1 1 1 0
0 1 10 0 1 1 1 1 1 1 1 1 0 10 0 1 0 1 0 1 1 0 1 1 0 0 0 0 1 0 1 1 1 1 10 0 0 1 1 0 1 1 1 10 0 1 1
10 10 1 1 1 10 100 1 1 0 10 0 1 10 1 0 1 0 0 0 1 1 10 0 10 0 1 1 10 1 10 1 1 0 10 0 0 0 1 1 0 10 0 10 0 0 10
1 0 0 1 0 0 0 0 0 1 0 0 0 0 0 1 0 0 0 0 0 0 0 0 1 1 0 1 0 0 1 0 0 0 0 1 1 0 0 1 0 0 0 0 1 0 0
0 0 1 0 1 0 0 0 1 1 0 1 0 1 0 1 1 0 0 0 1 0 1 1 0 0 0 0 0 0 0 1 0 1 1 0 0 1 0 0 1 0 1 1 0 1 0
1 0 1 0 1 1 1 0 10 1 1 1 0 10 0 1 1 1 0 1 0 0 10 1 1 0 0 1 0 0 1 1 0 1 1 0 0 1 0 1 1 0 1 10 0 1 1
1 1 0 1 1 0 1 0 0 0 0 0 1 0 1 0 0 1 0 0 0 0 1 0 1 0 1 0 1 1 0 1 0 0 1 0 0 0 0 0 0 1 0 0 0 0 0
10 1 1 1 10 1 10 0 10 1 1 1 1 10 1 1 1 10 0 1 10 1 0 1 10 0 1 1 1 1 1 10 0 1 10 0 0 1 0 1 1 1 1 10 0 1 1
0 0 1 0 1 0 0 0 1 1 0 1 0 1 0 1 1 0 0 1 1 0 1 0 0 0 0 0 0 0 0 1 0 1 1 0 0 1 0 0 1 0 1 1 0 1 0
100 1 0 10 1 1 10 0 1 1 1 0 1 1 1 1 0 10 1 0 1 1 10 0 0 1 1 10 1 1 10 1 0 0 1 1 1 0 0 10 0 1 0 1 1 0 1
1 0 0 1 0 0 0 0 0 1 0 0 0 0 0 1 0 0 1 0 0 0 0 0 1 0 0 1 0 0 1 0 0 0 0 1 1 0 0 1 0 0 0 0 1 0 0
1 1 0 1 1 0 1 0 0 0 0 0 1 0 1 0 0 1 0 0 0 1 1 0 1 0 0 0 1 1 0 1 0 0 1 0 0 0 0 0 0 1 0 0 0 0 0
10 0 0 1 0 1 1 0 1 1 1 0 0 1 0 1 0 1 1 0 1 0 1 0 10 1 0 0 0 0 10 0 0 0 0 1 1 0 0 10 0 0 0 1 1 0 1
1 10 1 1 1 1 10 1 0 0 1 0 1 1 1 0 1 10 0 0 0 1 1 0 1 0 1 0 0 1 1 1 1 0 10 0 0 0 1 0 0 10 0 1 0 0 1
1 1 0 1 1 0 1 0 0 0 0 0 1 0 1 0 0 1 0 0 0 1 1 0 1 0 1 0 1 0 0 1 0 0 1 0 0 0 0 0 0 1 0 0 0 0 0
10 1 1 1 0 10 10 1 1 1 10 0 0 10 0 1 1 10 1 0 1 0 1 0 10 1 0 10 1 0 0 0 1 0 1 1 1 0 1 10 0 1 0 10 1 0 10
1 1 1 1 10 0 1 0 1 1 0 1 1 1 1 1 1 1 0 1 1 1 10 1 1 0 1 0 1 1 0 0 0 1 10 0 0 1 0 0 1 1 1 1 0 1 0
0 1 1 0 0 1 1 1 0 0 1 0 0 1 0 0 1 1 0 0 0 0 0 0 0 0 0 0 1 0 1 0 0 0 1 0 0 0 1 0 0 1 0 1 0 0 1
0 0 1 0 1 0 0 0 1 1 0 1 0 1 0 1 1 0 0 1 1 0 1 1 0 0 0 0 0 0 0 1 0 0 1 0 0 1 0 0 1 0 1 1 0 1 0
1 10 10 1 10 1 10 1 1 1 1 1 1 10 1 1 10 10 0 1 1 1 10 1 1 0 1 0 10 1 1 10 1 1 0 0 0 1 1 0 1 10 1 10 0 1 1
1 0 0 1 0 0 0 0 0 1 0 0 0 0 0 1 0 0 1 0 0 0 0 0 1 1 0 1 0 0 1 0 0 0 0 0 1 0 0 1 0 0 0 0 1 0 0
1 0 0 1 0 0 0 0 0 1 0 0 0 0 0 1 0 0 1 0 0 0 0 0 1 1 0 1 0 0 1 0 0 0 0 1 0 0 0 1 0 0 0 0 1 0 0
0 0 1 0 1 0 0 0 1 1 0 1 0 1 0 1 1 0 0 1 1 0 1 1 0 0 0 0 0 0 0 1 0 1 1 0 0 0 0 0 1 0 1 1 0 1 0
0 1 1 0 0 1 1 1 0 0 1 0 0 1 0 0 1 1 0 0 0 0 0 0 0 0 0 0 1 0 1 0 1 0 1 0 0 0 0 0 0 1 0 1 0 0 1
10 0 0 1 0 1 1 0 1 1 1 0 0 1 0 1 0 1 1 0 1 0 1 0 10 1 0 10 0 0 10 0 0 0 0 1 1 0 0 0 0 0 0 1 1 0 1
0 0 1 0 1 0 0 0 1 1 0 1 0 1 0 1 1 0 0 1 1 0 1 1 0 0 0 0 0 0 0 1 0 1 1 0 0 1 0 0 0 0 1 1 0 1 0
1 10 1 1 1 1 10 1 0 0 1 0 1 1 1 0 1 10 0 0 0 1 1 0 1 0 1 0 10 1 1 1 1 0 10 0 0 0 1 0 0 0 0 1 0 0 1
0 0 1 0 1 0 0 0 1 1 0 1 0 1 0 1 1 0 0 1 1 0 1 1 0 0 0 0 0 0 0 1 0 1 1 0 0 1 0 0 1 0 0 1 0 1 0
1 1 10 0 1 10 10 1 10 1 10 1 0 100 0 1 10 10 0 1 10 0 10 1 1 0 0 1 1 0 10 1 1 1 10 0 0 1 1 1 1 1 1 0 0 1 10
1 0 0 1 0 0 0 0 0 1 0 0 0 0 0 1 0 0 1 0 0 0 0 0 1 1 0 1 0 0 1 0 0 0 0 1 1 0 0 1 0 0 0 0 0 0 0
0 0 1 0 1 0 0 0 1 1 0 1 0 1 0 1 1 0 0 1 1 0 1 1 0 0 0 0 0 0 0 1 0 1 1 0 0 1 0 0 1 0 1 1 0 0 0
1 1 1 0 0 10 10 1 1 0 10 0 0 10 0 0 1 10 0 0 1 0 1 0 1 0 0 1 1 0 10 0 1 0 1 0 0 0 1 1 0 1 0 10 0 0 0
4
2 2 2
3 4 3
4 4 3
5 3 3
5
2 2 
1 3
2 3
2 4 
1 4
1 4
2 3
2 5
2 3 
1 2
2 4
2 3
1 2 
1 5
1 5
2 2 
1 2
2 4
47 5
3 1 3 4
2 0 4
2 0 2
2 1 4
2 2 4
2 0 3
3 0 3 4
1 0
2 2 3
2 1 2
2 0 3
1 2
1 4
3 0 2 3
1 4
2 1 2
2 0 2
3 0 3 4
1 1
1 2
2 2 3
1 4
3 2 3 4
1 2
3 1 3 4
1 1
1 4
2 1 3
2 0 4
1 4
3 0 1 3
2 2 4
1 0
1 2
3 0 2 4
1 1
1 1
1 2
1 0
2 1 3
1 2
2 0 4
1 2
3 0 2 3
1 1
1 2
2 0 3
47 70
1 24
3 45 51 59
3 20 43 60
2 2 44
3 13 16 33
3 28 29 60
2 55 9
1 36
1 4
3 17 27 53
3 10 22 35
1 60
2 50 8
1 59
3 14 21 60
2 15 30
2 46 59
1 3
2 40 5
2 0 1
1 57
1 57
2 23 52
2 49 56
1 11
2 31 58
1 12
1 32
1 54
1 48
2 37 6
2 41 55
1 58
1 39
1 18
2 26 34
1 7
1 60
2 25 38
1 56
3 19 42 47
1 61
1 62
2 63 64
3 65 66 67
1 68
1 69
