50
0 1 1 1 0 1 0 1 0 10 0 1 10 1 0 1 10 1 0 10 1 1 0 0 1 1 1 1 1 10 1 1 0 1 0 1 10 0 0 0 1 1 1 0 0 0 1 1 1 0
1 0 10 1 1 1 0 0 1 1 0 0 1 1 1 1 1 0 1 1 0 1 0 0 0 1 1 0 0 10 10 1 0 0 1 1 1 1 0 0 1 0 1 1 1 0 1 1 0 0
1 10 0 1 1 1 0 0 1 1 0 0 1 1 1 1 1 0 1 1 0 1 0 0 0 1 1 0 0 10 10 1 0 0 1 1 1 1 0 0 1 0 1 1 1 0 1 1 0 0
1 1 1 0 1 1 1 1 0 10 0 1 1 10 1 1 1 1 0 1 0 10 1 1 0 10 10 0 0 1 1 0 1 0 1 0 1 0 1 1 1 1 0 0 0 0 10 10 0 1
0 1 1 1 0 0 1 1 1 1 0 1 0 1 10 0 0 1 1 0 0 1 1 1 0 1 1 0 0 1 1 1 1 0 10 1 0 1 1 1 0 1 1 1 1 0 1 1 0 1
1 1 1 1 0 0 0 0 0 1 0 0 1 1 0 1 1 0 0 1 0 1 0 0 0 1 1 0 0 1 1 0 0 0 0 0 1 0 0 0 1 0 0 0 0 0 1 1 0 0
0 0 0 1 1 0 0 1 0 1 0 1 0 1 1 0 0 1 0 0 0 1 1 1 0 1 1 0 0 0 0 0 1 0 1 0 0 0 1 1 0 1 0 0 0 0 1 1 0 1
1 0 0 1 1 0 1 0 0 10 0 10 1 1 1 0 1 10 0 1 1 1 1 1 1 1 1 1 1 1 0 1 1 1 1 1 1 0 1 1 0 10 1 0 0 0 1 1 1 1
0 1 1 0 1 0 0 0 0 0 0 0 0 0 1 0 0 0 1 0 0 0 0 0 0 0 0 0 0 1 1 1 0 0 1 1 0 1 0 0 0 0 1 1 1 0 0 0 0 0
10 1 1 10 1 1 1 10 0 0 0 10 10 10 1 1 10 10 0 10 1 10 1 1 1 10 10 1 1 10 1 1 1 1 1 1 10 0 1 1 1 10 1 0 0 0 10 10 1 1
0 0 0 0 0 0 0 0 0 0 0 1 0 1 1 0 1 1 1 0 0 1 1 0 0 0 1 1 1 0 0 1 0 1 0 0 1 0 0 0 1 0 0 0 0 1 0 0 1 0
1 0 0 1 1 0 1 10 0 10 1 0 1 10 10 0 10 100 1 1 1 10 10 1 1 1 10 10 10 1 0 10 1 10 1 1 10 0 1 1 1 10 1 0 0 1 1 1 10 1
10 1 1 1 0 1 0 1 0 10 0 1 0 1 0 1 10 1 0 10 1 1 0 0 1 1 1 1 1 10 1 1 0 1 0 1 10 0 0 0 1 1 1 0 0 0 1 1 1 0
1 1 1 10 1 1 1 1 0 10 1 10 1 0 10 1 10 10 1 1 0 100 10 1 0 10 100 1 1 1 1 1 1 1 1 0 10 0 1 1 10 1 0 0 0 1 10 10 1 1
0 1 1 1 10 0 1 1 1 1 1 10 0 10 0 0 1 10 10 0 0 10 10 1 0 1 10 1 1 1 1 10 1 1 10 1 1 1 1 1 1 1 1 1 1 1 1 1 1 1
1 1 1 1 0 1 0 0 0 1 0 0 1 1 0 0 1 0 0 1 0 1 0 0 0 1 1 0 0 1 1 0 0 0 0 0 1 0 0 0 1 0 0 0 0 0 1 1 0 0
10 1 1 1 0 1 0 1 0 10 1 10 10 10 1 1 0 10 1 10 1 10 1 0 1 1 10 10 10 10 1 10 0 10 0 1 100 0 0 0 10 1 1 0 0 1 1 1 10 0
1 0 0 1 1 0 1 10 0 10 1 100 1 10 10 0 10 0 1 1 1 10 10 1 1 1 10 10 10 1 0 10 1 10 1 1 10 0 1 1 1 10 1 0 0 1 1 1 10 1
0 1 1 0 1 0 0 0 1 0 1 1 0 1 10 0 1 1 0 0 0 1 1 0 0 0 1 1 1 1 1 10 0 1 1 1 1 1 0 0 1 0 1 1 1 1 0 0 1 0
10 1 1 1 0 1 0 1 0 10 0 1 10 1 0 1 10 1 0 0 1 1 0 0 1 1 1 1 1 10 1 1 0 1 0 1 10 0 0 0 1 1 1 0 0 0 1 1 1 0
1 0 0 0 0 0 0 1 0 1 0 1 1 0 0 0 1 1 0 1 0 0 0 0 1 0 0 1 1 1 0 1 0 1 0 1 1 0 0 0 0 1 1 0 0 0 0 0 1 0
1 1 1 10 1 1 1 1 0 10 1 10 1 100 10 1 10 10 1 1 0 0 10 1 0 10 100 1 1 1 1 1 1 1 1 0 10 0 1 1 10 1 0 0 0 1 10 10 1 1
0 0 0 1 1 0 1 1 0 1 1 10 0 10 10 0 1 10 1 0 0 10 0 1 0 1 10 1 1 0 0 1 1 1 1 0 1 0 1 1 1 1 0 0 0 1 1 1 1 1
0 0 0 1 1 0 1 1 0 1 0 1 0 1 1 0 0 1 0 0 0 1 1 0 0 1 1 0 0 0 0 0 1 0 1 0 0 0 1 1 0 1 0 0 0 0 1 1 0 1
1 0 0 0 0 0 0 1 0 1 0 1 1 0 0 0 1 1 0 1 1 0 0 0 0 0 0 1 1 1 0 1 0 1 0 1 1 0 0 0 0 1 1 0 0 0 0 0 1 0
1 1 1 10 1 1 1 1 0 10 0 1 1 10 1 1 1 1 0 1 0 10 1 1 0 0 10 0 0 1 1 0 1 0 1 0 1 0 1 1 1 1 0 0 0 0 10 10 0 1
1 1 1 10 1 1 1 1 0 10 1 10 1 100 10 1 10 10 1 1 0 100 10 1 0 10 0 1 1 1 1 1 1 1 1 0 10 0 1 1 10 1 0 0 0 1 10 10 1 1
1 0 0 0 0 0 0 1 0 1 1 10 1 1 1 0 10 10 1 1 1 1 1 0 1 0 1 0 10 1 0 10 0 10 0 1 10 0 0 0 1 1 1 0 0 1 0 0 10 0
1 0 0 0 0 0 0 1 0 1 1 10 1 1 1 0 10 10 1 1 1 1 1 0 1 0 1 10 0 1 0 10 0 10 0 1 10 0 0 0 1 1 1 0 0 1 0 0 10 0
10 10 10 1 1 1 0 1 1 10 0 1 10 1 1 1 10 1 1 10 1 1 0 0 1 1 1 1 1 0 10 10 0 1 1 10 10 1 0 0 1 1 10 1 1 0 1 1 1 0
1 10 10 1 1 1 0 0 1 1 0 0 1 1 1 1 1 0 1 1 0 1 0 0 0 1 1 0 0 10 0 1 0 0 1 1 1 1 0 0 1 0 1 1 1 0 1 1 0 0
1 1 1 0 1 0 0 1 1 1 1 10 1 1 10 0 10 10 10 1 1 1 1 0 1 0 1 10 10 10 1 0 0 10 1 10 10 1 0 0 1 1 10 1 1 1 0 0 10 0
0 0 0 1 1 0 1 1 0 1 0 1 0 1 1 0 0 1 0 0 0 1 1 1 0 1 1 0 0 0 0 0 0 0 1 0 0 0 1 1 0 1 0 0 0 0 1 1 0 1
1 0 0 0 0 0 0 1 0 1 1 10 1 1 1 0 10 10 1 1 1 1 1 0 1 0 1 10 10 1 0 10 0 0 0 1 10 0 0 0 1 1 1 0 0 1 0 0 10 0
0 1 1 1 10 0 1 1 1 1 0 1 0 1 10 0 0 1 1 0 0 1 1 1 0 1 1 0 0 1 1 1 1 0 0 1 0 1 1 1 0 1 1 1 1 0 1 1 0 1
1 1 1 0 1 0 0 1 1 1 0 1 1 0 1 0 1 1 1 1 1 0 0 0 1 0 0 1 1 10 1 10 0 1 1 0 1 1 0 0 0 1 10 1 1 0 0 0 1 0
10 1 1 1 0 1 0 1 0 10 1 10 10 10 1 1 100 10 1 10 1 10 1 0 1 1 10 10 10 10 1 10 0 10 0 1 0 0 0 0 10 1 1 0 0 1 1 1 10 0
0 1 1 0 1 0 0 0 1 0 0 0 0 0 1 0 0 0 1 0 0 0 0 0 0 0 0 0 0 1 1 1 0 0 1 1 0 0 0 0 0 0 1 1 1 0 0 0 0 0
0 0 0 1 1 0 1 1 0 1 0 1 0 1 1 0 0 1 0 0 0 1 1 1 0 1 1 0 0 0 0 0 1 0 1 0 0 0 0 1 0 1 0 0 0 0 1 1 0 1
0 0 0 1 1 0 1 1 0 1 0 1 0 1 1 0 0 1 0 0 0 1 1 1 0 1 1 0 0 0 0 0 1 0 1 0 0 0 1 0 0 1 0 0 0 0 1 1 0 1
1 1 1 1 0 1 0 0 0 1 1 1 1 10 1 1 10 1 1 1 0 10 1 0 0 1 10 1 1 1 1 1 0 1 0 0 10 0 0 0 0 0 0 0 0 1 1 1 1 0
1 0 0 1 1 0 1 10 0 10 0 10 1 1 1 0 1 10 0 1 1 1 1 1 1 1 1 1 1 1 0 1 1 1 1 1 1 0 1 1 0 0 1 0 0 0 1 1 1 1
1 1 1 0 1 0 0 1 1 1 0 1 1 0 1 0 1 1 1 1 1 0 0 0 1 0 0 1 1 10 1 10 0 1 1 10 1 1 0 0 0 1 0 1 1 0 0 0 1 0
0 1 1 0 1 0 0 0 1 0 0 0 0 0 1 0 0 0 1 0 0 0 0 0 0 0 0 0 0 1 1 1 0 0 1 1 0 1 0 0 0 0 1 0 1 0 0 0 0 0
0 1 1 0 1 0 0 0 1 0 0 0 0 0 1 0 0 0 1 0 0 0 0 0 0 0 0 0 0 1 1 1 0 0 1 1 0 1 0 0 0 0 1 1 0 0 0 0 0 0
0 0 0 0 0 0 0 0 0 0 1 1 0 1 1 0 1 1 1 0 0 1 1 0 0 0 1 1 1 0 0 1 0 1 0 0 1 0 0 0 1 0 0 0 0 0 0 0 1 0
1 1 1 10 1 1 1 1 0 10 0 1 1 10 1 1 1 1 0 1 0 10 1 1 0 10 10 0 0 1 1 0 1 0 1 0 1 0 1 1 1 1 0 0 0 0 0 10 0 1
1 1 1 10 1 1 1 1 0 10 0 1 1 10 1 1 1 1 0 1 0 10 1 1 0 10 10 0 0 1 1 0 1 0 1 0 1 0 1 1 1 1 0 0 0 0 10 0 0 1
1 0 0 0 0 0 0 1 0 1 1 10 1 1 1 0 10 10 1 1 1 1 1 0 1 0 1 10 10 1 0 10 0 10 0 1 10 0 0 0 1 1 1 0 0 1 0 0 0 0
0 0 0 1 1 0 1 1 0 1 0 1 0 1 1 0 0 1 0 0 0 1 1 1 0 1 1 0 0 0 0 0 1 0 1 0 0 0 1 1 0 1 0 0 0 0 1 1 0 0
4
2 6 2
3 4 3
4 4 3
5 2 3
5
2 3 
1 2
1 2
2 3
2 3 
1 4
1 3
2 3
2 5 
1 2
1 4
1 2
2 4
2 3
1 3 
1 5
1 5
1 4
1 2 
1 2
1 2
50 5
2 1 4
2 3 4
2 3 4
2 2 4
2 2 3
1 4
1 2
2 1 2
1 3
3 1 2 4
1 0
3 0 1 2
2 1 4
3 0 2 4
3 0 2 3
1 4
3 0 1 4
3 0 1 2
2 0 3
2 1 4
1 1
3 0 2 4
2 0 2
1 2
1 1
2 2 4
3 0 2 4
2 0 1
2 0 1
3 1 3 4
2 3 4
3 0 1 3
1 2
2 0 1
2 2 3
2 1 3
3 0 1 4
1 3
1 2
1 2
2 0 4
2 1 2
2 1 3
1 3
1 3
1 0
2 2 4
2 2 4
2 0 1
1 2
50 80
1 0
2 50 59
2 5 58
2 41 63
3 23 34 54
1 61
3 42 43 52
3 21 30 64
2 15 48
3 16 31 64
1 12
1 25
3 10 28 59
3 18 44 9
1 61
2 39 60
1 40
1 24
1 33
1 14
1 49
2 38 46
2 22 64
2 56 62
1 60
1 57
1 53
1 26
1 37
2 35 7
2 3 64
1 6
3 19 47 63
4 13 45 55 8
1 11
3 20 29 64
4 1 27 62 63
1 17
1 2
3 32 4 51
1 36
1 65
2 66 67
2 68 69
1 70
2 71 72
2 73 74
2 75 76
2 77 78
1 79
