37
0 0 0 0 0 1 1 1 0 0 1 1 0 1 0 0 0 0 0 0 0 1 0 0 0 1 0 0 0 1 1 0 0 0 1 0 1
0 0 1 0 0 1 0 0 1 1 0 1 1 0 1 0 0 1 0 1 0 1 0 1 0 0 1 0 0 0 0 0 0 0 0 0 0
0 1 0 0 1 10 0 0 1 10 1 1 10 1 1 0 1 1 0 1 0 1 0 10 1 0 1 0 0 1 0 0 1 1 0 1 0
0 0 0 0 1 0 1 0 0 0 0 1 0 0 0 1 0 0 1 0 0 0 1 0 1 1 0 1 1 0 0 0 0 1 0 1 0
0 0 1 1 0 1 1 0 0 10 10 1 1 1 0 1 1 0 10 0 1 1 1 1 10 1 0 10 1 1 0 1 1 100 0 10 0
1 1 10 0 1 0 1 1 1 10 10 10 10 10 1 0 1 1 0 1 0 10 0 10 1 1 1 0 0 10 1 0 1 1 1 1 1
1 0 0 1 1 1 0 1 0 0 1 10 0 1 0 1 0 0 1 0 0 1 1 0 1 10 0 1 1 1 1 0 0 1 1 1 1
1 0 0 0 0 1 1 0 0 0 1 1 0 1 0 0 0 0 0 0 0 1 0 0 0 1 0 0 0 1 1 0 0 0 1 0 1
0 1 1 0 0 1 0 0 0 1 0 1 1 0 1 0 0 1 0 1 0 1 0 1 0 0 1 0 0 0 0 0 0 0 0 0 0
0 1 10 0 10 10 0 0 1 0 10 1 10 1 1 0 1 1 1 1 1 10 0 10 1 0 1 1 0 1 0 1 1 10 0 1 0
1 0 1 0 10 10 1 1 0 10 0 1 1 10 0 0 1 0 1 0 1 10 0 1 1 1 0 1 0 10 1 1 1 10 1 1 1
1 1 1 1 1 10 10 1 1 1 1 0 1 1 1 1 0 1 1 1 0 10 1 1 1 10 1 1 1 1 1 0 0 1 1 1 1
0 1 10 0 1 10 0 0 1 10 1 1 0 1 1 0 1 1 0 1 0 1 0 10 1 0 1 0 0 1 0 0 1 1 0 1 0
1 0 1 0 1 10 1 1 0 1 10 1 1 0 0 0 1 0 0 0 0 1 0 1 1 1 0 0 0 10 1 0 1 1 1 1 1
0 1 1 0 0 1 0 0 1 1 0 1 1 0 0 0 0 1 0 1 0 1 0 1 0 0 1 0 0 0 0 0 0 0 0 0 0
0 0 0 1 1 0 1 0 0 0 0 1 0 0 0 0 0 0 1 0 0 0 1 0 1 1 0 1 1 0 0 0 0 1 0 1 0
0 0 1 0 1 1 0 0 0 1 1 0 1 1 0 0 0 0 0 0 0 0 0 1 1 0 0 0 0 1 0 0 1 1 0 1 0
0 1 1 0 0 1 0 0 1 1 0 1 1 0 1 0 0 0 0 1 0 1 0 1 0 0 1 0 0 0 0 0 0 0 0 0 0
0 0 0 1 10 0 1 0 0 1 1 1 0 0 0 1 0 0 0 0 1 1 1 0 1 1 0 10 1 0 0 1 0 10 0 1 0
0 1 1 0 0 1 0 0 1 1 0 1 1 0 1 0 0 1 0 0 0 1 0 1 0 0 1 0 0 0 0 0 0 0 0 0 0
0 0 0 0 1 0 0 0 0 1 1 0 0 0 0 0 0 0 1 0 0 1 0 0 0 0 0 1 0 0 0 1 0 1 0 0 0
1 1 1 0 1 10 1 1 1 10 10 10 1 1 1 0 0 1 1 1 1 0 0 1 0 1 1 1 0 1 1 1 0 1 1 0 1
0 0 0 1 1 0 1 0 0 0 0 1 0 0 0 1 0 0 1 0 0 0 0 0 1 1 0 1 1 0 0 0 0 1 0 1 0
0 1 10 0 1 10 0 0 1 10 1 1 10 1 1 0 1 1 0 1 0 1 0 0 1 0 1 0 0 1 0 0 1 1 0 1 0
0 0 1 1 10 1 1 0 0 1 1 1 1 1 0 1 1 0 1 0 0 0 1 1 0 1 0 1 1 1 0 0 1 10 0 10 0
1 0 0 1 1 1 10 1 0 0 1 10 0 1 0 1 0 0 1 0 0 1 1 0 1 0 0 1 1 1 1 0 0 1 1 1 1
0 1 1 0 0 1 0 0 1 1 0 1 1 0 1 0 0 1 0 1 0 1 0 1 0 0 0 0 0 0 0 0 0 0 0 0 0
0 0 0 1 10 0 1 0 0 1 1 1 0 0 0 1 0 0 10 0 1 1 1 0 1 1 0 0 1 0 0 1 0 10 0 1 0
0 0 0 1 1 0 1 0 0 0 0 1 0 0 0 1 0 0 1 0 0 0 1 0 1 1 0 1 0 0 0 0 0 1 0 1 0
1 0 1 0 1 10 1 1 0 1 10 1 1 10 0 0 1 0 0 0 0 1 0 1 1 1 0 0 0 0 1 0 1 1 1 1 1
1 0 0 0 0 1 1 1 0 0 1 1 0 1 0 0 0 0 0 0 0 1 0 0 0 1 0 0 0 1 0 0 0 0 1 0 1
0 0 0 0 1 0 0 0 0 1 1 0 0 0 0 0 0 0 1 0 1 1 0 0 0 0 0 1 0 0 0 0 0 1 0 0 0
0 0 1 0 1 1 0 0 0 1 1 0 1 1 0 0 1 0 0 0 0 0 0 1 1 0 0 0 0 1 0 0 0 1 0 1 0
0 0 1 1 100 1 1 0 0 10 10 1 1 1 0 1 1 0 10 0 1 1 1 1 10 1 0 10 1 1 0 1 1 0 0 10 0
1 0 0 0 0 1 1 1 0 0 1 1 0 1 0 0 0 0 0 0 0 1 0 0 0 1 0 0 0 1 1 0 0 0 0 0 1
0 0 1 1 10 1 1 0 0 1 1 1 1 1 0 1 1 0 1 0 0 0 1 1 10 1 0 1 1 1 0 0 1 10 0 0 0
1 0 0 0 0 1 1 1 0 0 1 1 0 1 0 0 0 0 0 0 0 1 0 0 0 1 0 0 0 1 1 0 0 0 1 0 0
3
3 2 3
4 4 3
5 3 3
1
2 9 
1 3
1 3
1 4
1 4
1 4
2 4
2 5
2 5
2 5
37 5
1 0
1 4
2 1 4
1 2
3 1 2 3
3 0 1 4
2 0 2
1 0
1 4
3 1 3 4
3 0 1 3
3 0 2 4
2 1 4
2 0 1
1 4
1 2
1 1
1 4
2 2 3
1 4
1 3
3 0 3 4
1 2
2 1 4
2 1 2
2 0 2
1 4
2 2 3
1 2
2 0 1
1 0
1 3
1 1
3 1 2 3
1 0
2 1 2
1 0
37 61
2 0 35
1 11
1 4
1 46
1 9
1 40
1 44
3 14 36 38
1 45
2 15 34
3 33 37 5
3 12 18 44
2 13 45
2 1 3
1 43
1 19
1 17
2 26 30
2 10 41
3 21 23 6
2 22 32
3 31 46 8
1 16
1 24
2 27 39
2 2 7
2 25 42
2 28 29
1 20
1 47
2 48 49
1 50
2 51 52
1 53
3 54 55 56
3 57 58 59
1 60
