93
0 1 10 1 1 1 0 0 1 0 10 1 1 1 1 1 1 0 0 1 1 0 10 1 0 0 0 0 0 0 0 0 10 1 0 1 0 1 1 0 10 1 1 0 0 1 1 1 1 1 1 1 0 1 0 10 0 0 0 1 0 1 1 1 1 1 0 10 0 1 1 0 0 10 1 0 1 0 1 1 1 1 1 0 0 1 0 1 1 0 1 0 0
1 0 1 1 0 0 0 0 1 0 1 0 1 0 1 1 1 0 0 0 0 0 1 1 0 0 0 0 0 0 0 0 1 0 0 0 0 0 1 0 1 1 1 0 0 1 0 1 0 1 1 1 0 0 0 1 0 0 0 0 0 1 0 0 0 1 0 1 0 1 0 0 0 1 1 0 1 0 0 1 0 0 1 0 0 0 0 0 0 0 0 0 0
10 1 0 1 0 0 0 0 1 0 1 0 1 1 1 1 1 0 0 0 0 0 1 1 0 0 0 0 0 0 0 0 1 0 0 1 0 1 1 0 1 1 1 0 0 1 0 1 0 1 1 1 0 0 0 10 0 0 0 0 0 1 1 0 1 1 0 10 0 1 0 0 0 10 1 0 1 0 0 1 1 0 1 0 0 1 0 1 1 0 1 0 0
1 1 1 0 0 0 0 0 1 0 1 0 1 10 10 1 1 1 1 10 1 1 1 1 0 0 0 1 10 1 10 1 1 0 0 0 0 0 1 0 10 10 1 0 1 1 0 1 0 1 10 1 1 1 0 1 0 1 0 1 1 100 10 0 0 1 1 1 10 1 0 1 0 10 1 1 1 10 1 1 0 1 10 0 1 0 10 1 10 1 0 0 1
1 0 0 0 0 10 1 0 0 1 1 1 0 0 0 0 1 0 0 1 1 0 1 0 1 1 1 0 0 0 0 0 1 10 1 1 1 0 0 1 1 0 0 1 0 0 10 0 10 0 1 0 0 1 1 0 1 0 1 1 0 0 0 1 0 1 0 0 0 0 10 1 1 0 0 0 0 0 1 0 0 1 0 1 0 0 0 0 0 0 0 1 0
1 0 0 0 10 0 1 0 0 1 1 1 0 0 0 0 1 0 0 1 1 0 1 0 1 1 1 0 0 0 0 0 1 10 1 1 1 0 0 1 1 0 0 1 0 0 10 0 10 0 1 0 0 1 1 0 1 0 1 1 0 0 0 1 0 1 0 0 0 0 10 1 1 0 0 0 0 0 1 0 0 1 0 1 0 0 0 0 0 0 0 1 0
0 0 0 0 1 1 0 0 0 1 0 0 0 0 0 0 1 0 0 0 0 0 0 0 1 1 1 0 0 0 0 0 0 1 1 1 1 0 0 1 0 0 0 1 0 0 1 0 1 0 1 0 0 0 1 0 1 0 1 0 0 0 0 0 0 1 0 0 0 0 1 1 1 0 0 0 0 0 0 0 0 0 0 1 0 0 0 0 0 0 0 1 0
0 0 0 0 0 0 0 0 1 0 0 0 0 0 0 0 0 0 0 0 0 0 0 0 0 0 0 0 0 0 0 0 1 1 0 0 0 0 1 0 0 0 0 1 0 0 0 0 0 0 0 0 0 0 0 0 0 0 0 0 0 0 0 0 0 0 0 0 0 0 0 0 0 0 0 0 0 0 0 1 0 0 0 0 0 0 0 0 0 0 1 0 0
1 1 1 1 0 0 0 1 0 0 1 0 1 0 1 1 1 0 0 0 0 0 1 1 0 0 0 0 0 0 0 0 10 1 0 0 0 0 10 0 1 1 1 1 0 1 0 1 0 1 1 1 0 0 0 1 0 0 0 0 0 1 0 0 0 1 0 1 0 1 0 0 0 1 1 0 1 0 0 10 0 0 1 0 0 0 0 0 0 0 1 0 0
0 0 0 0 1 1 1 0 0 0 0 0 0 0 0 0 1 0 0 0 0 0 0 0 1 1 1 0 0 0 0 0 0 1 1 1 1 0 0 1 0 0 0 1 0 0 1 0 1 0 1 0 0 0 1 0 1 0 1 0 0 0 0 0 0 1 0 0 0 0 1 1 1 0 0 0 0 0 0 0 0 0 0 1 0 0 0 0 0 0 0 1 0
10 1 1 1 1 1 0 0 1 0 0 1 1 0 1 1 1 0 0 1 1 0 10 1 0 0 0 0 0 0 0 0 10 1 0 0 0 0 1 0 10 1 1 0 0 1 1 1 1 1 1 1 0 1 0 1 0 0 0 1 0 1 0 1 0 1 0 1 0 1 1 0 0 1 1 0 1 0 1 1 0 1 1 0 0 0 0 0 0 0 0 0 0
1 0 0 0 1 1 0 0 0 0 1 0 0 0 0 0 0 0 0 1 1 0 1 0 0 0 0 0 0 0 0 0 1 1 0 0 0 0 0 0 1 0 0 0 0 0 1 0 1 0 0 0 0 1 0 0 0 0 0 1 0 0 0 1 0 0 0 0 0 0 1 0 0 0 0 0 0 0 1 0 0 1 0 0 0 0 0 0 0 0 0 0 0
1 1 1 1 0 0 0 0 1 0 1 0 0 0 1 1 1 0 0 0 0 0 1 1 0 0 0 0 0 0 0 0 1 0 0 0 0 0 1 0 1 1 1 0 0 1 0 1 0 1 1 1 0 0 0 1 0 0 0 0 0 1 0 0 0 1 0 1 0 1 0 0 0 1 1 0 1 0 0 1 0 0 1 0 0 0 0 0 0 0 0 0 0
1 0 1 10 0 0 0 0 0 0 0 0 0 0 1 0 0 1 1 10 1 1 0 0 0 0 0 1 10 1 10 1 0 0 0 1 0 1 0 0 1 1 0 0 1 0 0 0 0 0 1 0 1 1 0 1 0 1 0 1 1 10 100 0 1 0 1 1 10 0 0 1 0 10 0 1 0 10 1 0 1 1 1 0 1 1 10 10 100 1 1 0 1
1 1 1 10 0 0 0 0 1 0 1 0 1 1 0 1 1 1 1 1 0 1 1 1 0 0 0 0 1 0 1 0 1 0 0 0 0 0 1 0 1 1 1 0 0 1 0 1 0 1 1 1 0 0 0 1 0 0 0 0 0 10 1 0 0 1 0 1 1 1 0 0 0 10 1 0 1 1 1 1 0 0 1 0 1 0 1 0 1 0 0 0 0
1 1 1 1 0 0 0 0 1 0 1 0 1 0 1 0 1 0 0 0 0 0 1 1 0 0 0 0 0 0 0 0 1 0 0 0 0 0 1 0 1 1 1 0 0 1 0 1 0 1 1 1 0 0 0 1 0 0 0 0 0 1 0 0 0 1 0 1 0 1 0 0 0 1 1 0 1 0 0 1 0 0 1 0 0 0 0 0 0 0 0 0 0
1 1 1 1 1 1 1 0 1 1 1 0 1 0 1 1 0 0 0 0 0 1 1 1 1 1 1 0 0 0 0 0 1 1 1 1 1 1 1 1 1 1 1 1 0 1 1 1 1 1 10 1 0 0 1 1 1 0 1 1 1 1 0 0 0 10 0 1 0 1 1 1 1 1 1 0 1 0 1 1 1 0 1 1 0 0 0 0 0 0 0 1 0
0 0 0 1 0 0 0 0 0 0 0 0 0 1 1 0 0 0 1 1 0 1 0 0 0 0 0 0 1 0 1 0 0 0 0 0 0 0 0 0 0 0 0 0 0 0 0 0 0 0 0 0 0 0 0 0 0 0 0 0 0 1 1 0 0 0 0 0 1 0 0 0 0 1 0 0 0 1 1 0 0 0 0 0 1 0 1 0 1 0 0 0 0
0 0 0 1 0 0 0 0 0 0 0 0 0 1 1 0 0 1 0 1 0 1 0 0 0 0 0 0 1 0 1 0 0 0 0 0 0 0 0 0 0 0 0 0 0 0 0 0 0 0 0 0 0 0 0 0 0 0 0 0 0 1 1 0 0 0 0 0 1 0 0 0 0 1 0 0 0 1 1 0 0 0 0 0 1 0 1 0 1 0 0 0 0
1 0 0 10 1 1 0 0 0 0 1 1 0 10 1 0 0 1 1 0 10 1 1 0 0 0 0 1 10 1 10 1 1 1 0 0 0 0 0 0 10 1 0 0 1 0 1 0 1 0 1 0 1 10 0 0 0 1 0 10 1 10 10 1 0 0 1 0 10 0 1 1 0 1 0 1 0 10 10 0 0 10 1 0 1 0 10 1 10 1 0 0 1
1 0 0 1 1 1 0 0 0 0 1 1 0 1 0 0 0 0 0 10 0 0 1 0 0 0 0 1 1 1 1 1 1 1 0 0 0 0 0 0 10 1 0 0 1 0 1 0 1 0 1 0 1 10 0 0 0 1 0 10 1 1 1 1 0 0 1 0 1 0 1 1 0 0 0 1 0 1 1 0 0 10 1 0 0 0 1 1 1 1 0 0 1
0 0 0 1 0 0 0 0 0 0 0 0 0 1 1 0 1 1 1 1 0 0 0 0 0 0 0 0 1 0 1 0 0 0 0 0 0 1 0 0 0 0 0 0 0 0 0 0 0 0 0 0 0 0 0 0 0 0 0 1 1 1 1 0 0 0 0 0 1 0 0 0 0 1 0 0 0 1 10 0 1 0 0 0 1 0 1 0 1 0 0 0 0
10 1 1 1 1 1 0 0 1 0 10 1 1 0 1 1 1 0 0 1 1 0 0 1 0 0 0 0 0 0 0 0 10 1 0 0 0 0 1 0 10 1 1 0 0 1 1 1 1 1 1 1 0 1 0 1 0 0 0 1 0 1 0 1 0 1 0 1 0 1 1 0 0 1 1 0 1 0 1 1 0 1 1 0 0 0 0 0 0 0 0 0 0
1 1 1 1 0 0 0 0 1 0 1 0 1 0 1 1 1 0 0 0 0 0 1 0 0 0 0 0 0 0 0 0 1 0 0 0 0 0 1 0 1 1 1 0 0 1 0 1 0 1 1 1 0 0 0 1 0 0 0 0 0 1 0 0 0 1 0 1 0 1 0 0 0 1 1 0 1 0 0 1 0 0 1 0 0 0 0 0 0 0 0 0 0
0 0 0 0 1 1 1 0 0 1 0 0 0 0 0 0 1 0 0 0 0 0 0 0 0 1 1 0 0 0 0 0 0 1 1 1 1 0 0 1 0 0 0 1 0 0 1 0 1 0 1 0 0 0 1 0 1 0 1 0 0 0 0 0 0 1 0 0 0 0 1 1 1 0 0 0 0 0 0 0 0 0 0 1 0 0 0 0 0 0 0 1 0
0 0 0 0 1 1 1 0 0 1 0 0 0 0 0 0 1 0 0 0 0 0 0 0 1 0 1 0 0 0 0 0 0 1 1 1 1 0 0 1 0 0 0 1 0 0 1 0 1 0 1 0 0 0 1 0 1 0 1 0 0 0 0 0 0 1 0 0 0 0 1 1 1 0 0 0 0 0 0 0 0 0 0 1 0 0 0 0 0 0 0 1 0
0 0 0 0 1 1 1 0 0 1 0 0 0 0 0 0 1 0 0 0 0 0 0 0 1 1 0 0 0 0 0 0 0 1 1 1 1 0 0 1 0 0 0 1 0 0 1 0 1 0 1 0 0 0 1 0 1 0 1 0 0 0 0 0 0 1 0 0 0 0 1 1 1 0 0 0 0 0 0 0 0 0 0 1 0 0 0 0 0 0 0 1 0
0 0 0 1 0 0 0 0 0 0 0 0 0 1 0 0 0 0 0 1 1 0 0 0 0 0 0 0 1 1 1 1 0 0 0 0 0 0 0 0 1 1 0 0 1 0 0 0 0 0 1 0 1 1 0 0 0 1 0 1 1 1 1 0 0 0 1 0 1 0 0 1 0 0 0 1 0 1 0 0 0 1 1 0 0 0 1 1 1 1 0 0 1
0 0 0 10 0 0 0 0 0 0 0 0 0 10 1 0 0 1 1 10 1 1 0 0 0 0 0 1 0 1 10 1 0 0 0 0 0 0 0 0 1 1 0 0 1 0 0 0 0 0 1 0 1 1 0 0 0 1 0 1 1 10 10 0 0 0 1 0 10 0 0 1 0 1 0 1 0 10 1 0 0 1 1 0 1 0 10 1 10 1 0 0 1
0 0 0 1 0 0 0 0 0 0 0 0 0 1 0 0 0 0 0 1 1 0 0 0 0 0 0 1 1 0 1 1 0 0 0 0 0 0 0 0 1 1 0 0 1 0 0 0 0 0 1 0 1 1 0 0 0 1 0 1 1 1 1 0 0 0 1 0 1 0 0 1 0 0 0 1 0 1 0 0 0 1 1 0 0 0 1 1 1 1 0 0 1
0 0 0 10 0 0 0 0 0 0 0 0 0 10 1 0 0 1 1 10 1 1 0 0 0 0 0 1 10 1 0 1 0 0 0 0 0 0 0 0 1 1 0 0 1 0 0 0 0 0 1 0 1 1 0 0 0 1 0 1 1 10 10 0 0 0 1 0 10 0 0 1 0 1 0 1 0 10 1 0 0 1 1 0 1 0 10 1 10 1 0 0 1
0 0 0 1 0 0 0 0 0 0 0 0 0 1 0 0 0 0 0 1 1 0 0 0 0 0 0 1 1 1 1 0 0 0 0 0 0 0 0 0 1 1 0 0 1 0 0 0 0 0 1 0 1 1 0 0 0 1 0 1 1 1 1 0 0 0 1 0 1 0 0 1 0 0 0 1 0 1 0 0 0 1 1 0 0 0 1 1 1 1 0 0 1
10 1 1 1 1 1 0 1 10 0 10 1 1 0 1 1 1 0 0 1 1 0 10 1 0 0 0 0 0 0 0 0 0 10 0 0 0 0 10 0 10 1 1 1 0 1 1 1 1 1 1 1 0 1 0 1 0 0 0 1 0 1 0 1 0 1 0 1 0 1 1 0 0 1 1 0 1 0 1 10 0 1 1 0 0 0 0 0 0 0 1 0 0
1 0 0 0 10 10 1 1 1 1 1 1 0 0 0 0 1 0 0 1 1 0 1 0 1 1 1 0 0 0 0 0 10 0 1 1 1 0 1 1 1 0 0 10 0 0 10 0 10 0 1 0 0 1 1 0 1 0 1 1 0 0 0 1 0 1 0 0 0 0 10 1 1 0 0 0 0 0 1 1 0 1 0 1 0 0 0 0 0 0 1 1 0
0 0 0 0 1 1 1 0 0 1 0 0 0 0 0 0 1 0 0 0 0 0 0 0 1 1 1 0 0 0 0 0 0 1 0 1 1 0 0 1 0 0 0 1 0 0 1 0 1 0 1 0 0 0 1 0 1 0 1 0 0 0 0 0 0 1 0 0 0 0 1 1 1 0 0 0 0 0 0 0 0 0 0 1 0 0 0 0 0 0 0 1 0
1 0 1 0 1 1 1 0 0 1 0 0 0 1 0 0 1 0 0 0 0 0 0 0 1 1 1 0 0 0 0 0 0 1 1 0 1 1 0 1 0 0 0 1 0 0 1 0 1 0 1 0 0 0 1 1 1 0 1 0 0 0 1 0 1 1 0 1 0 0 1 1 1 1 0 0 0 0 0 0 1 0 0 1 0 1 0 1 1 0 1 1 0
0 0 0 0 1 1 1 0 0 1 0 0 0 0 0 0 1 0 0 0 0 0 0 0 1 1 1 0 0 0 0 0 0 1 1 1 0 0 0 1 0 0 0 1 0 0 1 0 1 0 1 0 0 0 1 0 1 0 1 0 0 0 0 0 0 1 0 0 0 0 1 1 1 0 0 0 0 0 0 0 0 0 0 1 0 0 0 0 0 0 0 1 0
1 0 1 0 0 0 0 0 0 0 0 0 0 1 0 0 1 0 0 0 0 1 0 0 0 0 0 0 0 0 0 0 0 0 0 1 0 0 0 0 0 0 0 0 0 0 0 0 0 0 0 0 0 0 0 1 0 0 0 1 1 0 1 0 1 0 0 1 0 0 0 0 0 1 0 0 0 0 1 0 10 0 0 0 0 1 0 1 1 0 1 0 0
1 1 1 1 0 0 0 1 10 0 1 0 1 0 1 1 1 0 0 0 0 0 1 1 0 0 0 0 0 0 0 0 10 1 0 0 0 0 0 0 1 1 1 1 0 1 0 1 0 1 1 1 0 0 0 1 0 0 0 0 0 1 0 0 0 1 0 1 0 1 0 0 0 1 1 0 1 0 0 10 0 0 1 0 0 0 0 0 0 0 1 0 0
0 0 0 0 1 1 1 0 0 1 0 0 0 0 0 0 1 0 0 0 0 0 0 0 1 1 1 0 0 0 0 0 0 1 1 1 1 0 0 0 0 0 0 1 0 0 1 0 1 0 1 0 0 0 1 0 1 0 1 0 0 0 0 0 0 1 0 0 0 0 1 1 1 0 0 0 0 0 0 0 0 0 0 1 0 0 0 0 0 0 0 1 0
10 1 1 10 1 1 0 0 1 0 10 1 1 1 1 1 1 0 0 10 10 0 10 1 0 0 0 1 1 1 1 1 10 1 0 0 0 0 1 0 0 10 1 0 1 1 1 1 1 1 10 1 1 10 0 1 0 1 0 10 1 10 1 1 0 1 1 1 1 1 1 1 0 1 1 1 1 1 1 1 0 10 10 0 0 0 1 1 1 1 0 0 1
1 1 1 10 0 0 0 0 1 0 1 0 1 1 1 1 1 0 0 1 1 0 1 1 0 0 0 1 1 1 1 1 1 0 0 0 0 0 1 0 10 0 1 0 1 1 0 1 0 1 10 1 1 1 0 1 0 1 0 1 1 10 1 0 0 1 1 1 1 1 0 1 0 1 1 1 1 1 0 1 0 1 10 0 0 0 1 1 1 1 0 0 1
1 1 1 1 0 0 0 0 1 0 1 0 1 0 1 1 1 0 0 0 0 0 1 1 0 0 0 0 0 0 0 0 1 0 0 0 0 0 1 0 1 1 0 0 0 1 0 1 0 1 1 1 0 0 0 1 0 0 0 0 0 1 0 0 0 1 0 1 0 1 0 0 0 1 1 0 1 0 0 1 0 0 1 0 0 0 0 0 0 0 0 0 0
0 0 0 0 1 1 1 1 1 1 0 0 0 0 0 0 1 0 0 0 0 0 0 0 1 1 1 0 0 0 0 0 1 10 1 1 1 0 1 1 0 0 0 0 0 0 1 0 1 0 1 0 0 0 1 0 1 0 1 0 0 0 0 0 0 1 0 0 0 0 1 1 1 0 0 0 0 0 0 1 0 0 0 1 0 0 0 0 0 0 1 1 0
0 0 0 1 0 0 0 0 0 0 0 0 0 1 0 0 0 0 0 1 1 0 0 0 0 0 0 1 1 1 1 1 0 0 0 0 0 0 0 0 1 1 0 0 0 0 0 0 0 0 1 0 1 1 0 0 0 1 0 1 1 1 1 0 0 0 1 0 1 0 0 1 0 0 0 1 0 1 0 0 0 1 1 0 0 0 1 1 1 1 0 0 1
1 1 1 1 0 0 0 0 1 0 1 0 1 0 1 1 1 0 0 0 0 0 1 1 0 0 0 0 0 0 0 0 1 0 0 0 0 0 1 0 1 1 1 0 0 0 0 1 0 1 1 1 0 0 0 1 0 0 0 0 0 1 0 0 0 1 0 1 0 1 0 0 0 1 1 0 1 0 0 1 0 0 1 0 0 0 0 0 0 0 0 0 0
1 0 0 0 10 10 1 0 0 1 1 1 0 0 0 0 1 0 0 1 1 0 1 0 1 1 1 0 0 0 0 0 1 10 1 1 1 0 0 1 1 0 0 1 0 0 0 0 10 0 1 0 0 1 1 0 1 0 1 1 0 0 0 1 0 1 0 0 0 0 10 1 1 0 0 0 0 0 1 0 0 1 0 1 0 0 0 0 0 0 0 1 0
1 1 1 1 0 0 0 0 1 0 1 0 1 0 1 1 1 0 0 0 0 0 1 1 0 0 0 0 0 0 0 0 1 0 0 0 0 0 1 0 1 1 1 0 0 1 0 0 0 1 1 1 0 0 0 1 0 0 0 0 0 1 0 0 0 1 0 1 0 1 0 0 0 1 1 0 1 0 0 1 0 0 1 0 0 0 0 0 0 0 0 0 0
1 0 0 0 10 10 1 0 0 1 1 1 0 0 0 0 1 0 0 1 1 0 1 0 1 1 1 0 0 0 0 0 1 10 1 1 1 0 0 1 1 0 0 1 0 0 10 0 0 0 1 0 0 1 1 0 1 0 1 1 0 0 0 1 0 1 0 0 0 0 10 1 1 0 0 0 0 0 1 0 0 1 0 1 0 0 0 0 0 0 0 1 0
1 1 1 1 0 0 0 0 1 0 1 0 1 0 1 1 1 0 0 0 0 0 1 1 0 0 0 0 0 0 0 0 1 0 0 0 0 0 1 0 1 1 1 0 0 1 0 1 0 0 1 1 0 0 0 1 0 0 0 0 0 1 0 0 0 1 0 1 0 1 0 0 0 1 1 0 1 0 0 1 0 0 1 0 0 0 0 0 0 0 0 0 0
1 1 1 10 1 1 1 0 1 1 1 0 1 1 1 1 10 0 0 1 1 0 1 1 1 1 1 1 1 1 1 1 1 1 1 1 1 0 1 1 10 10 1 1 1 1 1 1 1 1 0 1 1 1 1 1 1 1 1 1 1 10 1 0 0 10 1 1 1 1 1 10 1 1 1 1 1 1 0 1 0 1 10 1 0 0 1 1 1 1 0 1 1
1 1 1 1 0 0 0 0 1 0 1 0 1 0 1 1 1 0 0 0 0 0 1 1 0 0 0 0 0 0 0 0 1 0 0 0 0 0 1 0 1 1 1 0 0 1 0 1 0 1 1 0 0 0 0 1 0 0 0 0 0 1 0 0 0 1 0 1 0 1 0 0 0 1 1 0 1 0 0 1 0 0 1 0 0 0 0 0 0 0 0 0 0
0 0 0 1 0 0 0 0 0 0 0 0 0 1 0 0 0 0 0 1 1 0 0 0 0 0 0 1 1 1 1 1 0 0 0 0 0 0 0 0 1 1 0 0 1 0 0 0 0 0 1 0 0 1 0 0 0 1 0 1 1 1 1 0 0 0 1 0 1 0 0 1 0 0 0 1 0 1 0 0 0 1 1 0 0 0 1 1 1 1 0 0 1
1 0 0 1 1 1 0 0 0 0 1 1 0 1 0 0 0 0 0 10 10 0 1 0 0 0 0 1 1 1 1 1 1 1 0 0 0 0 0 0 10 1 0 0 1 0 1 0 1 0 1 0 1 0 0 0 0 1 0 10 1 1 1 1 0 0 1 0 1 0 1 1 0 0 0 1 0 1 1 0 0 10 1 0 0 0 1 1 1 1 0 0 1
0 0 0 0 1 1 1 0 0 1 0 0 0 0 0 0 1 0 0 0 0 0 0 0 1 1 1 0 0 0 0 0 0 1 1 1 1 0 0 1 0 0 0 1 0 0 1 0 1 0 1 0 0 0 0 0 1 0 1 0 0 0 0 0 0 1 0 0 0 0 1 1 1 0 0 0 0 0 0 0 0 0 0 1 0 0 0 0 0 0 0 1 0
10 1 10 1 0 0 0 0 1 0 1 0 1 1 1 1 1 0 0 0 0 0 1 1 0 0 0 0 0 0 0 0 1 0 0 1 0 1 1 0 1 1 1 0 0 1 0 1 0 1 1 1 0 0 0 0 0 0 0 0 0 1 1 0 1 1 0 10 0 1 0 0 0 10 1 0 1 0 0 1 1 0 1 0 0 1 0 1 1 0 1 0 0
0 0 0 0 1 1 1 0 0 1 0 0 0 0 0 0 1 0 0 0 0 0 0 0 1 1 1 0 0 0 0 0 0 1 1 1 1 0 0 1 0 0 0 1 0 0 1 0 1 0 1 0 0 0 1 0 0 0 1 0 0 0 0 0 0 1 0 0 0 0 1 1 1 0 0 0 0 0 0 0 0 0 0 1 0 0 0 0 0 0 0 1 0
0 0 0 1 0 0 0 0 0 0 0 0 0 1 0 0 0 0 0 1 1 0 0 0 0 0 0 1 1 1 1 1 0 0 0 0 0 0 0 0 1 1 0 0 1 0 0 0 0 0 1 0 1 1 0 0 0 0 0 1 1 1 1 0 0 0 1 0 1 0 0 1 0 0 0 1 0 1 0 0 0 1 1 0 0 0 1 1 1 1 0 0 1
0 0 0 0 1 1 1 0 0 1 0 0 0 0 0 0 1 0 0 0 0 0 0 0 1 1 1 0 0 0 0 0 0 1 1 1 1 0 0 1 0 0 0 1 0 0 1 0 1 0 1 0 0 0 1 0 1 0 0 0 0 0 0 0 0 1 0 0 0 0 1 1 1 0 0 0 0 0 0 0 0 0 0 1 0 0 0 0 0 0 0 1 0
1 0 0 1 1 1 0 0 0 0 1 1 0 1 0 0 1 0 0 10 10 1 1 0 0 0 0 1 1 1 1 1 1 1 0 0 0 1 0 0 10 1 0 0 1 0 1 0 1 0 1 0 1 10 0 0 0 1 0 0 10 1 1 1 0 0 1 0 1 0 1 1 0 0 0 1 0 1 10 0 1 10 1 0 0 0 1 1 1 1 0 0 1
0 0 0 1 0 0 0 0 0 0 0 0 0 1 0 0 1 0 0 1 1 1 0 0 0 0 0 1 1 1 1 1 0 0 0 0 0 1 0 0 1 1 0 0 1 0 0 0 0 0 1 0 1 1 0 0 0 1 0 10 0 1 1 0 0 0 1 0 1 0 0 1 0 0 0 1 0 1 1 0 1 1 1 0 0 0 1 1 1 1 0 0 1
1 1 1 100 0 0 0 0 1 0 1 0 1 10 10 1 1 1 1 10 1 1 1 1 0 0 0 1 10 1 10 1 1 0 0 0 0 0 1 0 10 10 1 0 1 1 0 1 0 1 10 1 1 1 0 1 0 1 0 1 1 0 10 0 0 1 1 1 10 1 0 1 0 10 1 1 1 10 1 1 0 1 10 0 1 0 10 1 10 1 0 0 1
1 0 1 10 0 0 0 0 0 0 0 0 0 100 1 0 0 1 1 10 1 1 0 0 0 0 0 1 10 1 10 1 0 0 0 1 0 1 0 0 1 1 0 0 1 0 0 0 0 0 1 0 1 1 0 1 0 1 0 1 1 10 0 0 1 0 1 1 10 0 0 1 0 10 0 1 0 10 1 0 1 1 1 0 1 1 10 10 100 1 1 0 1
1 0 0 0 1 1 0 0 0 0 1 1 0 0 0 0 0 0 0 1 1 0 1 0 0 0 0 0 0 0 0 0 1 1 0 0 0 0 0 0 1 0 0 0 0 0 1 0 1 0 0 0 0 1 0 0 0 0 0 1 0 0 0 0 0 0 0 0 0 0 1 0 0 0 0 0 0 0 1 0 0 1 0 0 0 0 0 0 0 0 0 0 0
1 0 1 0 0 0 0 0 0 0 0 0 0 1 0 0 0 0 0 0 0 0 0 0 0 0 0 0 0 0 0 0 0 0 0 1 0 1 0 0 0 0 0 0 0 0 0 0 0 0 0 0 0 0 0 1 0 0 0 0 0 0 1 0 0 0 0 1 0 0 0 0 0 1 0 0 0 0 0 0 1 0 0 0 0 1 0 1 1 0 1 0 0
1 1 1 1 1 1 1 0 1 1 1 0 1 0 1 1 10 0 0 0 0 0 1 1 1 1 1 0 0 0 0 0 1 1 1 1 1 0 1 1 1 1 1 1 0 1 1 1 1 1 10 1 0 0 1 1 1 0 1 0 0 1 0 0 0 0 0 1 0 1 1 1 1 1 1 0 1 0 0 1 0 0 1 1 0 0 0 0 0 0 0 1 0
0 0 0 1 0 0 0 0 0 0 0 0 0 1 0 0 0 0 0 1 1 0 0 0 0 0 0 1 1 1 1 1 0 0 0 0 0 0 0 0 1 1 0 0 1 0 0 0 0 0 1 0 1 1 0 0 0 1 0 1 1 1 1 0 0 0 0 0 1 0 0 1 0 0 0 1 0 1 0 0 0 1 1 0 0 0 1 1 1 1 0 0 1
10 1 10 1 0 0 0 0 1 0 1 0 1 1 1 1 1 0 0 0 0 0 1 1 0 0 0 0 0 0 0 0 1 0 0 1 0 1 1 0 1 1 1 0 0 1 0 1 0 1 1 1 0 0 0 10 0 0 0 0 0 1 1 0 1 1 0 0 0 1 0 0 0 10 1 0 1 0 0 1 1 0 1 0 0 1 0 1 1 0 1 0 0
0 0 0 10 0 0 0 0 0 0 0 0 0 10 1 0 0 1 1 10 1 1 0 0 0 0 0 1 10 1 10 1 0 0 0 0 0 0 0 0 1 1 0 0 1 0 0 0 0 0 1 0 1 1 0 0 0 1 0 1 1 10 10 0 0 0 1 0 0 0 0 1 0 1 0 1 0 10 1 0 0 1 1 0 1 0 10 1 10 1 0 0 1
1 1 1 1 0 0 0 0 1 0 1 0 1 0 1 1 1 0 0 0 0 0 1 1 0 0 0 0 0 0 0 0 1 0 0 0 0 0 1 0 1 1 1 0 0 1 0 1 0 1 1 1 0 0 0 1 0 0 0 0 0 1 0 0 0 1 0 1 0 0 0 0 0 1 1 0 1 0 0 1 0 0 1 0 0 0 0 0 0 0 0 0 0
1 0 0 0 10 10 1 0 0 1 1 1 0 0 0 0 1 0 0 1 1 0 1 0 1 1 1 0 0 0 0 0 1 10 1 1 1 0 0 1 1 0 0 1 0 0 10 0 10 0 1 0 0 1 1 0 1 0 1 1 0 0 0 1 0 1 0 0 0 0 0 1 1 0 0 0 0 0 1 0 0 1 0 1 0 0 0 0 0 0 0 1 0
0 0 0 1 1 1 1 0 0 1 0 0 0 1 0 0 1 0 0 1 1 0 0 0 1 1 1 1 1 1 1 1 0 1 1 1 1 0 0 1 1 1 0 1 1 0 1 0 1 0 10 0 1 1 1 0 1 1 1 1 1 1 1 0 0 1 1 0 1 0 1 0 1 0 0 1 0 1 0 0 0 1 1 1 0 0 1 1 1 1 0 1 1
0 0 0 0 1 1 1 0 0 1 0 0 0 0 0 0 1 0 0 0 0 0 0 0 1 1 1 0 0 0 0 0 0 1 1 1 1 0 0 1 0 0 0 1 0 0 1 0 1 0 1 0 0 0 1 0 1 0 1 0 0 0 0 0 0 1 0 0 0 0 1 1 0 0 0 0 0 0 0 0 0 0 0 1 0 0 0 0 0 0 0 1 0
10 1 10 10 0 0 0 0 1 0 1 0 1 10 10 1 1 1 1 1 0 1 1 1 0 0 0 0 1 0 1 0 1 0 0 1 0 1 1 0 1 1 1 0 0 1 0 1 0 1 1 1 0 0 0 10 0 0 0 0 0 10 10 0 1 1 0 10 1 1 0 0 0 0 1 0 1 1 1 1 1 0 1 0 1 1 1 1 10 0 1 0 0
1 1 1 1 0 0 0 0 1 0 1 0 1 0 1 1 1 0 0 0 0 0 1 1 0 0 0 0 0 0 0 0 1 0 0 0 0 0 1 0 1 1 1 0 0 1 0 1 0 1 1 1 0 0 0 1 0 0 0 0 0 1 0 0 0 1 0 1 0 1 0 0 0 1 0 0 1 0 0 1 0 0 1 0 0 0 0 0 0 0 0 0 0
0 0 0 1 0 0 0 0 0 0 0 0 0 1 0 0 0 0 0 1 1 0 0 0 0 0 0 1 1 1 1 1 0 0 0 0 0 0 0 0 1 1 0 0 1 0 0 0 0 0 1 0 1 1 0 0 0 1 0 1 1 1 1 0 0 0 1 0 1 0 0 1 0 0 0 0 0 1 0 0 0 1 1 0 0 0 1 1 1 1 0 0 1
1 1 1 1 0 0 0 0 1 0 1 0 1 0 1 1 1 0 0 0 0 0 1 1 0 0 0 0 0 0 0 0 1 0 0 0 0 0 1 0 1 1 1 0 0 1 0 1 0 1 1 1 0 0 0 1 0 0 0 0 0 1 0 0 0 1 0 1 0 1 0 0 0 1 1 0 0 0 0 1 0 0 1 0 0 0 0 0 0 0 0 0 0
0 0 0 10 0 0 0 0 0 0 0 0 0 10 1 0 0 1 1 10 1 1 0 0 0 0 0 1 10 1 10 1 0 0 0 0 0 0 0 0 1 1 0 0 1 0 0 0 0 0 1 0 1 1 0 0 0 1 0 1 1 10 10 0 0 0 1 0 10 0 0 1 0 1 0 1 0 0 1 0 0 1 1 0 1 0 10 1 10 1 0 0 1
1 0 0 1 1 1 0 0 0 0 1 1 0 1 1 0 1 1 1 10 1 10 1 0 0 0 0 0 1 0 1 0 1 1 0 0 0 1 0 0 1 0 0 0 0 0 1 0 1 0 0 0 0 1 0 0 0 0 0 10 1 1 1 1 0 0 0 0 1 0 1 0 0 1 0 0 0 1 0 0 1 1 0 0 1 0 1 0 1 0 0 0 0
1 1 1 1 0 0 0 1 10 0 1 0 1 0 1 1 1 0 0 0 0 0 1 1 0 0 0 0 0 0 0 0 10 1 0 0 0 0 10 0 1 1 1 1 0 1 0 1 0 1 1 1 0 0 0 1 0 0 0 0 0 1 0 0 0 1 0 1 0 1 0 0 0 1 1 0 1 0 0 0 0 0 1 0 0 0 0 0 0 0 1 0 0
1 0 1 0 0 0 0 0 0 0 0 0 0 1 0 0 1 0 0 0 0 1 0 0 0 0 0 0 0 0 0 0 0 0 0 1 0 10 0 0 0 0 0 0 0 0 0 0 0 0 0 0 0 0 0 1 0 0 0 1 1 0 1 0 1 0 0 1 0 0 0 0 0 1 0 0 0 0 1 0 0 0 0 0 0 1 0 1 1 0 1 0 0
1 0 0 1 1 1 0 0 0 0 1 1 0 1 0 0 0 0 0 10 10 0 1 0 0 0 0 1 1 1 1 1 1 1 0 0 0 0 0 0 10 1 0 0 1 0 1 0 1 0 1 0 1 10 0 0 0 1 0 10 1 1 1 1 0 0 1 0 1 0 1 1 0 0 0 1 0 1 1 0 0 0 1 0 0 0 1 1 1 1 0 0 1
1 1 1 10 0 0 0 0 1 0 1 0 1 1 1 1 1 0 0 1 1 0 1 1 0 0 0 1 1 1 1 1 1 0 0 0 0 0 1 0 10 10 1 0 1 1 0 1 0 1 10 1 1 1 0 1 0 1 0 1 1 10 1 0 0 1 1 1 1 1 0 1 0 1 1 1 1 1 0 1 0 1 0 0 0 0 1 1 1 1 0 0 1
0 0 0 0 1 1 1 0 0 1 0 0 0 0 0 0 1 0 0 0 0 0 0 0 1 1 1 0 0 0 0 0 0 1 1 1 1 0 0 1 0 0 0 1 0 0 1 0 1 0 1 0 0 0 1 0 1 0 1 0 0 0 0 0 0 1 0 0 0 0 1 1 1 0 0 0 0 0 0 0 0 0 0 0 0 0 0 0 0 0 0 1 0
0 0 0 1 0 0 0 0 0 0 0 0 0 1 1 0 0 1 1 1 0 1 0 0 0 0 0 0 1 0 1 0 0 0 0 0 0 0 0 0 0 0 0 0 0 0 0 0 0 0 0 0 0 0 0 0 0 0 0 0 0 1 1 0 0 0 0 0 1 0 0 0 0 1 0 0 0 1 1 0 0 0 0 0 0 0 1 0 1 0 0 0 0
1 0 1 0 0 0 0 0 0 0 0 0 0 1 0 0 0 0 0 0 0 0 0 0 0 0 0 0 0 0 0 0 0 0 0 1 0 1 0 0 0 0 0 0 0 0 0 0 0 0 0 0 0 0 0 1 0 0 0 0 0 0 1 0 1 0 0 1 0 0 0 0 0 1 0 0 0 0 0 0 1 0 0 0 0 0 0 1 1 0 1 0 0
0 0 0 10 0 0 0 0 0 0 0 0 0 10 1 0 0 1 1 10 1 1 0 0 0 0 0 1 10 1 10 1 0 0 0 0 0 0 0 0 1 1 0 0 1 0 0 0 0 0 1 0 1 1 0 0 0 1 0 1 1 10 10 0 0 0 1 0 10 0 0 1 0 1 0 1 0 10 1 0 0 1 1 0 1 0 0 1 10 1 0 0 1
1 0 1 1 0 0 0 0 0 0 0 0 0 10 0 0 0 0 0 1 1 0 0 0 0 0 0 1 1 1 1 1 0 0 0 1 0 1 0 0 1 1 0 0 1 0 0 0 0 0 1 0 1 1 0 1 0 1 0 1 1 1 10 0 1 0 1 1 1 0 0 1 0 1 0 1 0 1 0 0 1 1 1 0 0 1 1 0 10 1 1 0 1
1 0 1 10 0 0 0 0 0 0 0 0 0 100 1 0 0 1 1 10 1 1 0 0 0 0 0 1 10 1 10 1 0 0 0 1 0 1 0 0 1 1 0 0 1 0 0 0 0 0 1 0 1 1 0 1 0 1 0 1 1 10 100 0 1 0 1 1 10 0 0 1 0 10 0 1 0 10 1 0 1 1 1 0 1 1 10 10 0 1 1 0 1
0 0 0 1 0 0 0 0 0 0 0 0 0 1 0 0 0 0 0 1 1 0 0 0 0 0 0 1 1 1 1 1 0 0 0 0 0 0 0 0 1 1 0 0 1 0 0 0 0 0 1 0 1 1 0 0 0 1 0 1 1 1 1 0 0 0 1 0 1 0 0 1 0 0 0 1 0 1 0 0 0 1 1 0 0 0 1 1 1 0 0 0 1
1 0 1 0 0 0 0 1 1 0 0 0 0 1 0 0 0 0 0 0 0 0 0 0 0 0 0 0 0 0 0 0 1 1 0 1 0 1 1 0 0 0 0 1 0 0 0 0 0 0 0 0 0 0 0 1 0 0 0 0 0 0 1 0 1 0 0 1 0 0 0 0 0 1 0 0 0 0 0 1 1 0 0 0 0 1 0 1 1 0 0 0 0
0 0 0 0 1 1 1 0 0 1 0 0 0 0 0 0 1 0 0 0 0 0 0 0 1 1 1 0 0 0 0 0 0 1 1 1 1 0 0 1 0 0 0 1 0 0 1 0 1 0 1 0 0 0 1 0 1 0 1 0 0 0 0 0 0 1 0 0 0 0 1 1 1 0 0 0 0 0 0 0 0 0 0 1 0 0 0 0 0 0 0 0 0
0 0 0 1 0 0 0 0 0 0 0 0 0 1 0 0 0 0 0 1 1 0 0 0 0 0 0 1 1 1 1 1 0 0 0 0 0 0 0 0 1 1 0 0 1 0 0 0 0 0 1 0 1 1 0 0 0 1 0 1 1 1 1 0 0 0 1 0 1 0 0 1 0 0 0 1 0 1 0 0 0 1 1 0 0 0 1 1 1 1 0 0 0
4
3 1 3
4 13 3
5 4 3
6 3 3
5
2 4 
1 4
1 4
2 5
2 5
2 4 
1 4
1 4
2 5
2 5
2 6 
1 4
1 4
1 4
2 4
2 4
2 4
1 3 
1 6
1 6
1 6
2 4 
1 4
1 4
2 4
2 3
93 8
3 0 1 2
1 2
2 1 2
3 3 2 4
2 0 5
2 0 5
1 5
1 6
2 6 2
1 5
2 0 2
1 0
1 2
3 3 1 4
2 3 2
1 2
3 2 5 7
1 3
1 3
3 3 4 0
2 0 4
2 3 7
2 0 2
1 2
1 5
1 5
1 5
1 4
2 3 4
1 4
2 3 4
1 4
3 6 0 2
3 6 0 5
1 5
2 1 5
1 5
2 1 7
2 6 2
1 5
3 0 2 4
2 2 4
1 2
2 6 5
1 4
1 2
2 0 5
1 2
2 0 5
1 2
3 2 5 4
1 2
1 4
2 0 4
1 5
2 1 2
1 5
1 4
1 5
3 0 7 4
2 7 4
3 3 4 2
3 3 1 4
1 0
1 1
2 2 5
1 4
2 1 2
2 3 4
1 2
2 0 5
2 5 4
1 5
3 3 1 2
1 2
1 4
1 2
2 3 4
3 0 3 7
2 6 2
2 1 7
2 0 4
2 2 4
1 5
1 3
1 1
2 3 4
2 1 4
3 3 1 4
1 4
2 6 1
1 5
1 4
93 126
3 0 1 2
3 3 0 2
2 4 0
1 5
2 6 7
2 8 7
3 9 10 7
2 11 12
2 13 14
2 15 16
2 17 16
1 18
3 19 20 16
1 21
1 22
2 23 16
3 24 25 26
1 27
1 28
1 29
2 30 31
1 32
1 33
1 34
2 35 36
2 36 37
2 36 38
1 39
1 40
1 41
2 42 43
2 44 42
2 45 46
3 47 48 49
2 50 36
3 51 52 53
2 54 36
1 55
2 56 16
4 57 58 59 60
1 61
1 62
2 59 63
2 64 65
1 66
3 67 16 68
2 69 48
1 70
2 71 48
3 14 46 72
1 73
2 74 0
1 75
1 76
1 77
4 78 16 67 34
2 79 77
1 80
3 81 82 83
2 84 70
2 85 86
1 87
1 88
2 89 48
1 90
1 86
1 91
1 92
1 93
2 94 0
3 95 7 48
1 96
2 97 36
1 98
2 99 100
1 101
1 102
1 103
1 104
4 105 46 106 107
3 108 109 110
2 111 112
1 113
2 114 115
1 116
1 117
1 118
1 119
1 120
1 121
3 122 70 123
1 124
1 125
