47
0 10 0 10 1 0 10 1 1 10 0 0 0 1 0 1 0 10 1 1 1 1 1 1 1 1 10 1 0 1 0 10 1 10 1 1 1 10 1 1 1 10 10 0 1 1 1
10 0 1 10 1 0 1 0 1 100 0 1 1 1 1 10 0 1 1 1 1 0 1 1 0 0 1 0 1 0 0 100 1 1 0 1 1 1 0 1 1 10 10 0 1 0 10
0 1 0 0 0 1 1 1 1 1 1 10 1 1 10 1 1 1 1 0 1 0 0 0 0 0 0 1 1 0 1 1 1 0 0 1 1 0 0 1 0 1 0 1 0 0 1
10 10 0 0 1 0 1 0 1 10 0 0 0 0 0 1 0 1 1 1 1 0 1 1 0 0 1 0 0 0 0 10 1 1 0 1 1 1 0 1 1 1 10 0 1 0 1
1 1 0 1 0 0 1 0 0 1 0 0 0 0 0 0 0 0 0 1 1 0 0 0 0 0 1 0 0 0 0 1 1 1 0 1 0 0 0 1 1 0 1 0 1 0 0
0 0 1 0 0 0 1 1 1 0 1 1 0 0 1 0 1 1 1 0 1 0 0 0 0 0 0 1 0 0 1 0 1 0 0 1 1 0 0 1 0 0 0 1 0 0 0
10 1 1 1 1 1 0 10 1 1 1 1 0 1 1 0 1 10 1 1 10 1 0 0 1 1 10 10 0 1 1 1 10 10 1 10 1 1 1 10 1 1 1 1 1 1 0
1 0 1 0 0 1 10 0 1 0 1 1 0 1 1 0 1 10 1 0 1 1 0 0 1 1 1 10 0 1 1 0 1 1 1 1 1 1 1 1 0 1 0 1 0 1 0
1 1 1 1 0 1 1 1 0 1 1 1 0 0 1 1 1 10 10 0 1 0 1 1 0 0 0 1 0 0 1 1 1 0 0 1 10 1 0 1 0 1 1 1 0 0 1
10 100 1 10 1 0 1 0 1 0 0 1 1 1 1 10 0 1 1 1 1 0 1 1 0 0 1 0 1 0 0 100 1 1 0 1 1 1 0 1 1 10 10 0 1 0 10
0 0 1 0 0 1 1 1 1 0 0 1 0 0 1 0 1 1 1 0 1 0 0 0 0 0 0 1 0 0 1 0 1 0 0 1 1 0 0 1 0 0 0 1 0 0 0
0 1 10 0 0 1 1 1 1 1 1 0 1 1 10 1 1 1 1 0 1 0 0 0 0 0 0 1 1 0 1 1 1 0 0 1 1 0 0 1 0 1 0 1 0 0 1
0 1 1 0 0 0 0 0 0 1 0 1 0 1 1 1 0 0 0 0 0 0 0 0 0 0 0 0 1 0 0 1 0 0 0 0 0 0 0 0 0 1 0 0 0 0 1
1 1 1 0 0 0 1 1 0 1 0 1 1 0 1 1 0 1 0 0 0 1 0 0 1 1 1 1 1 1 0 1 0 1 1 0 0 1 1 0 0 10 0 0 0 1 1
0 1 10 0 0 1 1 1 1 1 1 10 1 1 0 1 1 1 1 0 1 0 0 0 0 0 0 1 1 0 1 1 1 0 0 1 1 0 0 1 0 1 0 1 0 0 1
1 10 1 1 0 0 0 0 1 10 0 1 1 1 1 0 0 1 1 0 0 0 1 1 0 0 0 0 1 0 0 10 0 0 0 0 1 1 0 0 0 10 1 0 0 0 10
0 0 1 0 0 1 1 1 1 0 1 1 0 0 1 0 0 1 1 0 1 0 0 0 0 0 0 1 0 0 1 0 1 0 0 1 1 0 0 1 0 0 0 1 0 0 0
10 1 1 1 0 1 10 10 10 1 1 1 0 1 1 1 1 0 10 0 1 1 1 1 1 1 1 10 0 1 1 1 1 1 1 1 10 10 1 1 0 10 1 1 0 1 1
1 1 1 1 0 1 1 1 10 1 1 1 0 0 1 1 1 10 0 0 1 0 1 1 0 0 0 1 0 0 1 1 1 0 0 1 10 1 0 1 0 1 1 1 0 0 1
1 1 0 1 1 0 1 0 0 1 0 0 0 0 0 0 0 0 0 0 1 0 0 0 0 0 1 0 0 0 0 1 1 1 0 1 0 0 0 1 1 0 1 0 1 0 0
1 1 1 1 1 1 10 1 1 1 1 1 0 0 1 0 1 1 1 1 0 0 0 0 0 0 1 1 0 0 1 1 10 1 0 10 1 0 0 10 1 0 1 1 1 0 0
1 0 0 0 0 0 1 1 0 0 0 0 0 1 0 0 0 1 0 0 0 0 0 0 1 1 1 1 0 1 0 0 0 1 1 0 0 1 1 0 0 1 0 0 0 1 0
1 1 0 1 0 0 0 0 1 1 0 0 0 0 0 1 0 1 1 0 0 0 0 1 0 0 0 0 0 0 0 1 0 0 0 0 1 1 0 0 0 1 1 0 0 0 1
1 1 0 1 0 0 0 0 1 1 0 0 0 0 0 1 0 1 1 0 0 0 1 0 0 0 0 0 0 0 0 1 0 0 0 0 1 1 0 0 0 1 1 0 0 0 1
1 0 0 0 0 0 1 1 0 0 0 0 0 1 0 0 0 1 0 0 0 1 0 0 0 1 1 1 0 1 0 0 0 1 1 0 0 1 1 0 0 1 0 0 0 1 0
1 0 0 0 0 0 1 1 0 0 0 0 0 1 0 0 0 1 0 0 0 1 0 0 1 0 1 1 0 1 0 0 0 1 1 0 0 1 1 0 0 1 0 0 0 1 0
10 1 0 1 1 0 10 1 0 1 0 0 0 1 0 0 0 1 0 1 1 1 0 0 1 1 0 1 0 1 0 1 1 10 1 1 0 1 1 1 1 1 1 0 1 1 0
1 0 1 0 0 1 10 10 1 0 1 1 0 1 1 0 1 10 1 0 1 1 0 0 1 1 1 0 0 1 1 0 1 1 1 1 1 1 1 1 0 1 0 1 0 1 0
0 1 1 0 0 0 0 0 0 1 0 1 1 1 1 1 0 0 0 0 0 0 0 0 0 0 0 0 0 0 0 1 0 0 0 0 0 0 0 0 0 1 0 0 0 0 1
1 0 0 0 0 0 1 1 0 0 0 0 0 1 0 0 0 1 0 0 0 1 0 0 1 1 1 1 0 0 0 0 0 1 1 0 0 1 1 0 0 1 0 0 0 1 0
0 0 1 0 0 1 1 1 1 0 1 1 0 0 1 0 1 1 1 0 1 0 0 0 0 0 0 1 0 0 0 0 1 0 0 1 1 0 0 1 0 0 0 1 0 0 0
10 100 1 10 1 0 1 0 1 100 0 1 1 1 1 10 0 1 1 1 1 0 1 1 0 0 1 0 1 0 0 0 1 1 0 1 1 1 0 1 1 10 10 0 1 0 10
1 1 1 1 1 1 10 1 1 1 1 1 0 0 1 0 1 1 1 1 10 0 0 0 0 0 1 1 0 0 1 1 0 1 0 10 1 0 0 10 1 0 1 1 1 0 0
10 1 0 1 1 0 10 1 0 1 0 0 0 1 0 0 0 1 0 1 1 1 0 0 1 1 10 1 0 1 0 1 1 0 1 1 0 1 1 1 1 1 1 0 1 1 0
1 0 0 0 0 0 1 1 0 0 0 0 0 1 0 0 0 1 0 0 0 1 0 0 1 1 1 1 0 1 0 0 0 1 0 0 0 1 1 0 0 1 0 0 0 1 0
1 1 1 1 1 1 10 1 1 1 1 1 0 0 1 0 1 1 1 1 10 0 0 0 0 0 1 1 0 0 1 1 10 1 0 0 1 0 0 10 1 0 1 1 1 0 0
1 1 1 1 0 1 1 1 10 1 1 1 0 0 1 1 1 10 10 0 1 0 1 1 0 0 0 1 0 0 1 1 1 0 0 1 0 1 0 1 0 1 1 1 0 0 1
10 1 0 1 0 0 1 1 1 1 0 0 0 1 0 1 0 10 1 0 0 1 1 1 1 1 1 1 0 1 0 1 0 1 1 0 1 0 1 0 0 10 1 0 0 1 1
1 0 0 0 0 0 1 1 0 0 0 0 0 1 0 0 0 1 0 0 0 1 0 0 1 1 1 1 0 1 0 0 0 1 1 0 0 1 0 0 0 1 0 0 0 1 0
1 1 1 1 1 1 10 1 1 1 1 1 0 0 1 0 1 1 1 1 10 0 0 0 0 0 1 1 0 0 1 1 10 1 0 10 1 0 0 0 1 0 1 1 1 0 0
1 1 0 1 1 0 1 0 0 1 0 0 0 0 0 0 0 0 0 1 1 0 0 0 0 0 1 0 0 0 0 1 1 1 0 1 0 0 0 1 0 0 1 0 1 0 0
10 10 1 1 0 0 1 1 1 10 0 1 1 10 1 10 0 10 1 0 0 1 1 1 1 1 1 1 1 1 0 10 0 1 1 0 1 10 1 0 0 0 1 0 0 1 10
10 10 0 10 1 0 1 0 1 10 0 0 0 0 0 1 0 1 1 1 1 0 1 1 0 0 1 0 0 0 0 10 1 1 0 1 1 1 0 1 1 1 0 0 1 0 1
0 0 1 0 0 1 1 1 1 0 1 1 0 0 1 0 1 1 1 0 1 0 0 0 0 0 0 1 0 0 1 0 1 0 0 1 1 0 0 1 0 0 0 0 0 0 0
1 1 0 1 1 0 1 0 0 1 0 0 0 0 0 0 0 0 0 1 1 0 0 0 0 0 1 0 0 0 0 1 1 1 0 1 0 0 0 1 1 0 1 0 0 0 0
1 0 0 0 0 0 1 1 0 0 0 0 0 1 0 0 0 1 0 0 0 1 0 0 1 1 1 1 0 1 0 0 0 1 1 0 0 1 1 0 0 1 0 0 0 0 0
1 10 1 1 0 0 0 0 1 10 0 1 1 1 1 10 0 1 1 0 0 0 1 1 0 0 0 0 1 0 0 10 0 0 0 0 1 1 0 0 0 10 1 0 0 0 0
3
3 1 3
4 6 3
5 4 3
3
2 5 
1 4
1 3
1 4
2 5
2 5
2 4 
1 4
1 4
2 5
2 5
1 2 
1 4
1 4
47 5
3 0 2 3
3 0 2 4
2 1 4
2 0 2
1 0
1 1
3 0 1 3
2 1 3
2 1 2
3 0 2 4
1 1
2 1 4
1 4
2 3 4
2 1 4
2 2 4
1 1
3 1 2 3
2 1 2
1 0
2 0 1
1 3
1 2
1 2
1 3
1 3
2 0 3
2 1 3
1 4
1 3
1 1
3 0 2 4
2 0 1
2 0 3
1 3
2 0 1
2 1 2
2 2 3
1 3
2 0 1
1 0
3 2 3 4
2 0 2
1 1
1 0
1 3
2 2 4
47 73
1 11
2 19 60
3 0 58 60
1 39
1 59
3 17 20 47
3 21 57 7
1 22
1 28
1 60
2 12 56
2 10 55
3 44 53 57
3 15 36 45
1 52
1 27
2 48 54
1 60
2 24 43
1 23
1 6
2 1 5
3 50 51 56
1 46
1 59
2 4 9
1 55
4 16 30 32 33
2 40 58
3 35 49 8
1 26
2 13 29
3 14 25 60
2 31 41
1 37
1 2
1 34
1 38
1 18
1 3
1 59
4 42 61 62 63
2 64 65
1 66
2 67 68
2 69 70
2 71 72
