61
0 0 1 1 1 1 0 0 1 0 1 1 0 1 0 0 0 0 1 1 1 1 1 1 1 1 1 0 1 10 1 1 0 10 0 0 0 1 0 1 0 1 0 1 1 1 1 1 1 0 1 1 0 1 1 0 0 1 1 0 1
0 0 0 0 1 1 1 0 0 1 0 1 1 0 0 1 0 0 0 0 1 0 0 0 0 0 1 1 0 0 1 0 1 1 1 0 0 1 1 0 1 0 1 0 0 1 1 0 0 0 0 0 0 1 0 1 1 1 0 1 1
1 0 0 0 0 1 1 1 1 0 1 1 0 0 1 0 1 1 1 1 0 1 10 0 1 0 10 0 0 10 1 1 0 1 0 1 1 1 1 1 0 1 0 0 1 1 10 10 1 1 1 1 1 10 10 1 1 1 0 0 0
1 0 0 0 1 0 0 0 1 0 0 1 0 1 0 0 0 0 1 0 1 0 0 1 0 1 0 0 1 1 1 0 0 1 0 0 0 1 0 0 0 1 0 1 1 0 0 0 1 0 1 1 0 0 1 0 0 1 1 0 1
1 1 0 1 0 1 1 0 1 1 0 10 1 1 0 1 0 0 1 0 10 0 0 1 0 1 1 1 1 1 10 0 1 10 1 0 0 10 1 0 1 1 1 1 1 1 1 0 1 0 1 1 0 1 1 1 1 10 1 1 10
1 1 1 0 1 0 1 0 0 1 1 1 1 0 0 1 0 0 0 1 1 1 1 0 1 0 10 1 0 1 1 1 1 10 1 0 0 1 1 1 1 0 1 0 0 10 10 1 0 0 0 0 0 10 0 1 1 1 0 1 1
0 1 1 0 1 1 0 0 0 1 0 10 1 0 1 1 0 1 1 0 1 0 1 0 0 0 1 1 0 0 10 0 1 1 1 1 0 1 1 0 1 1 1 0 0 1 10 0 0 1 1 0 0 10 1 1 10 10 0 1 1
0 0 1 0 0 0 0 0 1 0 0 0 0 0 0 0 1 0 0 0 0 0 0 0 0 0 1 0 0 1 0 0 0 0 0 0 1 1 1 0 0 0 0 0 1 0 0 1 1 0 0 1 1 0 1 1 0 0 0 0 0
1 0 1 1 1 0 0 1 0 0 0 1 0 1 0 0 1 0 1 0 1 0 0 1 0 1 1 0 1 10 1 0 0 1 0 0 1 10 1 0 0 1 0 1 10 0 0 1 10 0 1 10 1 0 10 1 0 1 1 0 1
0 1 0 0 1 1 1 0 0 0 0 1 1 0 0 1 0 0 0 0 1 0 0 0 0 0 1 1 0 0 1 0 1 1 1 0 0 1 1 0 1 0 1 0 0 1 1 0 0 0 0 0 0 1 0 1 1 1 0 1 1
1 0 1 0 0 1 0 0 0 0 0 0 0 0 0 0 0 0 0 1 0 1 1 0 1 0 1 0 0 1 0 1 0 1 0 0 0 0 0 1 0 0 0 0 0 1 1 1 0 0 0 0 0 1 0 0 0 0 0 0 0
1 1 1 1 10 1 10 0 1 1 0 0 1 1 1 1 0 1 10 0 10 0 1 1 0 1 1 1 1 1 100 0 1 10 1 1 0 10 1 0 1 10 1 1 1 1 10 0 1 1 10 1 0 10 10 1 10 100 1 1 10
0 1 0 0 1 1 1 0 0 1 0 1 0 0 0 1 0 0 0 0 1 0 0 0 0 0 1 1 0 0 1 0 1 1 1 0 0 1 1 0 1 0 1 0 0 1 1 0 0 0 0 0 0 1 0 1 1 1 0 1 1
1 0 0 1 1 0 0 0 1 0 0 1 0 0 0 0 0 0 1 0 1 0 0 1 0 1 0 0 1 1 1 0 0 1 0 0 0 1 0 0 0 1 0 1 1 0 0 0 1 0 1 1 0 0 1 0 0 1 1 0 1
0 0 1 0 0 0 1 0 0 0 0 1 0 0 0 0 0 1 1 0 0 0 1 0 0 0 0 0 0 0 1 0 0 0 0 1 0 0 0 0 0 1 0 0 0 0 1 0 0 1 1 0 0 1 1 0 1 1 0 0 0
0 1 0 0 1 1 1 0 0 1 0 1 1 0 0 0 0 0 0 0 1 0 0 0 0 0 1 1 0 0 1 0 1 1 1 0 0 1 1 0 1 0 1 0 0 1 1 0 0 0 0 0 0 1 0 1 1 1 0 1 1
0 0 1 0 0 0 0 1 1 0 0 0 0 0 0 0 0 0 0 0 0 0 0 0 0 0 1 0 0 1 0 0 0 0 0 0 1 1 1 0 0 0 0 0 1 0 0 1 1 0 0 1 1 0 1 1 0 0 0 0 0
0 0 1 0 0 0 1 0 0 0 0 1 0 0 1 0 0 0 1 0 0 0 1 0 0 0 0 0 0 0 1 0 0 0 0 1 0 0 0 0 0 1 0 0 0 0 1 0 0 1 1 0 0 1 1 0 1 1 0 0 0
1 0 1 1 1 0 1 0 1 0 0 10 0 1 1 0 0 1 0 0 1 0 1 1 0 1 0 0 1 1 10 0 0 1 0 1 0 1 0 0 0 10 0 1 1 0 1 0 1 1 10 1 0 1 10 0 1 10 1 0 1
1 0 1 0 0 1 0 0 0 0 1 0 0 0 0 0 0 0 0 0 0 1 1 0 1 0 1 0 0 1 0 1 0 1 0 0 0 0 0 1 0 0 0 0 0 1 1 1 0 0 0 0 0 1 0 0 0 0 0 0 0
1 1 0 1 10 1 1 0 1 1 0 10 1 1 0 1 0 0 1 0 0 0 0 1 0 1 1 1 1 1 10 0 1 10 1 0 0 10 1 0 1 1 1 1 1 1 1 0 1 0 1 1 0 1 1 1 1 10 1 1 10
1 0 1 0 0 1 0 0 0 0 1 0 0 0 0 0 0 0 0 1 0 0 1 0 1 0 1 0 0 1 0 1 0 1 0 0 0 0 0 1 0 0 0 0 0 1 1 1 0 0 0 0 0 1 0 0 0 0 0 0 0
1 0 10 0 0 1 1 0 0 0 1 1 0 0 1 0 0 1 1 1 0 1 0 0 1 0 1 0 0 1 1 1 0 1 0 1 0 0 0 1 0 1 0 0 0 1 10 1 0 1 1 0 0 10 1 0 1 1 0 0 0
1 0 0 1 1 0 0 0 1 0 0 1 0 1 0 0 0 0 1 0 1 0 0 0 0 1 0 0 1 1 1 0 0 1 0 0 0 1 0 0 0 1 0 1 1 0 0 0 1 0 1 1 0 0 1 0 0 1 1 0 1
1 0 1 0 0 1 0 0 0 0 1 0 0 0 0 0 0 0 0 1 0 1 1 0 0 0 1 0 0 1 0 1 0 1 0 0 0 0 0 1 0 0 0 0 0 1 1 1 0 0 0 0 0 1 0 0 0 0 0 0 0
1 0 0 1 1 0 0 0 1 0 0 1 0 1 0 0 0 0 1 0 1 0 0 1 0 0 0 0 1 1 1 0 0 1 0 0 0 1 0 0 0 1 0 1 1 0 0 0 1 0 1 1 0 0 1 0 0 1 1 0 1
1 1 10 0 1 10 1 1 1 1 1 1 1 0 0 1 1 0 0 1 1 1 1 0 1 0 0 1 0 10 1 1 1 10 1 0 1 10 10 1 1 0 1 0 1 10 10 10 1 0 0 1 1 10 1 10 1 1 0 1 1
0 1 0 0 1 1 1 0 0 1 0 1 1 0 0 1 0 0 0 0 1 0 0 0 0 0 1 0 0 0 1 0 1 1 1 0 0 1 1 0 1 0 1 0 0 1 1 0 0 0 0 0 0 1 0 1 1 1 0 1 1
1 0 0 1 1 0 0 0 1 0 0 1 0 1 0 0 0 0 1 0 1 0 0 1 0 1 0 0 0 1 1 0 0 1 0 0 0 1 0 0 0 1 0 1 1 0 0 0 1 0 1 1 0 0 1 0 0 1 1 0 1
10 0 10 1 1 1 0 1 10 0 1 1 0 1 0 0 1 0 1 1 1 1 1 1 1 1 10 0 1 0 1 1 0 10 0 0 1 10 1 1 0 1 0 1 10 1 1 10 10 0 1 10 1 1 10 1 0 1 1 0 1
1 1 1 1 10 1 10 0 1 1 0 100 1 1 1 1 0 1 10 0 10 0 1 1 0 1 1 1 1 1 0 0 1 10 1 1 0 10 1 0 1 10 1 1 1 1 10 0 1 1 10 1 0 10 10 1 10 100 1 1 10
1 0 1 0 0 1 0 0 0 0 1 0 0 0 0 0 0 0 0 1 0 1 1 0 1 0 1 0 0 1 0 0 0 1 0 0 0 0 0 1 0 0 0 0 0 1 1 1 0 0 0 0 0 1 0 0 0 0 0 0 0
0 1 0 0 1 1 1 0 0 1 0 1 1 0 0 1 0 0 0 0 1 0 0 0 0 0 1 1 0 0 1 0 0 1 1 0 0 1 1 0 1 0 1 0 0 1 1 0 0 0 0 0 0 1 0 1 1 1 0 1 1
10 1 1 1 10 10 1 0 1 1 1 10 1 1 0 1 0 0 1 1 10 1 1 1 1 1 10 1 1 10 10 1 1 0 1 0 0 10 1 1 1 1 1 1 1 10 10 1 1 0 1 1 0 10 1 1 1 10 1 1 10
0 1 0 0 1 1 1 0 0 1 0 1 1 0 0 1 0 0 0 0 1 0 0 0 0 0 1 1 0 0 1 0 1 1 0 0 0 1 1 0 1 0 1 0 0 1 1 0 0 0 0 0 0 1 0 1 1 1 0 1 1
0 0 1 0 0 0 1 0 0 0 0 1 0 0 1 0 0 1 1 0 0 0 1 0 0 0 0 0 0 0 1 0 0 0 0 0 0 0 0 0 0 1 0 0 0 0 1 0 0 1 1 0 0 1 1 0 1 1 0 0 0
0 0 1 0 0 0 0 1 1 0 0 0 0 0 0 0 1 0 0 0 0 0 0 0 0 0 1 0 0 1 0 0 0 0 0 0 0 1 1 0 0 0 0 0 1 0 0 1 1 0 0 1 1 0 1 1 0 0 0 0 0
1 1 1 1 10 1 1 1 10 1 0 10 1 1 0 1 1 0 1 0 10 0 0 1 0 1 10 1 1 10 10 0 1 10 1 0 1 0 10 0 1 1 1 1 10 1 1 1 10 0 1 10 1 1 10 10 1 10 1 1 10
0 1 1 0 1 1 1 1 1 1 0 1 1 0 0 1 1 0 0 0 1 0 0 0 0 0 10 1 0 1 1 0 1 1 1 0 1 10 0 0 1 0 1 0 1 1 1 1 1 0 0 1 1 1 1 10 1 1 0 1 1
1 0 1 0 0 1 0 0 0 0 1 0 0 0 0 0 0 0 0 1 0 1 1 0 1 0 1 0 0 1 0 1 0 1 0 0 0 0 0 0 0 0 0 0 0 1 1 1 0 0 0 0 0 1 0 0 0 0 0 0 0
0 1 0 0 1 1 1 0 0 1 0 1 1 0 0 1 0 0 0 0 1 0 0 0 0 0 1 1 0 0 1 0 1 1 1 0 0 1 1 0 0 0 1 0 0 1 1 0 0 0 0 0 0 1 0 1 1 1 0 1 1
1 0 1 1 1 0 1 0 1 0 0 10 0 1 1 0 0 1 10 0 1 0 1 1 0 1 0 0 1 1 10 0 0 1 0 1 0 1 0 0 0 0 0 1 1 0 1 0 1 1 10 1 0 1 10 0 1 10 1 0 1
0 1 0 0 1 1 1 0 0 1 0 1 1 0 0 1 0 0 0 0 1 0 0 0 0 0 1 1 0 0 1 0 1 1 1 0 0 1 1 0 1 0 0 0 0 1 1 0 0 0 0 0 0 1 0 1 1 1 0 1 1
1 0 0 1 1 0 0 0 1 0 0 1 0 1 0 0 0 0 1 0 1 0 0 1 0 1 0 0 1 1 1 0 0 1 0 0 0 1 0 0 0 1 0 0 1 0 0 0 1 0 1 1 0 0 1 0 0 1 1 0 1
1 0 1 1 1 0 0 1 10 0 0 1 0 1 0 0 1 0 1 0 1 0 0 1 0 1 1 0 1 10 1 0 0 1 0 0 1 10 1 0 0 1 0 1 0 0 0 1 10 0 1 10 1 0 10 1 0 1 1 0 1
1 1 1 0 1 10 1 0 0 1 1 1 1 0 0 1 0 0 0 1 1 1 1 0 1 0 10 1 0 1 1 1 1 10 1 0 0 1 1 1 1 0 1 0 0 0 10 1 0 0 0 0 0 10 0 1 1 1 0 1 1
1 1 10 0 1 10 10 0 0 1 1 10 1 0 1 1 0 1 1 1 1 1 10 0 1 0 10 1 0 1 10 1 1 10 1 1 0 1 1 1 1 1 1 0 0 10 0 1 0 1 1 0 0 100 1 1 10 10 0 1 1
1 0 10 0 0 1 0 1 1 0 1 0 0 0 0 0 1 0 0 1 0 1 1 0 1 0 10 0 0 10 0 1 0 1 0 0 1 1 1 1 0 0 0 0 1 1 1 0 1 0 0 1 1 1 1 1 0 0 0 0 0
1 0 1 1 1 0 0 1 10 0 0 1 0 1 0 0 1 0 1 0 1 0 0 1 0 1 1 0 1 10 1 0 0 1 0 0 1 10 1 0 0 1 0 1 10 0 0 1 0 0 1 10 1 0 10 1 0 1 1 0 1
0 0 1 0 0 0 1 0 0 0 0 1 0 0 1 0 0 1 1 0 0 0 1 0 0 0 0 0 0 0 1 0 0 0 0 1 0 0 0 0 0 1 0 0 0 0 1 0 0 0 1 0 0 1 1 0 1 1 0 0 0
1 0 1 1 1 0 1 0 1 0 0 10 0 1 1 0 0 1 10 0 1 0 1 1 0 1 0 0 1 1 10 0 0 1 0 1 0 1 0 0 0 10 0 1 1 0 1 0 1 1 0 1 0 1 10 0 1 10 1 0 1
1 0 1 1 1 0 0 1 10 0 0 1 0 1 0 0 1 0 1 0 1 0 0 1 0 1 1 0 1 10 1 0 0 1 0 0 1 10 1 0 0 1 0 1 10 0 0 1 10 0 1 0 1 0 10 1 0 1 1 0 1
0 0 1 0 0 0 0 1 1 0 0 0 0 0 0 0 1 0 0 0 0 0 0 0 0 0 1 0 0 1 0 0 0 0 0 0 1 1 1 0 0 0 0 0 1 0 0 1 1 0 0 1 0 0 1 1 0 0 0 0 0
1 1 10 0 1 10 10 0 0 1 1 10 1 0 1 1 0 1 1 1 1 1 10 0 1 0 10 1 0 1 10 1 1 10 1 1 0 1 1 1 1 1 1 0 0 10 100 1 0 1 1 0 0 0 1 1 10 10 0 1 1
1 0 10 1 1 0 1 1 10 0 0 10 0 1 1 0 1 1 10 0 1 0 1 1 0 1 1 0 1 10 10 0 0 1 0 1 1 10 1 0 0 10 0 1 10 0 1 1 10 1 10 10 1 1 0 1 1 10 1 0 1
0 1 1 0 1 1 1 1 1 1 0 1 1 0 0 1 1 0 0 0 1 0 0 0 0 0 10 1 0 1 1 0 1 1 1 0 1 10 10 0 1 0 1 0 1 1 1 1 1 0 0 1 1 1 1 0 1 1 0 1 1
0 1 1 0 1 1 10 0 0 1 0 10 1 0 1 1 0 1 1 0 1 0 1 0 0 0 1 1 0 0 10 0 1 1 1 1 0 1 1 0 1 1 1 0 0 1 10 0 0 1 1 0 0 10 1 1 0 10 0 1 1
1 1 1 1 10 1 10 0 1 1 0 100 1 1 1 1 0 1 10 0 10 0 1 1 0 1 1 1 1 1 100 0 1 10 1 1 0 10 1 0 1 10 1 1 1 1 10 0 1 1 10 1 0 10 10 1 10 0 1 1 10
1 0 0 1 1 0 0 0 1 0 0 1 0 1 0 0 0 0 1 0 1 0 0 1 0 1 0 0 1 1 1 0 0 1 0 0 0 1 0 0 0 1 0 1 1 0 0 0 1 0 1 1 0 0 1 0 0 1 0 0 1
0 1 0 0 1 1 1 0 0 1 0 1 1 0 0 1 0 0 0 0 1 0 0 0 0 0 1 1 0 0 1 0 1 1 1 0 0 1 1 0 1 0 1 0 0 1 1 0 0 0 0 0 0 1 0 1 1 1 0 0 1
1 1 0 1 10 1 1 0 1 1 0 10 1 1 0 1 0 0 1 0 10 0 0 1 0 1 1 1 1 1 10 0 1 10 1 0 0 10 1 0 1 1 1 1 1 1 1 0 1 0 1 1 0 1 1 1 1 10 1 1 0
4
2 5 2
3 7 3
4 5 3
5 2 3
5
2 4 
1 2
1 2
2 4
2 3
2 4 
1 4
1 3
2 3
2 5
2 5 
1 2
1 3
2 3
2 3
2 3
1 3 
1 5
1 4
1 4
2 3 
1 2
1 2
2 4
61 5
2 3 4
1 0
3 1 2 3
1 4
2 0 4
2 0 3
2 0 1
1 2
2 2 4
1 0
1 3
3 0 1 4
1 0
1 4
1 1
1 0
1 2
1 1
2 1 4
1 3
2 0 4
1 3
2 1 3
1 4
1 3
1 4
3 0 2 3
1 0
1 4
3 2 3 4
3 0 1 4
1 3
1 0
3 0 3 4
1 0
1 1
1 2
3 0 2 4
2 0 2
1 3
1 0
2 1 4
1 0
1 4
2 2 4
2 0 3
3 0 1 3
2 2 3
2 2 4
1 1
2 1 4
2 2 4
1 2
3 0 1 3
3 1 2 4
2 0 2
2 0 1
3 0 1 4
1 4
1 0
2 0 4
61 82
1 7
2 44 73
1 74
1 68
1 75
1 51
2 10 66
2 1 32
2 29 64
3 57 79 8
2 19 5
2 56 6
2 26 35
1 30
1 69
2 77 78
1 31
2 61 77
1 59
3 41 43 62
2 40 65
1 21
1 3
1 33
1 22
2 79 9
2 16 76
3 13 25 60
1 36
2 50 63
1 78
2 53 75
1 46
3 23 4 70
1 67
1 14
2 12 55
1 73
1 72
1 79
2 2 45
1 34
1 28
1 78
1 18
1 79
2 38 49
1 37
1 27
2 47 76
1 79
1 54
2 42 48
1 20
3 0 15 17
2 11 24
1 71
1 58
1 52
3 39 74 80
1 81
