24
0 100 1 1 1 1 1 1 1 0 0 10 0 1 10 0 0 0 0 1 1 1 0 1
100 0 1 1 1 1 1 1 1 0 0 10 0 1 10 0 0 0 0 1 1 1 0 1
1 1 0 1 1 0 1 1 0 0 1 1 0 0 1 1 1 0 1 0 0 0 0 0
1 1 1 0 0 1 1 1 0 1 1 10 1 1 0 10 1 1 10 0 1 1 1 0
1 1 1 0 0 0 0 1 0 0 0 1 0 0 1 0 0 0 0 0 0 0 0 0
1 1 0 1 0 0 0 0 0 0 0 1 0 1 0 0 0 0 0 0 1 0 0 0
1 1 1 1 0 0 0 0 1 0 1 0 0 0 1 1 1 0 1 1 0 1 0 1
1 1 1 1 1 0 0 0 0 1 0 10 1 0 1 1 0 1 1 0 0 1 1 0
1 1 0 0 0 0 1 0 0 0 0 0 0 0 1 0 0 0 0 1 0 1 0 1
0 0 0 1 0 0 0 1 0 0 0 1 1 0 0 1 0 1 1 0 0 1 1 0
0 0 1 1 0 0 1 0 0 0 0 0 0 0 0 1 1 0 1 0 0 0 0 0
10 10 1 10 1 1 0 10 0 1 0 0 1 1 1 1 0 1 1 0 1 1 1 0
0 0 0 1 0 0 0 1 0 1 0 1 0 0 0 1 0 1 1 0 0 1 1 0
1 1 0 1 0 1 0 0 0 0 0 1 0 0 0 0 0 0 0 0 1 0 0 0
10 10 1 0 1 0 1 1 1 0 0 1 0 0 0 0 0 0 0 1 0 1 0 1
0 0 1 10 0 0 1 1 0 1 1 1 1 0 0 0 1 1 10 0 0 1 1 0
0 0 1 1 0 0 1 0 0 0 1 0 0 0 0 1 0 0 1 0 0 0 0 0
0 0 0 1 0 0 0 1 0 1 0 1 1 0 0 1 0 0 1 0 0 1 1 0
0 0 1 10 0 0 1 1 0 1 1 1 1 0 0 10 1 1 0 0 0 1 1 0
1 1 0 0 0 0 1 0 1 0 0 0 0 0 1 0 0 0 0 0 0 1 0 1
1 1 0 1 0 1 0 0 0 0 0 1 0 1 0 0 0 0 0 0 0 0 0 0
1 1 0 1 0 0 1 1 1 1 0 1 1 0 1 1 0 1 1 1 0 0 1 1
0 0 0 1 0 0 0 1 0 1 0 1 1 0 0 1 0 1 1 0 0 1 0 0
1 1 0 0 0 0 1 0 1 0 0 0 0 0 1 0 0 0 0 1 0 1 0 0
4
2 2 2
3 2 3
4 1 3
5 2 3
4
2 2 
1 3
2 5
2 2 
1 4
2 3
1 1 
1 5
2 2 
1 2
2 2
24 5
3 0 3 4
3 0 3 4
2 2 4
3 1 2 3
1 4
1 3
2 0 2
2 1 4
1 0
1 1
1 2
3 1 3 4
1 1
1 3
2 0 4
2 1 2
1 2
1 1
2 1 2
1 0
1 3
2 0 1
1 1
1 0
24 40
2 26 29
3 28 4 9
1 12
1 11
1 19
1 15
3 14 16 3
1 24
2 0 28
2 10 2
1 8
2 23 29
2 27 7
3 1 13 25
1 21
2 22 6
2 20 5
2 17 18
1 30
1 31
2 32 33
2 34 35
1 36
3 37 38 39
