65
0 1 0 0 0 1 0 0 1 0 1 1 0 1 0 1 0 0 1 1 1 0 0 0 0 1 0 0 0 0 0 1 1 0 0 0 0 1 1 1 1 1 0 1 1 0 0 0 0 0 0 0 1 0 1 0 0 0 1 1 0 0 1 0 1
1 0 0 0 0 10 1 0 1 0 1 10 1 1 1 1 1 0 1 10 1 0 0 0 0 10 0 0 0 1 0 1 1 1 0 1 0 1 1 1 1 1 0 1 1 0 0 0 1 0 0 0 1 0 10 0 1 0 10 1 1 0 10 0 1
0 0 0 0 0 1 0 1 0 0 0 1 0 0 1 0 0 0 0 0 1 0 1 1 10 0 0 1 10 0 10 0 0 0 1 1 1 0 0 0 10 1 0 1 0 10 0 0 1 1 1 0 0 0 0 1 1 1 0 0 1 1 0 0 1
0 0 0 0 1 0 0 0 0 0 1 0 1 0 1 0 0 0 0 0 0 0 0 0 0 1 1 0 0 0 0 0 0 0 0 0 0 1 0 0 0 0 1 0 0 1 1 1 0 1 0 1 0 1 0 1 1 1 0 0 0 1 0 1 0
0 0 0 1 0 0 0 0 1 1 1 0 1 0 1 0 0 1 0 0 0 1 0 0 0 1 1 0 1 0 0 0 0 0 0 1 0 10 0 0 0 0 10 0 0 1 1 1 0 1 1 1 0 1 0 1 1 1 0 1 0 1 0 1 0
1 10 1 0 0 0 1 1 1 0 1 10 1 1 10 1 1 0 1 10 10 0 1 0 1 10 0 1 1 1 1 1 1 1 1 1 1 1 1 1 10 1 0 1 1 1 0 0 1 0 1 0 1 0 10 0 1 0 10 1 1 0 10 0 1
0 1 0 0 0 1 0 0 0 0 0 1 1 0 1 0 1 0 0 1 0 0 0 0 0 1 0 0 0 1 0 0 0 1 0 1 0 0 0 0 0 0 0 0 0 0 0 0 1 0 0 0 0 0 1 0 1 0 1 0 1 0 1 0 0
0 0 1 0 0 1 0 0 0 0 0 0 0 0 1 0 0 0 0 0 1 0 1 0 1 0 0 1 1 0 1 0 0 0 1 0 1 0 0 0 1 0 0 0 0 1 0 0 0 0 1 0 0 0 0 0 0 0 0 0 0 0 0 0 0
1 1 0 0 1 1 0 0 0 1 1 1 0 1 0 1 0 1 1 1 1 1 0 0 0 1 0 0 1 0 0 1 1 0 0 1 0 10 1 1 1 1 1 1 1 0 0 0 0 0 1 0 1 0 1 0 0 0 1 10 0 0 1 0 1
0 0 0 0 1 0 0 0 1 0 0 0 0 0 0 0 0 1 0 0 0 1 0 0 0 0 0 0 1 0 0 0 0 0 0 1 0 1 0 0 0 0 1 0 0 0 0 0 0 0 1 0 0 0 0 0 0 0 0 1 0 0 0 0 0
1 1 0 1 1 1 0 0 1 0 0 1 1 1 1 1 0 0 1 1 1 0 0 0 0 10 1 0 0 0 0 1 1 0 0 0 0 10 1 1 1 1 1 1 1 1 1 1 0 1 0 1 1 1 1 1 1 1 1 1 0 1 1 1 1
1 10 1 0 0 10 1 0 1 0 1 0 1 1 1 1 1 0 1 10 1 0 0 1 1 10 0 0 1 1 1 1 1 1 0 10 0 1 1 1 10 10 0 10 1 1 0 0 10 1 0 0 1 0 10 1 10 1 10 1 10 1 10 0 10
0 1 0 1 1 1 1 0 0 0 1 1 0 0 10 0 1 0 0 1 0 0 0 0 0 10 1 0 0 1 0 0 0 1 0 1 0 1 0 0 0 0 1 0 0 1 1 1 1 1 0 1 0 1 1 1 10 1 1 0 1 1 1 1 0
1 1 0 0 0 1 0 0 1 0 1 1 0 0 0 1 0 0 1 1 1 0 0 0 0 1 0 0 0 0 0 1 1 0 0 0 0 1 1 1 1 1 0 1 1 0 0 0 0 0 0 0 1 0 1 0 0 0 1 1 0 0 1 0 1
0 1 1 1 1 10 1 1 0 0 1 1 10 0 0 0 1 0 0 1 1 0 1 0 1 10 1 1 1 1 1 0 0 1 1 1 1 1 0 0 1 0 1 0 0 10 1 1 1 1 1 1 0 1 1 1 10 1 1 0 1 1 1 1 0
1 1 0 0 0 1 0 0 1 0 1 1 0 1 0 0 0 0 1 1 1 0 0 0 0 1 0 0 0 0 0 1 1 0 0 0 0 1 1 1 1 1 0 1 1 0 0 0 0 0 0 0 1 0 1 0 0 0 1 1 0 0 1 0 1
0 1 0 0 0 1 1 0 0 0 0 1 1 0 1 0 0 0 0 1 0 0 0 0 0 1 0 0 0 1 0 0 0 1 0 1 0 0 0 0 0 0 0 0 0 0 0 0 1 0 0 0 0 0 1 0 1 0 1 0 1 0 1 0 0
0 0 0 0 1 0 0 0 1 1 0 0 0 0 0 0 0 0 0 0 0 1 0 0 0 0 0 0 1 0 0 0 0 0 0 1 0 1 0 0 0 0 1 0 0 0 0 0 0 0 1 0 0 0 0 0 0 0 0 1 0 0 0 0 0
1 1 0 0 0 1 0 0 1 0 1 1 0 1 0 1 0 0 0 1 1 0 0 0 0 1 0 0 0 0 0 1 1 0 0 0 0 1 1 1 1 1 0 1 1 0 0 0 0 0 0 0 1 0 1 0 0 0 1 1 0 0 1 0 1
1 10 0 0 0 10 1 0 1 0 1 10 1 1 1 1 1 0 1 0 1 0 0 0 0 10 0 0 0 1 0 1 1 1 0 1 0 1 1 1 1 1 0 1 1 0 0 0 1 0 0 0 1 0 10 0 1 0 10 1 1 0 10 0 1
1 1 1 0 0 10 0 1 1 0 1 1 0 1 1 1 0 0 1 1 0 0 1 0 1 1 0 1 1 0 1 1 1 0 1 0 1 1 1 1 10 1 0 1 1 1 0 0 0 0 1 0 1 0 1 0 0 0 1 1 0 0 1 0 1
0 0 0 0 1 0 0 0 1 1 0 0 0 0 0 0 0 1 0 0 0 0 0 0 0 0 0 0 1 0 0 0 0 0 0 1 0 1 0 0 0 0 1 0 0 0 0 0 0 0 1 0 0 0 0 0 0 0 0 1 0 0 0 0 0
0 0 1 0 0 1 0 1 0 0 0 0 0 0 1 0 0 0 0 0 1 0 0 0 1 0 0 1 1 0 1 0 0 0 1 0 1 0 0 0 1 0 0 0 0 1 0 0 0 0 1 0 0 0 0 0 0 0 0 0 0 0 0 0 0
0 0 1 0 0 0 0 0 0 0 0 1 0 0 0 0 0 0 0 0 0 0 0 0 1 0 0 0 1 0 1 0 0 0 0 1 0 0 0 0 1 1 0 1 0 1 0 0 1 1 0 0 0 0 0 1 1 1 0 0 1 1 0 0 1
0 0 10 0 0 1 0 1 0 0 0 1 0 0 1 0 0 0 0 0 1 0 1 1 0 0 0 1 10 0 10 0 0 0 1 1 1 0 0 0 10 1 0 1 0 10 0 0 1 1 1 0 0 0 0 1 1 1 0 0 1 1 0 0 1
1 10 0 1 1 10 1 0 1 0 10 10 10 1 10 1 1 0 1 10 1 0 0 0 0 0 1 0 0 1 0 1 1 1 0 1 0 10 1 1 1 1 1 1 1 1 1 1 1 1 0 1 1 1 10 1 10 1 10 1 1 1 10 1 1
0 0 0 1 1 0 0 0 0 0 1 0 1 0 1 0 0 0 0 0 0 0 0 0 0 1 0 0 0 0 0 0 0 0 0 0 0 1 0 0 0 0 1 0 0 1 1 1 0 1 0 1 0 1 0 1 1 1 0 0 0 1 0 1 0
0 0 1 0 0 1 0 1 0 0 0 0 0 0 1 0 0 0 0 0 1 0 1 0 1 0 0 0 1 0 1 0 0 0 1 0 1 0 0 0 1 0 0 0 0 1 0 0 0 0 1 0 0 0 0 0 0 0 0 0 0 0 0 0 0
0 0 10 0 1 1 0 1 1 1 0 1 0 0 1 0 0 1 0 0 1 1 1 1 10 0 0 1 0 0 10 0 0 0 1 10 1 1 0 0 10 1 1 1 0 10 0 0 1 1 10 0 0 0 0 1 1 1 0 1 1 1 0 0 1
0 1 0 0 0 1 1 0 0 0 0 1 1 0 1 0 1 0 0 1 0 0 0 0 0 1 0 0 0 0 0 0 0 1 0 1 0 0 0 0 0 0 0 0 0 0 0 0 1 0 0 0 0 0 1 0 1 0 1 0 1 0 1 0 0
0 0 10 0 0 1 0 1 0 0 0 1 0 0 1 0 0 0 0 0 1 0 1 1 10 0 0 1 10 0 0 0 0 0 1 1 1 0 0 0 10 1 0 1 0 10 0 0 1 1 1 0 0 0 0 1 1 1 0 0 1 1 0 0 1
1 1 0 0 0 1 0 0 1 0 1 1 0 1 0 1 0 0 1 1 1 0 0 0 0 1 0 0 0 0 0 0 1 0 0 0 0 1 1 1 1 1 0 1 1 0 0 0 0 0 0 0 1 0 1 0 0 0 1 1 0 0 1 0 1
1 1 0 0 0 1 0 0 1 0 1 1 0 1 0 1 0 0 1 1 1 0 0 0 0 1 0 0 0 0 0 1 0 0 0 0 0 1 1 1 1 1 0 1 1 0 0 0 0 0 0 0 1 0 1 0 0 0 1 1 0 0 1 0 1
0 1 0 0 0 1 1 0 0 0 0 1 1 0 1 0 1 0 0 1 0 0 0 0 0 1 0 0 0 1 0 0 0 0 0 1 0 0 0 0 0 0 0 0 0 0 0 0 1 0 0 0 0 0 1 0 1 0 1 0 1 0 1 0 0
0 0 1 0 0 1 0 1 0 0 0 0 0 0 1 0 0 0 0 0 1 0 1 0 1 0 0 1 1 0 1 0 0 0 0 0 1 0 0 0 1 0 0 0 0 1 0 0 0 0 1 0 0 0 0 0 0 0 0 0 0 0 0 0 0
0 1 1 0 1 1 1 0 1 1 0 10 1 0 1 0 1 1 0 1 0 1 0 1 1 1 0 0 10 1 1 0 0 1 0 0 0 1 0 0 1 1 1 1 0 1 0 0 10 1 1 0 0 0 1 1 10 1 1 1 10 1 1 0 1
0 0 1 0 0 1 0 1 0 0 0 0 0 0 1 0 0 0 0 0 1 0 1 0 1 0 0 1 1 0 1 0 0 0 1 0 0 0 0 0 1 0 0 0 0 1 0 0 0 0 1 0 0 0 0 0 0 0 0 0 0 0 0 0 0
1 1 0 1 10 1 0 0 10 1 10 1 1 1 1 1 0 1 1 1 1 1 0 0 0 10 1 0 1 0 0 1 1 0 0 1 0 0 1 1 1 1 10 1 1 1 1 1 0 1 1 1 1 1 1 1 1 1 1 10 0 1 1 1 1
1 1 0 0 0 1 0 0 1 0 1 1 0 1 0 1 0 0 1 1 1 0 0 0 0 1 0 0 0 0 0 1 1 0 0 0 0 1 0 1 1 1 0 1 1 0 0 0 0 0 0 0 1 0 1 0 0 0 1 1 0 0 1 0 1
1 1 0 0 0 1 0 0 1 0 1 1 0 1 0 1 0 0 1 1 1 0 0 0 0 1 0 0 0 0 0 1 1 0 0 0 0 1 1 0 1 1 0 1 1 0 0 0 0 0 0 0 1 0 1 0 0 0 1 1 0 0 1 0 1
1 1 10 0 0 10 0 1 1 0 1 10 0 1 1 1 0 0 1 1 10 0 1 1 10 1 0 1 10 0 10 1 1 0 1 1 1 1 1 1 0 10 0 10 1 10 0 0 1 1 1 0 1 0 1 1 1 1 1 1 1 1 1 0 10
1 1 1 0 0 1 0 0 1 0 1 10 0 1 0 1 0 0 1 1 1 0 0 1 1 1 0 0 1 0 1 1 1 0 0 1 0 1 1 1 10 0 0 10 1 1 0 0 1 1 0 0 1 0 1 1 1 1 1 1 1 1 1 0 10
0 0 0 1 10 0 0 0 1 1 1 0 1 0 1 0 0 1 0 0 0 1 0 0 0 1 1 0 1 0 0 0 0 0 0 1 0 10 0 0 0 0 0 0 0 1 1 1 0 1 1 1 0 1 0 1 1 1 0 1 0 1 0 1 0
1 1 1 0 0 1 0 0 1 0 1 10 0 1 0 1 0 0 1 1 1 0 0 1 1 1 0 0 1 0 1 1 1 0 0 1 0 1 1 1 10 10 0 0 1 1 0 0 1 1 0 0 1 0 1 1 1 1 1 1 1 1 1 0 10
1 1 0 0 0 1 0 0 1 0 1 1 0 1 0 1 0 0 1 1 1 0 0 0 0 1 0 0 0 0 0 1 1 0 0 0 0 1 1 1 1 1 0 1 0 0 0 0 0 0 0 0 1 0 1 0 0 0 1 1 0 0 1 0 1
0 0 10 1 1 1 0 1 0 0 1 1 1 0 10 0 0 0 0 0 1 0 1 1 10 1 1 1 10 0 10 0 0 0 1 1 1 1 0 0 10 1 1 1 0 0 1 1 1 10 1 1 0 1 0 10 10 10 0 0 1 10 0 1 1
0 0 0 1 1 0 0 0 0 0 1 0 1 0 1 0 0 0 0 0 0 0 0 0 0 1 1 0 0 0 0 0 0 0 0 0 0 1 0 0 0 0 1 0 0 1 0 1 0 1 0 1 0 1 0 1 1 1 0 0 0 1 0 1 0
0 0 0 1 1 0 0 0 0 0 1 0 1 0 1 0 0 0 0 0 0 0 0 0 0 1 1 0 0 0 0 0 0 0 0 0 0 1 0 0 0 0 1 0 0 1 1 0 0 1 0 1 0 1 0 1 1 1 0 0 0 1 0 1 0
0 1 1 0 0 1 1 0 0 0 0 10 1 0 1 0 1 0 0 1 0 0 0 1 1 1 0 0 1 1 1 0 0 1 0 10 0 0 0 0 1 1 0 1 0 1 0 0 0 1 0 0 0 0 1 1 10 1 1 0 10 1 1 0 1
0 0 1 1 1 0 0 0 0 0 1 1 1 0 1 0 0 0 0 0 0 0 0 1 1 1 1 0 1 0 1 0 0 0 0 1 0 1 0 0 1 1 1 1 0 10 1 1 1 0 0 1 0 1 0 10 10 10 0 0 1 10 0 1 1
0 0 1 0 1 1 0 1 1 1 0 0 0 0 1 0 0 1 0 0 1 1 1 0 1 0 0 1 10 0 1 0 0 0 1 1 1 1 0 0 1 0 1 0 0 1 0 0 0 0 0 0 0 0 0 0 0 0 0 1 0 0 0 0 0
0 0 0 1 1 0 0 0 0 0 1 0 1 0 1 0 0 0 0 0 0 0 0 0 0 1 1 0 0 0 0 0 0 0 0 0 0 1 0 0 0 0 1 0 0 1 1 1 0 1 0 0 0 1 0 1 1 1 0 0 0 1 0 1 0
1 1 0 0 0 1 0 0 1 0 1 1 0 1 0 1 0 0 1 1 1 0 0 0 0 1 0 0 0 0 0 1 1 0 0 0 0 1 1 1 1 1 0 1 1 0 0 0 0 0 0 0 0 0 1 0 0 0 1 1 0 0 1 0 1
0 0 0 1 1 0 0 0 0 0 1 0 1 0 1 0 0 0 0 0 0 0 0 0 0 1 1 0 0 0 0 0 0 0 0 0 0 1 0 0 0 0 1 0 0 1 1 1 0 1 0 1 0 0 0 1 1 1 0 0 0 1 0 1 0
1 10 0 0 0 10 1 0 1 0 1 10 1 1 1 1 1 0 1 10 1 0 0 0 0 10 0 0 0 1 0 1 1 1 0 1 0 1 1 1 1 1 0 1 1 0 0 0 1 0 0 0 1 0 0 0 1 0 10 1 1 0 10 0 1
0 0 1 1 1 0 0 0 0 0 1 1 1 0 1 0 0 0 0 0 0 0 0 1 1 1 1 0 1 0 1 0 0 0 0 1 0 1 0 0 1 1 1 1 0 10 1 1 1 10 0 1 0 1 0 0 10 10 0 0 1 10 0 1 1
0 1 1 1 1 1 1 0 0 0 1 10 10 0 10 0 1 0 0 1 0 0 0 1 1 10 1 0 1 1 1 0 0 1 0 10 0 1 0 0 1 1 1 1 0 10 1 1 10 10 0 1 0 1 1 10 0 10 1 0 10 10 1 1 1
0 0 1 1 1 0 0 0 0 0 1 1 1 0 1 0 0 0 0 0 0 0 0 1 1 1 1 0 1 0 1 0 0 0 0 1 0 1 0 0 1 1 1 1 0 10 1 1 1 10 0 1 0 1 0 10 10 0 0 0 1 10 0 1 1
1 10 0 0 0 10 1 0 1 0 1 10 1 1 1 1 1 0 1 10 1 0 0 0 0 10 0 0 0 1 0 1 1 1 0 1 0 1 1 1 1 1 0 1 1 0 0 0 1 0 0 0 1 0 10 0 1 0 0 1 1 0 10 0 1
1 1 0 0 1 1 0 0 10 1 1 1 0 1 0 1 0 1 1 1 1 1 0 0 0 1 0 0 1 0 0 1 1 0 0 1 0 10 1 1 1 1 1 1 1 0 0 0 0 0 1 0 1 0 1 0 0 0 1 0 0 0 1 0 1
0 1 1 0 0 1 1 0 0 0 0 10 1 0 1 0 1 0 0 1 0 0 0 1 1 1 0 0 1 1 1 0 0 1 0 10 0 0 0 0 1 1 0 1 0 1 0 0 10 1 0 0 0 0 1 1 10 1 1 0 0 1 1 0 1
0 0 1 1 1 0 0 0 0 0 1 1 1 0 1 0 0 0 0 0 0 0 0 1 1 1 1 0 1 0 1 0 0 0 0 1 0 1 0 0 1 1 1 1 0 10 1 1 1 10 0 1 0 1 0 10 10 10 0 0 1 0 0 1 1
1 10 0 0 0 10 1 0 1 0 1 10 1 1 1 1 1 0 1 10 1 0 0 0 0 10 0 0 0 1 0 1 1 1 0 1 0 1 1 1 1 1 0 1 1 0 0 0 1 0 0 0 1 0 10 0 1 0 10 1 1 0 0 0 1
0 0 0 1 1 0 0 0 0 0 1 0 1 0 1 0 0 0 0 0 0 0 0 0 0 1 1 0 0 0 0 0 0 0 0 0 0 1 0 0 0 0 1 0 0 1 1 1 0 1 0 1 0 1 0 1 1 1 0 0 0 1 0 0 0
1 1 1 0 0 1 0 0 1 0 1 10 0 1 0 1 0 0 1 1 1 0 0 1 1 1 0 0 1 0 1 1 1 0 0 1 0 1 1 1 10 10 0 10 1 1 0 0 1 1 0 0 1 0 1 1 1 1 1 1 1 1 1 0 0
4
3 1 3
4 9 3
5 4 3
6 1 3
4
2 4 
1 3
1 4
2 5
2 5
2 4 
1 4
1 4
2 5
2 5
2 6 
1 4
1 4
1 4
2 4
2 4
2 4
1 1 
1 6
65 6
1 0
2 0 1
2 3 4
1 2
2 2 5
3 0 1 4
1 1
1 4
2 0 5
1 5
2 0 2
3 0 1 3
2 1 2
1 0
3 1 2 4
1 0
1 1
1 5
1 0
2 0 1
2 0 4
1 5
1 4
1 3
2 3 4
3 0 1 2
1 2
1 4
3 3 4 5
1 1
2 3 4
1 0
1 0
1 1
1 4
3 1 3 5
1 4
3 0 2 5
1 0
1 0
3 0 3 4
2 0 3
2 2 5
2 0 3
1 0
3 2 3 4
1 2
1 2
2 1 3
2 2 3
2 4 5
1 2
1 0
1 2
2 0 1
2 2 3
3 1 2 3
2 2 3
2 0 1
2 0 5
2 1 3
2 2 3
2 0 1
1 2
2 0 3
65 104
1 7
2 1 32
2 71 79
1 55
1 19
4 21 35 80 83
1 29
3 56 76 83
1 75
2 69 82
2 30 52
2 34 77
1 39
2 42 6
3 13 37 72
1 82
1 83
1 25
2 63 81
2 26 77
1 51
1 31
1 40
4 11 48 53 78
2 41 43
1 3
2 28 9
2 17 47
2 18 78
1 33
2 60 70
1 81
3 2 27 66
2 49 65
1 20
2 12 15
2 4 5
1 80
2 38 54
1 16
2 45 73
1 74
1 67
2 10 14
1 22
4 0 23 44 82
3 36 59 62
2 50 64
2 46 68
3 61 79 8
1 57
2 58 83
1 24
1 83
1 84
2 85 86
2 87 88
1 89
2 90 91
3 92 93 94
4 95 96 97 98
2 100 99
1 101
1 102
1 103
