54
0 0 0 0 0 0 0 0 1 0 0 0 0 1 0 1 0 0 0 1 0 0 1 0 1 1 0 1 0 0 0 1 0 0 0 0 0 1 1 1 1 0 0 0 0 0 0 0 0 1 0 1 1 1
0 0 1 0 1 1 1 1 0 1 1 1 1 0 1 0 1 1 1 0 0 1 1 1 0 1 1 0 10 1 1 0 1 1 0 1 1 1 0 0 1 0 1 1 0 1 1 1 0 0 1 1 0 0
0 1 0 0 0 0 0 1 0 1 1 1 1 0 1 0 0 0 0 0 0 0 0 1 0 0 1 0 1 1 0 0 0 1 0 1 1 0 0 0 0 0 0 1 0 0 0 0 0 0 1 0 0 0
0 0 0 0 0 0 1 0 0 1 0 0 0 0 0 0 0 1 0 0 1 0 1 0 1 0 0 1 0 0 0 0 0 0 0 1 0 0 0 0 0 1 0 0 1 1 0 0 0 0 0 0 1 1
0 1 0 0 0 1 1 0 0 0 0 0 0 0 0 0 1 1 1 0 0 1 1 0 0 1 0 0 1 0 1 0 1 0 0 0 0 1 0 0 1 0 1 0 0 1 1 1 0 0 0 1 0 0
0 1 0 0 1 0 1 0 0 0 0 0 1 1 0 1 1 1 1 0 0 1 1 1 1 10 1 0 10 0 1 0 10 0 1 1 0 10 1 0 1 1 10 0 0 1 10 1 1 0 0 1 0 0
0 1 0 1 1 1 0 0 0 1 0 0 0 0 0 0 1 10 1 0 1 1 10 0 1 1 0 1 1 0 1 0 1 0 0 1 0 1 0 0 1 1 1 0 1 10 1 1 0 0 0 1 1 1
0 1 1 0 0 0 0 0 0 1 1 1 1 0 1 0 0 0 0 0 0 0 0 1 0 0 1 0 1 1 0 0 0 1 0 1 1 0 0 0 0 0 0 1 0 0 0 0 0 0 1 0 0 0
1 0 0 0 0 0 0 0 0 0 0 0 0 1 0 1 0 0 0 1 0 0 1 0 1 1 0 1 0 0 0 1 0 0 0 0 0 1 1 1 1 0 0 0 0 0 0 0 0 1 0 1 1 1
0 1 1 1 0 0 1 1 0 0 1 1 1 0 1 0 0 1 0 0 1 0 1 1 1 0 1 1 1 1 0 0 0 1 0 10 1 0 0 0 0 1 0 1 1 1 0 0 0 0 1 0 1 1
0 1 1 0 0 0 0 1 0 1 0 1 1 0 1 0 0 0 0 0 0 0 0 1 0 0 1 0 1 1 0 0 0 1 0 1 1 0 0 0 0 0 0 1 0 0 0 0 0 0 1 0 0 0
0 1 1 0 0 0 0 1 0 1 1 0 1 0 1 0 0 0 0 0 0 0 0 1 0 0 1 0 1 1 0 0 0 1 0 1 1 0 0 0 0 0 0 1 0 0 0 0 0 0 1 0 0 0
0 1 1 0 0 1 0 1 0 1 1 1 0 1 1 1 0 0 0 0 0 0 0 10 1 1 10 0 10 1 0 0 1 1 1 10 1 1 1 0 0 1 1 1 0 0 1 0 1 0 1 0 0 0
1 0 0 0 0 1 0 0 1 0 0 0 1 0 0 10 0 0 0 1 0 0 1 1 10 10 1 1 1 0 0 1 1 0 1 1 0 10 10 1 1 1 1 0 0 0 1 0 1 1 0 1 1 1
0 1 1 0 0 0 0 1 0 1 1 1 1 0 0 0 0 0 0 0 0 0 0 1 0 0 1 0 1 1 0 0 0 1 0 1 1 0 0 0 0 0 0 1 0 0 0 0 0 0 1 0 0 0
1 0 0 0 0 1 0 0 1 0 0 0 1 10 0 0 0 0 0 1 0 0 1 1 10 10 1 1 1 0 0 1 1 0 1 1 0 10 10 1 1 1 1 0 0 0 1 0 1 1 0 1 1 1
0 1 0 0 1 1 1 0 0 0 0 0 0 0 0 0 0 1 1 0 0 1 1 0 0 1 0 0 1 0 1 0 1 0 0 0 0 1 0 0 1 0 1 0 0 1 1 1 0 0 0 1 0 0
0 1 0 1 1 1 10 0 0 1 0 0 0 0 0 0 1 0 1 0 1 1 10 0 1 1 0 1 1 0 1 0 1 0 0 1 0 1 0 0 1 1 1 0 1 10 1 1 0 0 0 1 1 1
0 1 0 0 1 1 1 0 0 0 0 0 0 0 0 0 1 1 0 0 0 1 1 0 0 1 0 0 1 0 1 0 1 0 0 0 0 1 0 0 1 0 1 0 0 1 1 1 0 0 0 1 0 0
1 0 0 0 0 0 0 0 1 0 0 0 0 1 0 1 0 0 0 0 0 0 1 0 1 1 0 1 0 0 0 1 0 0 0 0 0 1 1 1 1 0 0 0 0 0 0 0 0 1 0 1 1 1
0 0 0 1 0 0 1 0 0 1 0 0 0 0 0 0 0 1 0 0 0 0 1 0 1 0 0 1 0 0 0 0 0 0 0 1 0 0 0 0 0 1 0 0 1 1 0 0 0 0 0 0 1 1
0 1 0 0 1 1 1 0 0 0 0 0 0 0 0 0 1 1 1 0 0 0 1 0 0 1 0 0 1 0 1 0 1 0 0 0 0 1 0 0 1 0 1 0 0 1 1 1 0 0 0 1 0 0
1 1 0 1 1 1 10 0 1 1 0 0 0 1 0 1 1 10 1 1 1 1 0 0 10 10 0 10 1 0 1 1 1 0 0 1 0 10 1 1 10 1 1 0 1 10 1 1 0 1 0 10 10 10
0 1 1 0 0 1 0 1 0 1 1 1 10 1 1 1 0 0 0 0 0 0 0 0 1 1 10 0 10 1 0 0 1 1 1 10 1 1 1 0 0 1 1 1 0 0 1 0 1 0 1 0 0 0
1 0 0 1 0 1 1 0 1 1 0 0 1 10 0 10 0 1 0 1 1 0 10 1 0 10 1 10 1 0 0 1 1 0 1 10 0 10 10 1 1 10 1 0 1 1 1 0 1 1 0 1 10 10
1 1 0 0 1 10 1 0 1 0 0 0 1 10 0 10 1 1 1 1 0 1 10 1 10 0 1 1 10 0 1 1 10 0 1 1 0 100 10 1 10 1 10 0 0 1 10 1 1 1 0 10 1 1
0 1 1 0 0 1 0 1 0 1 1 1 10 1 1 1 0 0 0 0 0 0 0 10 1 1 0 0 10 1 0 0 1 1 1 10 1 1 1 0 0 1 1 1 0 0 1 0 1 0 1 0 0 0
1 0 0 1 0 0 1 0 1 1 0 0 0 1 0 1 0 1 0 1 1 0 10 0 10 1 0 0 0 0 0 1 0 0 0 1 0 1 1 1 1 1 0 0 1 1 0 0 0 1 0 1 10 10
0 10 1 0 1 10 1 1 0 1 1 1 10 1 1 1 1 1 1 0 0 1 1 10 1 10 10 0 0 1 1 0 10 1 1 10 1 10 1 0 1 1 10 1 0 1 10 1 1 0 1 1 0 0
0 1 1 0 0 0 0 1 0 1 1 1 1 0 1 0 0 0 0 0 0 0 0 1 0 0 1 0 1 0 0 0 0 1 0 1 1 0 0 0 0 0 0 1 0 0 0 0 0 0 1 0 0 0
0 1 0 0 1 1 1 0 0 0 0 0 0 0 0 0 1 1 1 0 0 1 1 0 0 1 0 0 1 0 0 0 1 0 0 0 0 1 0 0 1 0 1 0 0 1 1 1 0 0 0 1 0 0
1 0 0 0 0 0 0 0 1 0 0 0 0 1 0 1 0 0 0 1 0 0 1 0 1 1 0 1 0 0 0 0 0 0 0 0 0 1 1 1 1 0 0 0 0 0 0 0 0 1 0 1 1 1
0 1 0 0 1 10 1 0 0 0 0 0 1 1 0 1 1 1 1 0 0 1 1 1 1 10 1 0 10 0 1 0 0 0 1 1 0 10 1 0 1 1 10 0 0 1 10 1 1 0 0 1 0 0
0 1 1 0 0 0 0 1 0 1 1 1 1 0 1 0 0 0 0 0 0 0 0 1 0 0 1 0 1 1 0 0 0 0 0 1 1 0 0 0 0 0 0 1 0 0 0 0 0 0 1 0 0 0
0 0 0 0 0 1 0 0 0 0 0 0 1 1 0 1 0 0 0 0 0 0 0 1 1 1 1 0 1 0 0 0 1 0 0 1 0 1 1 0 0 1 1 0 0 0 1 0 1 0 0 0 0 0
0 1 1 1 0 1 1 1 0 10 1 1 10 1 1 1 0 1 0 0 1 0 1 10 10 1 10 1 10 1 0 0 1 1 1 0 1 1 1 0 0 10 1 1 1 1 1 0 1 0 1 0 1 1
0 1 1 0 0 0 0 1 0 1 1 1 1 0 1 0 0 0 0 0 0 0 0 1 0 0 1 0 1 1 0 0 0 1 0 1 0 0 0 0 0 0 0 1 0 0 0 0 0 0 1 0 0 0
1 1 0 0 1 10 1 0 1 0 0 0 1 10 0 10 1 1 1 1 0 1 10 1 10 100 1 1 10 0 1 1 10 0 1 1 0 0 10 1 10 1 10 0 0 1 10 1 1 1 0 10 1 1
1 0 0 0 0 1 0 0 1 0 0 0 1 10 0 10 0 0 0 1 0 0 1 1 10 10 1 1 1 0 0 1 1 0 1 1 0 10 0 1 1 1 1 0 0 0 1 0 1 1 0 1 1 1
1 0 0 0 0 0 0 0 1 0 0 0 0 1 0 1 0 0 0 1 0 0 1 0 1 1 0 1 0 0 0 1 0 0 0 0 0 1 1 0 1 0 0 0 0 0 0 0 0 1 0 1 1 1
1 1 0 0 1 1 1 0 1 0 0 0 0 1 0 1 1 1 1 1 0 1 10 0 1 10 0 1 1 0 1 1 1 0 0 0 0 10 1 1 0 0 1 0 0 1 1 1 0 1 0 10 1 1
0 0 0 1 0 1 1 0 0 1 0 0 1 1 0 1 0 1 0 0 1 0 1 1 10 1 1 1 1 0 0 0 1 0 1 10 0 1 1 0 0 0 1 0 1 1 1 0 1 0 0 0 1 1
0 1 0 0 1 10 1 0 0 0 0 0 1 1 0 1 1 1 1 0 0 1 1 1 1 10 1 0 10 0 1 0 10 0 1 1 0 10 1 0 1 1 0 0 0 1 10 1 1 0 0 1 0 0
0 1 1 0 0 0 0 1 0 1 1 1 1 0 1 0 0 0 0 0 0 0 0 1 0 0 1 0 1 1 0 0 0 1 0 1 1 0 0 0 0 0 0 0 0 0 0 0 0 0 1 0 0 0
0 0 0 1 0 0 1 0 0 1 0 0 0 0 0 0 0 1 0 0 1 0 1 0 1 0 0 1 0 0 0 0 0 0 0 1 0 0 0 0 0 1 0 0 0 1 0 0 0 0 0 0 1 1
0 1 0 1 1 1 10 0 0 1 0 0 0 0 0 0 1 10 1 0 1 1 10 0 1 1 0 1 1 0 1 0 1 0 0 1 0 1 0 0 1 1 1 0 1 0 1 1 0 0 0 1 1 1
0 1 0 0 1 10 1 0 0 0 0 0 1 1 0 1 1 1 1 0 0 1 1 1 1 10 1 0 10 0 1 0 10 0 1 1 0 10 1 0 1 1 10 0 0 1 0 1 1 0 0 1 0 0
0 1 0 0 1 1 1 0 0 0 0 0 0 0 0 0 1 1 1 0 0 1 1 0 0 1 0 0 1 0 1 0 1 0 0 0 0 1 0 0 1 0 1 0 0 1 1 0 0 0 0 1 0 0
0 0 0 0 0 1 0 0 0 0 0 0 1 1 0 1 0 0 0 0 0 0 0 1 1 1 1 0 1 0 0 0 1 0 1 1 0 1 1 0 0 1 1 0 0 0 1 0 0 0 0 0 0 0
1 0 0 0 0 0 0 0 1 0 0 0 0 1 0 1 0 0 0 1 0 0 1 0 1 1 0 1 0 0 0 1 0 0 0 0 0 1 1 1 1 0 0 0 0 0 0 0 0 0 0 1 1 1
0 1 1 0 0 0 0 1 0 1 1 1 1 0 1 0 0 0 0 0 0 0 0 1 0 0 1 0 1 1 0 0 0 1 0 1 1 0 0 0 0 0 0 1 0 0 0 0 0 0 0 0 0 0
1 1 0 0 1 1 1 0 1 0 0 0 0 1 0 1 1 1 1 1 0 1 10 0 1 10 0 1 1 0 1 1 1 0 0 0 0 10 1 1 10 0 1 0 0 1 1 1 0 1 0 0 1 1
1 0 0 1 0 0 1 0 1 1 0 0 0 1 0 1 0 1 0 1 1 0 10 0 10 1 0 10 0 0 0 1 0 0 0 1 0 1 1 1 1 1 0 0 1 1 0 0 0 1 0 1 0 10
1 0 0 1 0 0 1 0 1 1 0 0 0 1 0 1 0 1 0 1 1 0 10 0 10 1 0 10 0 0 0 1 0 0 0 1 0 1 1 1 1 1 0 0 1 1 0 0 0 1 0 1 10 0
4
2 6 2
3 5 3
4 3 3
5 3 3
5
2 3 
1 2
1 2
2 3
1 2 
1 3
1 5
2 5 
1 2
1 4
2 3
2 3
2 3
1 3 
1 5
1 5
1 4
2 4 
1 2
1 2
2 4
2 2
54 5
1 1
2 0 2
1 2
1 3
1 0
2 0 4
2 0 3
1 2
1 1
2 2 3
1 2
1 2
2 2 4
2 1 4
1 2
2 1 4
1 0
2 0 3
1 0
1 1
1 3
1 0
3 0 1 3
2 2 4
3 1 3 4
3 0 1 4
2 2 4
2 1 3
3 0 2 4
1 2
1 0
1 1
2 0 4
1 2
1 4
3 2 3 4
1 2
3 0 1 4
2 1 4
1 1
2 0 1
2 3 4
2 0 4
1 2
1 3
2 0 3
2 0 4
1 0
1 4
1 1
1 2
2 0 1
2 1 3
2 1 3
54 96
1 65
2 18 66
2 24 3
1 57
4 11 20 21 69
2 2 40
1 49
3 23 4 47
1 69
1 48
1 7
2 33 50
4 16 28 59 65
1 42
1 36
3 27 52 68
2 22 54
3 38 41 5
2 67 69
2 64 8
4 15 51 56 63
2 44 62
1 58
2 30 53
2 60 66
3 1 10 39
2 37 67
1 68
3 13 35 43
2 14 25
3 12 26 55
1 19
2 31 34
2 17 64
1 6
2 69 9
1 61
2 68 69
3 0 32 45
2 29 46
2 70 71
2 72 73
1 74
3 75 76 77
1 78
1 79
1 80
1 81
3 82 83 84
1 85
2 86 87
3 88 89 90
4 91 92 93 94
1 95
