17
0 1 0 0 1 1 0 0 0 0 0 0 0 0 1 0 0
1 0 0 1 1 10 1 0 1 1 0 0 10 0 1 1 0
0 0 0 1 0 0 0 1 0 0 1 1 0 0 0 1 0
0 1 1 0 0 0 1 1 0 0 1 1 1 0 0 1 0
1 1 0 0 0 1 0 0 0 0 0 0 0 0 1 0 0
1 10 0 0 1 0 0 1 1 1 0 0 1 1 1 10 1
0 1 0 1 0 0 0 0 0 0 0 0 1 0 0 0 0
0 0 1 1 0 1 0 0 0 0 1 1 0 1 0 10 1
0 1 0 0 0 1 0 0 0 1 0 0 1 0 0 1 0
0 1 0 0 0 1 0 0 1 0 0 0 1 0 0 1 0
0 0 1 1 0 0 0 1 0 0 0 1 0 0 0 1 0
0 0 1 1 0 0 0 1 0 0 1 0 0 0 0 1 0
0 10 0 1 0 1 1 0 1 1 0 0 0 0 0 1 0
0 0 0 0 0 1 0 1 0 0 0 0 0 0 0 1 1
1 1 0 0 1 1 0 0 0 0 0 0 0 0 0 0 0
0 1 1 1 0 10 0 10 1 1 1 1 1 1 0 0 1
0 0 0 0 0 1 0 1 0 0 0 0 0 1 0 1 0
4
2 1 2
4 1 3
5 1 3
6 1 3
3
1 1 
1 4
1 2 
1 5
1 6
1 1 
1 2
17 5
1 3
3 0 2 3
1 1
2 0 1
1 3
3 2 3 4
1 0
2 1 4
1 2
1 2
1 1
1 1
2 0 2
1 4
1 3
3 1 2 4
1 4
17 32
2 11 12
1 10
3 2 3 5
2 17 9
1 7
2 18 8
4 0 13 19 6
2 14 19
3 1 15 16
2 20 4
3 21 22 23
1 24
1 25
1 26
2 27 28
1 29
2 30 31
