47
0 0 1 1 0 1 0 1 0 1 0 0 1 0 0 0 0 0 0 1 0 0 0 0 0 0 1 1 0 0 0 0 0 0 0 1 1 1 0 0 0 0 1 0 0 1 0
0 0 1 0 0 1 1 1 0 0 0 1 0 1 0 0 1 0 0 0 0 0 0 1 0 0 0 0 0 0 1 0 1 1 0 0 0 1 0 0 1 0 0 1 1 0 0
1 1 0 1 1 10 1 10 1 1 1 1 1 10 0 1 10 0 1 10 0 1 1 1 0 1 1 1 0 0 1 0 1 1 0 1 10 10 0 0 1 1 10 1 1 1 1
1 0 1 0 0 1 0 1 0 1 0 0 1 0 0 0 0 0 0 1 0 0 0 0 0 0 1 1 0 0 0 0 0 0 0 1 1 1 0 0 0 0 1 0 0 1 0
0 0 1 0 0 0 0 0 1 0 1 0 0 1 0 1 1 0 1 1 0 1 1 0 0 1 0 0 0 0 0 0 0 0 0 0 1 0 0 0 0 1 1 0 0 0 1
1 1 10 1 0 0 1 10 0 1 0 1 1 1 0 0 1 0 0 1 0 0 0 1 0 0 1 1 0 0 1 0 1 1 0 1 1 10 0 0 1 0 1 1 1 1 0
0 1 1 0 0 1 0 1 0 0 0 1 0 1 0 0 1 0 0 0 0 0 0 1 0 0 0 0 0 0 1 0 1 1 0 0 0 1 0 0 1 0 0 1 1 0 0
1 1 10 1 0 10 1 0 0 1 0 1 10 1 0 1 1 1 0 1 1 0 0 1 0 1 1 10 0 0 1 1 1 10 1 10 10 10 0 1 10 0 10 1 1 10 0
0 0 1 0 1 0 0 0 0 0 1 0 0 1 0 1 1 0 1 1 0 1 1 0 0 1 0 0 0 0 0 0 0 0 0 0 1 0 0 0 0 1 1 0 0 0 1
1 0 1 1 0 1 0 1 0 0 1 0 10 1 1 1 0 0 0 10 1 0 0 1 1 0 1 1 1 1 1 0 0 0 0 1 1 1 1 1 0 0 1 0 1 1 0
0 0 1 0 1 0 0 0 1 1 0 0 1 10 1 10 1 0 1 10 1 1 1 1 1 1 0 0 1 1 1 0 0 0 0 0 1 0 1 1 0 1 1 0 1 0 1
0 1 1 0 0 1 1 1 0 0 0 0 0 1 0 0 1 0 0 0 0 0 0 1 0 0 0 0 0 0 1 0 1 1 0 0 0 1 0 0 1 0 0 1 1 0 0
1 0 1 1 0 1 0 10 0 10 1 0 0 1 1 10 0 1 0 10 10 0 0 1 1 1 1 10 1 1 1 1 0 1 1 10 10 1 1 10 1 0 10 0 1 10 0
0 1 10 0 1 1 1 1 1 1 10 1 1 0 1 10 10 0 1 10 1 1 1 10 1 1 0 0 1 1 10 0 1 1 0 0 1 1 1 1 1 1 1 1 10 0 1
0 0 0 0 0 0 0 0 0 1 1 0 1 1 0 1 0 0 0 1 1 0 0 1 1 0 0 0 1 1 1 0 0 0 0 0 0 0 1 1 0 0 0 0 1 0 0
0 0 1 0 1 0 0 1 1 1 10 0 10 10 1 0 1 1 1 10 10 1 1 1 1 10 0 1 1 1 1 1 0 1 1 1 10 0 1 10 1 1 10 0 1 1 1
0 1 10 0 1 1 1 1 1 0 1 1 0 10 0 1 0 0 1 1 0 1 1 1 0 1 0 0 0 0 1 0 1 1 0 0 1 1 0 0 1 1 1 1 1 0 1
0 0 0 0 0 0 0 1 0 0 0 0 1 0 0 1 0 0 0 0 1 0 0 0 0 1 0 1 0 0 0 1 0 1 1 1 1 0 0 1 1 0 1 0 0 1 0
0 0 1 0 1 0 0 0 1 0 1 0 0 1 0 1 1 0 0 1 0 1 1 0 0 1 0 0 0 0 0 0 0 0 0 0 1 0 0 0 0 1 1 0 0 0 1
1 0 10 1 1 1 0 1 1 10 10 0 10 10 1 10 1 0 1 0 1 1 1 1 1 1 1 1 1 1 1 0 0 0 0 1 10 1 1 1 0 1 10 0 1 1 1
0 0 0 0 0 0 0 1 0 1 1 0 10 1 1 10 0 1 0 1 0 0 0 1 1 1 0 1 1 1 1 1 0 1 1 1 1 0 1 10 1 0 1 0 1 1 0
0 0 1 0 1 0 0 0 1 0 1 0 0 1 0 1 1 0 1 1 0 0 1 0 0 1 0 0 0 0 0 0 0 0 0 0 1 0 0 0 0 1 1 0 0 0 1
0 0 1 0 1 0 0 0 1 0 1 0 0 1 0 1 1 0 1 1 0 1 0 0 0 1 0 0 0 0 0 0 0 0 0 0 1 0 0 0 0 1 1 0 0 0 1
0 1 1 0 0 1 1 1 0 1 1 1 1 10 1 1 1 0 0 1 1 0 0 0 1 0 0 0 1 1 10 0 1 1 0 0 0 1 1 1 1 0 0 1 10 0 0
0 0 0 0 0 0 0 0 0 1 1 0 1 1 1 1 0 0 0 1 1 0 0 1 0 0 0 0 1 1 1 0 0 0 0 0 0 0 1 1 0 0 0 0 1 0 0
0 0 1 0 1 0 0 1 1 0 1 0 1 1 0 10 1 1 1 1 1 1 1 0 0 0 0 1 0 0 0 1 0 1 1 1 10 0 0 1 1 1 10 0 0 1 1
1 0 1 1 0 1 0 1 0 1 0 0 1 0 0 0 0 0 0 1 0 0 0 0 0 0 0 1 0 0 0 0 0 0 0 1 1 1 0 0 0 0 1 0 0 1 0
1 0 1 1 0 1 0 10 0 1 0 0 10 0 0 1 0 1 0 1 1 0 0 0 0 1 1 0 0 0 0 1 0 1 1 10 10 1 0 1 1 0 10 0 0 10 0
0 0 0 0 0 0 0 0 0 1 1 0 1 1 1 1 0 0 0 1 1 0 0 1 1 0 0 0 0 1 1 0 0 0 0 0 0 0 1 1 0 0 0 0 1 0 0
0 0 0 0 0 0 0 0 0 1 1 0 1 1 1 1 0 0 0 1 1 0 0 1 1 0 0 0 1 0 1 0 0 0 0 0 0 0 1 1 0 0 0 0 1 0 0
0 1 1 0 0 1 1 1 0 1 1 1 1 10 1 1 1 0 0 1 1 0 0 10 1 0 0 0 1 1 0 0 1 1 0 0 0 1 1 1 1 0 0 1 10 0 0
0 0 0 0 0 0 0 1 0 0 0 0 1 0 0 1 0 1 0 0 1 0 0 0 0 1 0 1 0 0 0 0 0 1 1 1 1 0 0 1 1 0 1 0 0 1 0
0 1 1 0 0 1 1 1 0 0 0 1 0 1 0 0 1 0 0 0 0 0 0 1 0 0 0 0 0 0 1 0 0 1 0 0 0 1 0 0 1 0 0 1 1 0 0
0 1 1 0 0 1 1 10 0 0 0 1 1 1 0 1 1 1 0 0 1 0 0 1 0 1 0 1 0 0 1 1 1 0 1 1 1 1 0 1 10 0 1 1 1 1 0
0 0 0 0 0 0 0 1 0 0 0 0 1 0 0 1 0 1 0 0 1 0 0 0 0 1 0 1 0 0 0 1 0 1 0 1 1 0 0 1 1 0 1 0 0 1 0
1 0 1 1 0 1 0 10 0 1 0 0 10 0 0 1 0 1 0 1 1 0 0 0 0 1 1 10 0 0 0 1 0 1 1 0 10 1 0 1 1 0 10 0 0 10 0
1 0 10 1 1 1 0 10 1 1 1 0 10 1 0 10 1 1 1 10 1 1 1 0 0 10 1 10 0 0 0 1 0 1 1 10 0 1 0 1 1 1 100 0 0 10 1
1 1 10 1 0 10 1 10 0 1 0 1 1 1 0 0 1 0 0 1 0 0 0 1 0 0 1 1 0 0 1 0 1 1 0 1 1 0 0 0 1 0 1 1 1 1 0
0 0 0 0 0 0 0 0 0 1 1 0 1 1 1 1 0 0 0 1 1 0 0 1 1 0 0 0 1 1 1 0 0 0 0 0 0 0 0 1 0 0 0 0 1 0 0
0 0 0 0 0 0 0 1 0 1 1 0 10 1 1 10 0 1 0 1 10 0 0 1 1 1 0 1 1 1 1 1 0 1 1 1 1 0 1 0 1 0 1 0 1 1 0
0 1 1 0 0 1 1 10 0 0 0 1 1 1 0 1 1 1 0 0 1 0 0 1 0 1 0 1 0 0 1 1 1 10 1 1 1 1 0 1 0 0 1 1 1 1 0
0 0 1 0 1 0 0 0 1 0 1 0 0 1 0 1 1 0 1 1 0 1 1 0 0 1 0 0 0 0 0 0 0 0 0 0 1 0 0 0 0 0 1 0 0 0 1
1 0 10 1 1 1 0 10 1 1 1 0 10 1 0 10 1 1 1 10 1 1 1 0 0 10 1 10 0 0 0 1 0 1 1 10 100 1 0 1 1 1 0 0 0 10 1
0 1 1 0 0 1 1 1 0 0 0 1 0 1 0 0 1 0 0 0 0 0 0 1 0 0 0 0 0 0 1 0 1 1 0 0 0 1 0 0 1 0 0 0 1 0 0
0 1 1 0 0 1 1 1 0 1 1 1 1 10 1 1 1 0 0 1 1 0 0 10 1 0 0 0 1 1 10 0 1 1 0 0 0 1 1 1 1 0 0 1 0 0 0
1 0 1 1 0 1 0 10 0 1 0 0 10 0 0 1 0 1 0 1 1 0 0 0 0 1 1 10 0 0 0 1 0 1 1 10 10 1 0 1 1 0 10 0 0 0 0
0 0 1 0 1 0 0 0 1 0 1 0 0 1 0 1 1 0 1 1 0 1 1 0 0 1 0 0 0 0 0 0 0 0 0 0 1 0 0 0 0 1 1 0 0 0 0
3
3 1 3
4 6 3
5 4 3
3
2 5 
1 4
1 3
1 4
2 5
2 5
2 4 
1 4
1 4
2 5
2 5
1 2 
1 4
1 4
47 5
1 2
1 4
3 1 2 4
1 2
1 1
2 2 4
1 4
3 0 2 4
1 1
2 2 3
2 1 3
1 4
3 0 2 3
3 1 3 4
1 3
3 0 1 3
2 1 4
1 0
1 1
3 1 2 3
2 0 3
1 1
1 1
2 3 4
1 3
2 0 1
1 2
2 0 2
1 3
1 3
2 3 4
1 0
1 4
2 0 4
1 0
2 0 2
3 0 1 2
2 2 4
1 3
2 0 3
2 0 4
1 1
3 0 1 2
1 4
2 3 4
2 0 2
1 1
47 79
2 20 48
2 19 60
1 36
1 4
2 55 59
1 35
2 17 39
2 60 9
1 52
1 26
2 33 56
1 12
1 13
3 31 51 57
4 0 23 5 54
2 29 60
2 24 34
2 47 8
1 58
1 3
3 10 18 59
1 21
1 6
3 1 2 30
1 60
2 27 41
2 22 44
2 40 53
3 16 25 57
1 15
2 37 58
3 43 45 46
2 11 38
2 14 50
1 42
4 28 55 56 60
2 32 7
1 49
2 59 61
2 62 63
2 64 65
1 66
1 67
4 68 69 70 71
3 72 73 74
3 75 76 77
1 78
