117
0 0 0 1 1 0 0 1 1 1 0 0 0 0 1 1 0 0 1 0 0 0 1 0 0 1 0 1 0 0 0 0 0 0 0 1 0 0 0 1 0 0 0 0 1 0 1 0 0 0 1 0 1 0 0 0 0 0 1 0 0 0 1 1 10 0 0 0 0 0 0 0 0 1 0 0 0 0 0 0 0 1 0 0 0 1 10 0 0 1 0 0 0 0 10 0 0 0 0 0 0 1 1 0 1 1 1 0 0 0 0 0 1 1 1 0 0
0 0 0 0 0 1 0 0 0 0 0 0 1 0 0 0 0 0 0 1 0 0 0 0 1 0 0 0 0 1 0 1 1 0 1 1 0 0 0 0 1 0 0 0 1 0 1 1 0 1 0 0 0 1 0 0 0 0 0 1 0 0 0 0 0 0 0 0 0 0 0 0 0 1 1 0 0 0 0 0 0 1 0 0 0 0 0 0 0 0 0 0 0 1 0 0 1 0 0 0 0 0 0 0 1 0 1 1 0 0 1 0 0 0 0 0 0
0 0 0 0 0 0 0 0 0 0 0 0 1 1 1 0 1 0 0 0 0 1 0 1 0 0 1 0 0 1 1 1 0 0 0 0 1 0 0 1 0 0 10 0 0 0 0 1 1 0 0 0 0 0 0 0 1 0 0 0 0 1 0 0 0 0 1 10 0 1 0 0 1 0 10 1 0 0 0 0 0 0 0 1 0 0 0 0 1 1 0 0 1 1 0 0 0 1 0 1 1 0 0 0 0 0 0 0 0 1 0 1 0 1 1 1 0
1 0 0 0 1 1 0 1 0 1 1 1 0 1 0 1 0 0 0 0 0 0 0 0 0 1 0 0 0 0 0 1 0 0 1 1 0 0 1 10 0 0 0 0 0 1 1 0 1 0 0 0 1 0 1 1 1 0 0 0 0 0 1 0 1 0 1 0 0 0 0 0 0 0 0 0 0 1 0 0 1 1 0 0 0 0 1 1 0 1 1 1 0 0 1 0 1 0 0 0 0 1 0 1 1 1 1 0 0 1 0 1 10 10 1 0 0
1 0 0 1 0 0 1 1 0 1 1 0 0 0 0 1 0 0 1 0 0 0 0 0 0 0 0 0 0 0 1 0 0 1 0 1 0 0 0 1 0 1 0 0 0 0 10 0 0 10 1 0 10 0 1 0 0 1 1 0 1 1 10 0 1 1 0 0 0 0 0 1 0 0 0 1 0 1 1 0 1 1 0 1 1 0 1 0 1 1 0 1 1 0 1 0 1 0 1 0 0 1 0 1 10 1 1 0 1 0 1 0 1 1 10 0 1
0 1 0 1 0 0 0 0 0 0 1 1 1 1 0 0 0 0 0 1 0 0 0 0 1 1 0 0 0 1 0 10 1 0 10 1 0 0 1 1 1 0 0 0 1 1 1 1 1 1 0 0 0 1 1 1 1 0 0 1 0 0 0 0 0 0 1 0 0 0 0 0 0 1 1 0 0 1 0 0 1 1 0 0 0 0 0 1 0 0 1 1 0 1 0 0 10 0 0 0 0 0 0 1 1 0 1 1 0 1 1 1 1 1 0 0 0
0 0 0 0 1 0 0 0 0 0 1 0 0 0 0 0 0 0 1 0 0 0 0 0 0 0 0 0 0 0 1 0 0 0 0 0 0 0 0 0 0 0 0 0 0 0 1 0 0 1 0 0 1 0 1 0 0 1 1 0 0 0 0 0 0 1 0 0 0 0 0 0 0 0 0 1 0 1 0 0 0 0 0 1 0 0 0 0 1 0 0 1 0 0 0 0 1 0 0 0 0 0 0 1 0 0 0 0 1 0 1 0 0 0 0 0 1
1 0 0 1 1 0 0 0 0 1 0 0 0 0 0 1 0 0 0 0 0 0 0 0 0 0 0 0 0 0 0 0 0 0 0 1 0 0 0 1 0 0 0 0 0 0 1 0 0 0 0 0 1 0 0 0 0 0 0 0 0 0 1 0 1 0 0 0 0 0 0 0 0 0 0 0 0 0 0 0 0 1 0 0 0 0 1 0 0 1 0 0 0 0 1 0 0 0 0 0 0 1 0 0 1 1 1 0 0 0 0 0 1 1 1 0 0
1 0 0 0 0 0 0 0 0 0 0 0 0 0 1 0 0 1 1 0 1 0 1 0 0 1 0 10 1 1 1 0 0 0 0 0 0 0 0 0 0 0 0 0 1 0 0 0 1 0 1 1 0 0 0 0 0 1 10 0 0 0 0 1 1 0 0 0 0 0 1 0 1 1 0 0 1 1 0 0 0 0 0 0 1 1 1 0 1 0 0 0 0 0 1 1 0 1 0 0 0 0 1 0 0 0 1 0 0 1 0 0 0 0 0 0 0
1 0 0 1 1 0 0 1 0 0 0 0 0 0 0 1 0 0 0 0 0 0 0 0 0 0 0 0 0 0 0 0 0 0 0 1 0 0 0 1 0 0 0 0 0 0 1 0 0 0 0 0 1 0 0 0 0 0 0 0 0 0 1 0 1 0 0 0 0 0 0 0 0 0 0 0 0 0 0 0 0 1 0 0 0 0 1 0 0 1 0 0 0 0 1 0 0 0 0 0 0 1 0 0 1 1 1 0 0 0 0 0 1 1 1 0 0
0 0 0 1 1 1 1 0 0 0 0 1 0 1 0 0 0 0 1 0 0 0 0 0 0 1 0 0 0 0 1 1 0 0 1 0 0 0 1 1 0 0 0 0 0 1 1 0 1 1 0 0 1 0 10 1 1 1 1 0 0 0 0 0 0 1 1 0 0 0 0 0 0 0 0 1 0 10 0 0 1 0 0 1 0 0 0 1 1 0 1 10 0 0 0 0 10 0 0 0 0 0 0 10 0 0 0 0 1 1 1 1 1 1 0 0 1
0 0 0 1 0 1 0 0 0 0 1 0 0 1 0 0 0 0 0 0 0 0 0 0 0 1 0 0 0 0 0 1 0 0 1 0 0 0 1 1 0 0 0 0 0 1 0 0 1 0 0 0 0 0 1 1 1 0 0 0 0 0 0 0 0 0 1 0 0 0 0 0 0 0 0 0 0 1 0 0 1 0 0 0 0 0 0 1 0 0 1 1 0 0 0 0 1 0 0 0 0 0 0 1 0 0 0 0 0 1 0 1 1 1 0 0 0
0 1 1 0 0 1 0 0 0 0 0 0 0 1 0 0 1 0 0 1 0 1 0 1 1 0 1 0 0 10 1 1 1 0 1 1 0 0 0 1 1 0 1 0 1 0 1 1 0 1 0 0 0 1 0 0 0 0 0 1 0 1 0 0 0 0 0 1 0 1 0 0 1 1 10 1 0 0 0 0 0 1 0 0 0 0 0 0 0 0 0 0 0 10 0 0 1 1 0 1 0 0 0 0 1 0 1 1 0 0 1 0 0 0 1 0 0
0 0 1 1 0 1 0 0 0 0 1 1 1 0 0 0 1 0 0 0 0 1 0 1 0 1 1 0 0 1 1 1 0 0 1 0 0 0 1 10 0 0 1 0 0 1 0 0 1 0 0 0 0 0 1 1 1 0 0 0 0 1 0 0 0 0 1 1 0 1 0 0 1 0 1 1 0 1 0 0 1 0 0 0 0 0 0 1 0 0 1 1 0 1 0 0 1 1 0 1 0 0 0 1 0 0 0 0 0 1 0 1 1 1 1 0 0
1 0 1 0 0 0 0 0 1 0 0 0 0 0 0 0 0 0 1 0 0 0 1 0 0 1 0 1 0 0 0 1 0 0 0 0 1 0 0 0 0 0 1 0 1 0 0 1 1 0 1 0 0 0 0 0 1 0 1 0 0 0 0 1 1 0 1 1 0 0 0 0 0 1 1 0 0 0 0 0 0 0 0 1 0 1 1 0 1 1 0 0 1 0 1 0 0 0 0 0 1 0 1 0 0 0 0 0 0 1 0 1 0 1 0 1 0
1 0 0 1 1 0 0 1 0 1 0 0 0 0 0 0 0 0 0 0 0 0 0 0 0 0 0 0 0 0 0 0 0 0 0 1 0 0 0 1 0 0 0 0 0 0 1 0 0 0 0 0 1 0 0 0 0 0 0 0 0 0 1 0 1 0 0 0 0 0 0 0 0 0 0 0 0 0 0 0 0 1 0 0 0 0 1 0 0 1 0 0 0 0 1 0 0 0 0 0 0 1 0 0 1 1 1 0 0 0 0 0 1 1 1 0 0
0 0 1 0 0 0 0 0 0 0 0 0 1 1 0 0 0 0 0 0 0 1 0 1 0 0 1 0 0 1 1 0 0 0 0 0 0 0 0 1 0 0 1 0 0 0 0 0 0 0 0 0 0 0 0 0 0 0 0 0 0 1 0 0 0 0 0 1 0 1 0 0 1 0 1 1 0 0 0 0 0 0 0 0 0 0 0 0 0 0 0 0 0 1 0 0 0 1 0 1 0 0 0 0 0 0 0 0 0 0 0 0 0 0 1 0 0
0 0 0 0 0 0 0 0 1 0 0 0 0 0 0 0 0 0 0 0 1 0 0 0 0 0 0 1 1 1 1 0 0 0 0 0 0 0 0 0 0 0 0 0 0 0 0 0 1 0 0 1 0 0 0 0 0 1 1 0 0 0 0 0 0 0 0 0 0 0 1 0 1 0 0 0 1 1 0 0 0 0 0 0 1 0 0 0 1 0 0 0 0 0 0 1 0 1 0 0 0 0 0 0 0 0 1 0 0 1 0 0 0 0 0 0 0
1 0 0 0 1 0 1 0 1 0 1 0 0 0 1 0 0 0 0 0 0 0 1 0 0 1 0 1 0 0 1 0 0 0 0 0 0 0 0 0 0 0 0 0 1 0 1 0 0 1 1 0 1 0 1 0 0 1 10 0 0 0 0 1 1 1 0 0 0 0 0 0 0 1 0 1 0 1 0 0 0 0 0 1 0 1 1 0 1 0 0 1 0 0 1 0 1 0 0 0 0 0 1 1 0 0 0 0 1 0 1 0 0 0 0 0 1
0 1 0 0 0 1 0 0 0 0 0 0 1 0 0 0 0 0 0 0 0 0 0 0 1 0 0 0 0 1 0 1 1 0 1 1 0 0 0 0 1 0 0 0 1 0 1 1 0 1 0 0 0 1 0 0 0 0 0 1 0 0 0 0 0 0 0 0 0 0 0 0 0 1 1 0 0 0 0 0 0 1 0 0 0 0 0 0 0 0 0 0 0 1 0 0 1 0 0 0 0 0 0 0 1 0 1 1 0 0 1 0 0 0 0 0 0
0 0 0 0 0 0 0 0 1 0 0 0 0 0 0 0 0 1 0 0 0 0 0 0 0 0 0 1 1 1 1 0 0 0 0 0 0 0 0 0 0 0 0 0 0 0 0 0 1 0 0 1 0 0 0 0 0 1 1 0 0 0 0 0 0 0 0 0 0 0 1 0 1 0 0 0 1 1 0 0 0 0 0 0 1 0 0 0 1 0 0 0 0 0 0 1 0 1 0 0 0 0 0 0 0 0 1 0 0 1 0 0 0 0 0 0 0
0 0 1 0 0 0 0 0 0 0 0 0 1 1 0 0 1 0 0 0 0 0 0 1 0 0 1 0 0 1 1 0 0 0 0 0 0 0 0 1 0 0 1 0 0 0 0 0 0 0 0 0 0 0 0 0 0 0 0 0 0 1 0 0 0 0 0 1 0 1 0 0 1 0 1 1 0 0 0 0 0 0 0 0 0 0 0 0 0 0 0 0 0 1 0 0 0 1 0 1 0 0 0 0 0 0 0 0 0 0 0 0 0 0 1 0 0
1 0 0 0 0 0 0 0 1 0 0 0 0 0 1 0 0 0 1 0 0 0 0 0 0 10 0 1 0 0 0 0 1 1 0 0 0 1 0 0 0 0 0 1 1 0 0 0 0 0 1 0 1 0 0 0 0 0 1 0 0 0 0 1 1 0 0 1 1 0 0 1 0 10 0 0 0 0 0 1 0 0 1 1 1 10 10 0 0 0 0 0 1 0 10 0 0 0 0 0 0 0 1 0 0 0 0 0 0 0 1 0 0 0 0 1 0
0 0 1 0 0 0 0 0 0 0 0 0 1 1 0 0 1 0 0 0 0 1 0 0 0 0 1 0 0 1 1 0 0 0 0 0 0 0 0 1 0 0 1 0 0 0 0 0 0 0 0 0 0 0 0 0 0 0 0 0 0 1 0 0 0 0 0 1 0 1 0 0 1 0 1 1 0 0 0 0 0 0 0 0 0 0 0 0 0 0 0 0 0 1 0 0 0 1 0 1 0 0 0 0 0 0 0 0 0 0 0 0 0 0 1 0 0
0 1 0 0 0 1 0 0 0 0 0 0 1 0 0 0 0 0 0 1 0 0 0 0 0 0 0 0 0 1 0 1 1 0 1 1 0 0 0 0 1 0 0 0 1 0 1 1 0 1 0 0 0 1 0 0 0 0 0 1 0 0 0 0 0 0 0 0 0 0 0 0 0 1 1 0 0 0 0 0 0 1 0 0 0 0 0 0 0 0 0 0 0 1 0 0 1 0 0 0 0 0 0 0 1 0 1 1 0 0 1 0 0 0 0 0 0
1 0 0 1 0 1 0 0 1 0 1 1 0 1 1 0 0 0 1 0 0 0 10 0 0 0 0 1 0 0 0 1 1 1 1 0 0 1 1 1 0 0 0 1 1 1 0 0 1 0 1 0 1 0 1 1 1 0 1 0 0 0 0 1 1 0 1 1 1 0 0 1 0 10 0 0 0 1 0 1 1 0 1 1 1 10 10 1 0 0 1 1 1 0 10 0 1 0 0 0 0 0 1 1 0 0 0 0 0 1 1 1 1 1 0 1 0
0 0 1 0 0 0 0 0 0 0 0 0 1 1 0 0 1 0 0 0 0 1 0 1 0 0 0 0 0 1 1 0 0 0 0 0 0 0 0 1 0 0 1 0 0 0 0 0 0 0 0 0 0 0 0 0 0 0 0 0 0 1 0 0 0 0 0 1 0 1 0 0 1 0 1 1 0 0 0 0 0 0 0 0 0 0 0 0 0 0 0 0 0 1 0 0 0 1 0 1 0 0 0 0 0 0 0 0 0 0 0 0 0 0 1 0 0
1 0 0 0 0 0 0 0 10 0 0 0 0 0 1 0 0 1 1 0 1 0 1 0 0 1 0 0 1 1 1 0 0 0 0 0 0 0 0 0 0 0 0 0 1 0 0 0 1 0 1 1 0 0 0 0 0 1 10 0 0 0 0 1 1 0 0 0 0 0 1 0 1 1 0 0 1 1 0 0 0 0 0 0 1 1 1 0 1 0 0 0 0 0 1 1 0 1 0 0 0 0 1 0 0 0 1 0 0 1 0 0 0 0 0 0 0
0 0 0 0 0 0 0 0 1 0 0 0 0 0 0 0 0 1 0 0 1 0 0 0 0 0 0 1 0 1 1 0 0 0 0 0 0 0 0 0 0 0 0 0 0 0 0 0 1 0 0 1 0 0 0 0 0 1 1 0 0 0 0 0 0 0 0 0 0 0 1 0 1 0 0 0 1 1 0 0 0 0 0 0 1 0 0 0 1 0 0 0 0 0 0 1 0 1 0 0 0 0 0 0 0 0 1 0 0 1 0 0 0 0 0 0 0
0 1 1 0 0 1 0 0 1 0 0 0 10 1 0 0 1 1 0 1 1 1 0 1 1 0 1 1 1 0 10 1 1 0 1 1 0 0 0 1 1 0 1 0 1 0 1 1 1 1 0 1 0 1 0 0 0 1 1 1 0 1 0 0 0 0 0 1 0 1 1 0 10 1 10 1 1 1 0 0 0 1 0 0 1 0 0 0 1 0 0 0 0 10 0 1 1 10 0 1 0 0 0 0 1 0 10 1 0 1 1 0 0 0 1 0 0
0 0 1 0 1 0 1 0 1 0 1 0 1 1 0 0 1 1 1 0 1 1 0 1 0 0 1 1 1 10 0 0 0 0 0 0 0 0 0 1 0 0 1 0 0 0 1 0 1 1 0 1 1 0 1 0 0 10 10 0 0 1 0 0 0 1 0 1 0 1 1 0 10 0 1 10 1 10 0 0 0 0 0 1 1 0 0 0 10 0 0 1 0 1 0 1 1 10 0 1 0 0 0 1 0 0 1 0 1 1 1 0 0 0 1 0 1
0 1 1 1 0 10 0 0 0 0 1 1 1 1 1 0 0 0 0 1 0 0 0 0 1 1 0 0 0 1 0 0 1 0 10 1 1 0 1 1 1 0 1 0 1 1 1 10 10 1 0 0 0 1 1 1 10 0 0 1 0 0 0 0 0 0 10 1 0 0 0 0 0 1 10 0 0 1 0 0 1 1 0 1 0 0 0 1 1 1 1 1 1 1 0 0 10 0 0 0 1 0 0 1 1 0 1 1 0 10 1 10 1 10 0 1 0
0 1 0 0 0 1 0 0 0 0 0 0 1 0 0 0 0 0 0 1 0 0 1 0 1 1 0 0 0 1 0 1 0 1 1 1 0 1 0 0 1 0 0 1 1 0 1 1 0 1 0 0 1 1 0 0 0 0 0 1 0 0 0 0 0 0 0 1 1 0 0 1 0 10 1 0 0 0 0 1 0 1 1 1 1 1 1 0 0 0 0 0 1 1 1 0 1 0 0 0 0 0 0 0 1 0 1 1 0 0 10 0 0 0 0 1 0
0 0 0 0 1 0 0 0 0 0 0 0 0 0 0 0 0 0 0 0 0 0 1 0 0 1 0 0 0 0 0 0 1 0 0 0 0 1 0 0 0 1 0 1 0 0 0 0 0 1 1 0 1 0 0 0 0 0 0 0 1 1 1 0 0 0 0 1 1 0 0 10 0 1 0 0 0 0 1 1 1 0 1 1 10 1 1 0 0 0 0 0 10 0 1 0 0 0 1 0 0 0 0 0 1 0 0 0 0 0 1 0 0 0 1 1 0
0 1 0 1 0 10 0 0 0 0 1 1 1 1 0 0 0 0 0 1 0 0 0 0 1 1 0 0 0 1 0 10 1 0 0 1 0 0 1 1 1 0 0 0 1 1 1 1 1 1 0 0 0 1 1 1 1 0 0 1 0 0 0 0 0 0 1 0 0 0 0 0 0 1 1 0 0 1 0 0 1 1 0 0 0 0 0 1 0 0 1 1 0 1 0 0 10 0 0 0 0 0 0 1 1 0 1 1 0 1 1 1 1 1 0 0 0
1 1 0 1 1 1 0 1 0 1 0 0 1 0 0 1 0 0 0 1 0 0 0 0 1 0 0 0 0 1 0 1 1 0 1 0 0 0 0 1 1 0 0 0 1 0 10 1 0 1 0 0 1 1 0 0 0 0 0 1 0 0 1 0 1 0 0 0 0 0 0 0 0 1 1 0 0 0 0 0 0 10 0 0 0 0 1 0 0 1 0 0 0 1 1 0 1 0 0 0 0 1 0 0 10 1 10 1 0 0 1 0 1 1 1 0 0
0 0 1 0 0 0 0 0 0 0 0 0 0 0 1 0 0 0 0 0 0 0 0 0 0 0 0 0 0 0 0 1 0 0 0 0 0 0 0 0 0 0 1 0 0 0 0 1 1 0 0 0 0 0 0 0 1 0 0 0 0 0 0 0 0 0 1 1 0 0 0 0 0 0 1 0 0 0 0 0 0 0 0 1 0 0 0 0 1 1 0 0 1 0 0 0 0 0 0 0 1 0 0 0 0 0 0 0 0 1 0 1 0 1 0 1 0
0 0 0 0 0 0 0 0 0 0 0 0 0 0 0 0 0 0 0 0 0 0 1 0 0 1 0 0 0 0 0 0 1 1 0 0 0 0 0 0 0 0 0 1 0 0 0 0 0 0 0 0 1 0 0 0 0 0 0 0 0 0 0 0 0 0 0 1 1 0 0 1 0 1 0 0 0 0 0 1 0 0 1 1 1 1 1 0 0 0 0 0 1 0 1 0 0 0 0 0 0 0 0 0 0 0 0 0 0 0 1 0 0 0 0 1 0
0 0 0 1 0 1 0 0 0 0 1 1 0 1 0 0 0 0 0 0 0 0 0 0 0 1 0 0 0 0 0 1 0 0 1 0 0 0 0 1 0 0 0 0 0 1 0 0 1 0 0 0 0 0 1 1 1 0 0 0 0 0 0 0 0 0 1 0 0 0 0 0 0 0 0 0 0 1 0 0 1 0 0 0 0 0 0 1 0 0 1 1 0 0 0 0 1 0 0 0 0 0 0 1 0 0 0 0 0 1 0 1 1 1 0 0 0
1 0 1 10 1 1 0 1 0 1 1 1 1 10 0 1 1 0 0 0 0 1 0 1 0 1 1 0 0 1 1 1 0 0 1 1 0 0 1 0 0 0 1 0 0 1 1 0 1 0 0 0 1 0 1 1 1 0 0 0 0 1 1 0 1 0 1 1 0 1 0 0 1 0 1 1 0 1 0 0 1 1 0 0 0 0 1 1 0 1 1 1 0 1 1 0 1 1 0 1 0 1 0 1 1 1 1 0 0 1 0 1 10 10 10 0 0
0 1 0 0 0 1 0 0 0 0 0 0 1 0 0 0 0 0 0 1 0 0 0 0 1 0 0 0 0 1 0 1 1 0 1 1 0 0 0 0 0 0 0 0 1 0 1 1 0 1 0 0 0 1 0 0 0 0 0 1 0 0 0 0 0 0 0 0 0 0 0 0 0 1 1 0 0 0 0 0 0 1 0 0 0 0 0 0 0 0 0 0 0 1 0 0 1 0 0 0 0 0 0 0 1 0 1 1 0 0 1 0 0 0 0 0 0
0 0 0 0 1 0 0 0 0 0 0 0 0 0 0 0 0 0 0 0 0 0 0 0 0 0 0 0 0 0 0 0 0 1 0 0 0 0 0 0 0 0 0 0 0 0 0 0 0 1 1 0 0 0 0 0 0 0 0 0 1 1 1 0 0 0 0 0 0 0 0 1 0 0 0 0 0 0 1 0 1 0 0 0 1 0 0 0 0 0 0 0 1 0 0 0 0 0 1 0 0 0 0 0 1 0 0 0 0 0 0 0 0 0 1 0 0
0 0 10 0 0 0 0 0 0 0 0 0 1 1 1 0 1 0 0 0 0 1 0 1 0 0 1 0 0 1 1 1 0 0 0 0 1 0 0 1 0 0 0 0 0 0 0 1 1 0 0 0 0 0 0 0 1 0 0 0 0 1 0 0 0 0 1 10 0 1 0 0 1 0 10 1 0 0 0 0 0 0 0 1 0 0 0 0 1 1 0 0 1 1 0 0 0 1 0 1 1 0 0 0 0 0 0 0 0 1 0 1 0 1 1 1 0
0 0 0 0 0 0 0 0 0 0 0 0 0 0 0 0 0 0 0 0 0 0 1 0 0 1 0 0 0 0 0 0 1 1 0 0 0 1 0 0 0 0 0 0 0 0 0 0 0 0 0 0 1 0 0 0 0 0 0 0 0 0 0 0 0 0 0 1 1 0 0 1 0 1 0 0 0 0 0 1 0 0 1 1 1 1 1 0 0 0 0 0 1 0 1 0 0 0 0 0 0 0 0 0 0 0 0 0 0 0 1 0 0 0 0 1 0
1 1 0 0 0 1 0 0 1 0 0 0 1 0 1 0 0 0 1 1 0 0 1 0 1 1 0 1 0 1 0 1 1 0 1 1 0 0 0 0 1 0 0 0 0 0 1 1 0 1 1 0 0 1 0 0 0 0 1 1 0 0 0 1 1 0 0 0 0 0 0 0 0 10 1 0 0 0 0 0 0 1 0 0 0 1 1 0 0 0 0 0 0 1 1 0 1 0 0 0 0 0 1 0 1 0 1 1 0 0 1 0 0 0 0 0 0
0 0 0 1 0 1 0 0 0 0 1 1 0 1 0 0 0 0 0 0 0 0 0 0 0 1 0 0 0 0 0 1 0 0 1 0 0 0 1 1 0 0 0 0 0 0 0 0 1 0 0 0 0 0 1 1 1 0 0 0 0 0 0 0 0 0 1 0 0 0 0 0 0 0 0 0 0 1 0 0 1 0 0 0 0 0 0 1 0 0 1 1 0 0 0 0 1 0 0 0 0 0 0 1 0 0 0 0 0 1 0 1 1 1 0 0 0
1 1 0 1 10 1 1 1 0 1 1 0 1 0 0 1 0 0 1 1 0 0 0 0 1 0 0 0 0 1 1 1 1 0 1 10 0 0 0 1 1 0 0 0 1 0 0 1 0 10 0 0 10 1 1 0 0 1 1 1 0 0 1 0 1 1 0 0 0 0 0 0 0 1 1 1 0 1 0 0 0 10 0 1 0 0 1 0 1 1 0 1 0 1 1 0 10 0 0 0 0 1 0 1 10 1 10 1 1 0 10 0 1 1 1 0 1
0 1 1 0 0 1 0 0 0 0 0 0 1 0 1 0 0 0 0 1 0 0 0 0 1 0 0 0 0 1 0 10 1 0 1 1 1 0 0 0 1 0 1 0 1 0 1 0 1 1 0 0 0 1 0 0 1 0 0 1 0 0 0 0 0 0 1 1 0 0 0 0 0 1 10 0 0 0 0 0 0 1 0 1 0 0 0 0 1 1 0 0 1 1 0 0 1 0 0 0 1 0 0 0 1 0 1 1 0 1 1 1 0 1 0 1 0
0 0 1 1 0 1 0 0 1 0 1 1 0 1 1 0 0 1 0 0 1 0 0 0 0 1 0 1 1 1 1 10 0 0 1 0 1 0 1 1 0 0 1 0 0 1 0 1 0 0 0 1 0 0 1 1 10 1 1 0 0 0 0 0 0 0 10 1 0 0 1 0 1 0 1 0 1 10 0 0 1 0 0 1 1 0 0 1 10 1 1 1 1 0 0 1 1 1 0 0 1 0 0 1 0 0 1 0 0 100 0 10 1 10 0 1 0
0 1 0 0 10 1 1 0 0 0 1 0 1 0 0 0 0 0 1 1 0 0 0 0 1 0 0 0 0 1 1 1 1 1 1 1 0 0 0 0 1 1 0 0 1 0 10 1 0 0 1 0 1 1 1 0 0 1 1 1 1 1 1 0 0 1 0 0 0 0 0 1 0 1 1 1 0 1 1 0 1 1 0 1 1 0 0 0 1 0 0 1 1 1 0 0 10 0 1 0 0 0 0 1 10 0 1 1 1 0 10 0 0 0 1 0 1
1 0 0 0 1 0 0 0 1 0 0 0 0 0 1 0 0 0 1 0 0 0 1 0 0 1 0 1 0 0 0 0 0 1 0 0 0 0 0 0 0 1 0 0 1 0 0 0 0 1 0 0 0 0 0 0 0 0 1 0 1 1 1 1 1 0 0 0 0 0 0 1 0 1 0 0 0 0 1 0 1 0 0 0 1 1 1 0 0 0 0 0 1 0 1 0 0 0 1 0 0 0 1 0 1 0 0 0 0 0 0 0 0 0 1 0 0
0 0 0 0 0 0 0 0 1 0 0 0 0 0 0 0 0 1 0 0 1 0 0 0 0 0 0 1 1 1 1 0 0 0 0 0 0 0 0 0 0 0 0 0 0 0 0 0 1 0 0 0 0 0 0 0 0 1 1 0 0 0 0 0 0 0 0 0 0 0 1 0 1 0 0 0 1 1 0 0 0 0 0 0 1 0 0 0 1 0 0 0 0 0 0 1 0 1 0 0 0 0 0 0 0 0 1 0 0 1 0 0 0 0 0 0 0
1 0 0 1 10 0 1 1 0 1 1 0 0 0 0 1 0 0 1 0 0 0 1 0 0 1 0 0 0 0 1 0 1 1 0 1 0 1 0 1 0 0 0 1 0 0 10 0 0 1 0 0 0 0 1 0 0 1 1 0 0 0 1 0 1 1 0 1 1 0 0 1 0 1 0 1 0 1 0 1 0 1 1 10 1 1 10 0 1 1 0 1 1 0 10 0 1 0 0 0 0 1 0 1 1 1 1 0 1 0 10 0 1 1 1 1 1
0 1 0 0 0 1 0 0 0 0 0 0 1 0 0 0 0 0 0 1 0 0 0 0 1 0 0 0 0 1 0 1 1 0 1 1 0 0 0 0 1 0 0 0 1 0 1 1 0 1 0 0 0 0 0 0 0 0 0 1 0 0 0 0 0 0 0 0 0 0 0 0 0 1 1 0 0 0 0 0 0 1 0 0 0 0 0 0 0 0 0 0 0 1 0 0 1 0 0 0 0 0 0 0 1 0 1 1 0 0 1 0 0 0 0 0 0
0 0 0 1 1 1 1 0 0 0 10 1 0 1 0 0 0 0 1 0 0 0 0 0 0 1 0 0 0 0 1 1 0 0 1 0 0 0 1 1 0 0 0 0 0 1 1 0 1 1 0 0 1 0 0 1 1 1 1 0 0 0 0 0 0 1 1 0 0 0 0 0 0 0 0 1 0 10 0 0 1 0 0 1 0 0 0 1 1 0 1 10 0 0 0 0 10 0 0 0 0 0 0 10 0 0 0 0 1 1 1 1 1 1 0 0 1
0 0 0 1 0 1 0 0 0 0 1 1 0 1 0 0 0 0 0 0 0 0 0 0 0 1 0 0 0 0 0 1 0 0 1 0 0 0 1 1 0 0 0 0 0 1 0 0 1 0 0 0 0 0 1 0 1 0 0 0 0 0 0 0 0 0 1 0 0 0 0 0 0 0 0 0 0 1 0 0 1 0 0 0 0 0 0 1 0 0 1 1 0 0 0 0 1 0 0 0 0 0 0 1 0 0 0 0 0 1 0 1 1 1 0 0 0
0 0 1 1 0 1 0 0 0 0 1 1 0 1 1 0 0 0 0 0 0 0 0 0 0 1 0 0 0 0 0 10 0 0 1 0 1 0 1 1 0 0 1 0 0 1 0 1 10 0 0 0 0 0 1 1 0 0 0 0 0 0 0 0 0 0 10 1 0 0 0 0 0 0 1 0 0 1 0 0 1 0 0 1 0 0 0 1 1 1 1 1 1 0 0 0 1 0 0 0 1 0 0 1 0 0 0 0 0 10 0 10 1 10 0 1 0
0 0 0 0 1 0 1 0 1 0 1 0 0 0 0 0 0 1 1 0 1 0 0 0 0 0 0 1 1 1 10 0 0 0 0 0 0 0 0 0 0 0 0 0 0 0 1 0 1 1 0 1 1 0 1 0 0 0 10 0 0 0 0 0 0 1 0 0 0 0 1 0 1 0 0 1 1 10 0 0 0 0 0 1 1 0 0 0 10 0 0 1 0 0 0 1 1 1 0 0 0 0 0 1 0 0 1 0 1 1 1 0 0 0 0 0 1
1 0 0 0 1 0 1 0 10 0 1 0 0 0 1 0 0 1 10 0 1 0 1 0 0 1 0 10 1 1 10 0 0 0 0 0 0 0 0 0 0 0 0 0 1 0 1 0 1 1 1 1 1 0 1 0 0 10 0 0 0 0 0 1 1 1 0 0 0 0 1 0 1 1 0 1 1 10 0 0 0 0 0 1 1 1 1 0 10 0 0 1 0 0 1 1 1 1 0 0 0 0 1 1 0 0 1 0 1 1 1 0 0 0 0 0 1
0 1 0 0 0 1 0 0 0 0 0 0 1 0 0 0 0 0 0 1 0 0 0 0 1 0 0 0 0 1 0 1 1 0 1 1 0 0 0 0 1 0 0 0 1 0 1 1 0 1 0 0 0 1 0 0 0 0 0 0 0 0 0 0 0 0 0 0 0 0 0 0 0 1 1 0 0 0 0 0 0 1 0 0 0 0 0 0 0 0 0 0 0 1 0 0 1 0 0 0 0 0 0 0 1 0 1 1 0 0 1 0 0 0 0 0 0
0 0 0 0 1 0 0 0 0 0 0 0 0 0 0 0 0 0 0 0 0 0 0 0 0 0 0 0 0 0 0 0 0 1 0 0 0 0 0 0 0 1 0 0 0 0 0 0 0 1 1 0 0 0 0 0 0 0 0 0 0 1 1 0 0 0 0 0 0 0 0 1 0 0 0 0 0 0 1 0 1 0 0 0 1 0 0 0 0 0 0 0 1 0 0 0 0 0 1 0 0 0 0 0 1 0 0 0 0 0 0 0 0 0 1 0 0
0 0 1 0 1 0 0 0 0 0 0 0 1 1 0 0 1 0 0 0 0 1 0 1 0 0 1 0 0 1 1 0 0 1 0 0 0 0 0 1 0 1 1 0 0 0 0 0 0 1 1 0 0 0 0 0 0 0 0 0 1 0 1 0 0 0 0 1 0 1 0 1 1 0 1 1 0 0 1 0 1 0 0 0 1 0 0 0 0 0 0 0 1 1 0 0 0 1 1 1 0 0 0 0 1 0 0 0 0 0 0 0 0 0 10 0 0
1 0 0 1 10 0 0 1 0 1 0 0 0 0 0 1 0 0 0 0 0 0 0 0 0 0 0 0 0 0 0 0 0 1 0 1 0 0 0 1 0 1 0 0 0 0 1 0 0 1 1 0 1 0 0 0 0 0 0 0 1 1 0 0 1 0 0 0 0 0 0 1 0 0 0 0 0 0 1 0 1 1 0 0 1 0 1 0 0 1 0 0 1 0 1 0 0 0 1 0 0 1 0 0 10 1 1 0 0 0 0 0 1 1 10 0 0
1 0 0 0 0 0 0 0 1 0 0 0 0 0 1 0 0 0 1 0 0 0 1 0 0 1 0 1 0 0 0 0 0 0 0 0 0 0 0 0 0 0 0 0 1 0 0 0 0 0 1 0 0 0 0 0 0 0 1 0 0 0 0 0 1 0 0 0 0 0 0 0 0 1 0 0 0 0 0 0 0 0 0 0 0 1 1 0 0 0 0 0 0 0 1 0 0 0 0 0 0 0 1 0 0 0 0 0 0 0 0 0 0 0 0 0 0
10 0 0 1 1 0 0 1 1 1 0 0 0 0 1 1 0 0 1 0 0 0 1 0 0 1 0 1 0 0 0 0 0 0 0 1 0 0 0 1 0 0 0 0 1 0 1 0 0 0 1 0 1 0 0 0 0 0 1 0 0 0 1 1 0 0 0 0 0 0 0 0 0 1 0 0 0 0 0 0 0 1 0 0 0 1 10 0 0 1 0 0 0 0 10 0 0 0 0 0 0 1 1 0 1 1 1 0 0 0 0 0 1 1 1 0 0
0 0 0 0 1 0 1 0 0 0 1 0 0 0 0 0 0 0 1 0 0 0 0 0 0 0 0 0 0 0 1 0 0 0 0 0 0 0 0 0 0 0 0 0 0 0 1 0 0 1 0 0 1 0 1 0 0 1 1 0 0 0 0 0 0 0 0 0 0 0 0 0 0 0 0 1 0 1 0 0 0 0 0 1 0 0 0 0 1 0 0 1 0 0 0 0 1 0 0 0 0 0 0 1 0 0 0 0 1 0 1 0 0 0 0 0 1
0 0 1 1 0 1 0 0 0 0 1 1 0 1 1 0 0 0 0 0 0 0 0 0 0 1 0 0 0 0 0 10 0 0 1 0 1 0 1 1 0 0 1 0 0 1 0 1 10 0 0 0 0 0 1 1 10 0 0 0 0 0 0 0 0 0 0 1 0 0 0 0 0 0 1 0 0 1 0 0 1 0 0 1 0 0 0 1 1 1 1 1 1 0 0 0 1 0 0 0 1 0 0 1 0 0 0 0 0 10 0 10 1 10 0 1 0
0 0 10 0 0 0 0 0 0 0 0 0 1 1 1 0 1 0 0 0 0 1 1 1 0 1 1 0 0 1 1 1 1 1 0 0 1 1 0 1 0 0 10 1 0 0 0 1 1 0 0 0 1 0 0 0 1 0 0 0 0 1 0 0 0 0 1 0 1 1 0 1 1 1 10 1 0 0 0 1 0 0 1 10 1 1 1 0 1 1 0 0 10 1 1 0 0 1 0 1 1 0 0 0 0 0 0 0 0 1 1 1 0 1 1 10 0
0 0 0 0 0 0 0 0 0 0 0 0 0 0 0 0 0 0 0 0 0 0 1 0 0 1 0 0 0 0 0 0 1 1 0 0 0 1 0 0 0 0 0 1 0 0 0 0 0 0 0 0 1 0 0 0 0 0 0 0 0 0 0 0 0 0 0 1 0 0 0 1 0 1 0 0 0 0 0 1 0 0 1 1 1 1 1 0 0 0 0 0 1 0 1 0 0 0 0 0 0 0 0 0 0 0 0 0 0 0 1 0 0 0 0 1 0
0 0 1 0 0 0 0 0 0 0 0 0 1 1 0 0 1 0 0 0 0 1 0 1 0 0 1 0 0 1 1 0 0 0 0 0 0 0 0 1 0 0 1 0 0 0 0 0 0 0 0 0 0 0 0 0 0 0 0 0 0 1 0 0 0 0 0 1 0 0 0 0 1 0 1 1 0 0 0 0 0 0 0 0 0 0 0 0 0 0 0 0 0 1 0 0 0 1 0 1 0 0 0 0 0 0 0 0 0 0 0 0 0 0 1 0 0
0 0 0 0 0 0 0 0 1 0 0 0 0 0 0 0 0 1 0 0 1 0 0 0 0 0 0 1 1 1 1 0 0 0 0 0 0 0 0 0 0 0 0 0 0 0 0 0 1 0 0 1 0 0 0 0 0 1 1 0 0 0 0 0 0 0 0 0 0 0 0 0 1 0 0 0 1 1 0 0 0 0 0 0 1 0 0 0 1 0 0 0 0 0 0 1 0 1 0 0 0 0 0 0 0 0 1 0 0 1 0 0 0 0 0 0 0
0 0 0 0 1 0 0 0 0 0 0 0 0 0 0 0 0 0 0 0 0 0 1 0 0 1 0 0 0 0 0 0 1 10 0 0 0 1 0 0 0 1 0 1 0 0 0 0 0 1 1 0 1 0 0 0 0 0 0 0 1 1 1 0 0 0 0 1 1 0 0 0 0 1 0 0 0 0 1 1 1 0 1 1 10 1 1 0 0 0 0 0 10 0 1 0 0 0 1 0 0 0 0 0 1 0 0 0 0 0 1 0 0 0 1 1 0
0 0 1 0 0 0 0 0 1 0 0 0 1 1 0 0 1 1 0 0 1 1 0 1 0 0 1 1 1 10 10 0 0 0 0 0 0 0 0 1 0 0 1 0 0 0 0 0 1 0 0 1 0 0 0 0 0 1 1 0 0 1 0 0 0 0 0 1 0 1 1 0 0 0 1 1 1 1 0 0 0 0 0 0 1 0 0 0 1 0 0 0 0 1 0 1 0 10 0 1 0 0 0 0 0 0 1 0 0 1 0 0 0 0 1 0 0
1 1 0 0 0 1 0 0 1 0 0 0 1 0 1 0 0 0 1 1 0 0 10 0 1 10 0 1 0 1 0 1 10 1 1 1 0 1 0 0 1 0 0 1 10 0 1 1 0 1 1 0 1 1 0 0 0 0 1 1 0 0 0 1 1 0 0 1 1 0 0 1 0 0 1 0 0 0 0 1 0 1 1 1 1 10 10 0 0 0 0 0 1 1 10 0 1 0 0 0 0 0 1 0 1 0 1 1 0 0 10 0 0 0 0 1 0
0 1 10 0 0 1 0 0 0 0 0 0 10 1 1 0 1 0 0 1 0 1 0 1 1 0 1 0 0 10 1 10 1 0 1 1 1 0 0 1 1 0 10 0 1 0 1 10 1 1 0 0 0 1 0 0 1 0 0 1 0 1 0 0 0 0 1 10 0 1 0 0 1 1 0 1 0 0 0 0 0 1 0 1 0 0 0 0 1 1 0 0 1 10 0 0 1 1 0 1 1 0 0 0 1 0 1 1 0 1 1 1 0 1 1 1 0
0 0 1 0 1 0 1 0 0 0 1 0 1 1 0 0 1 0 1 0 0 1 0 1 0 0 1 0 0 1 10 0 0 0 0 0 0 0 0 1 0 0 1 0 0 0 1 0 0 1 0 0 1 0 1 0 0 1 1 0 0 1 0 0 0 1 0 1 0 1 0 0 1 0 1 0 0 1 0 0 0 0 0 1 0 0 0 0 1 0 0 1 0 1 0 0 1 1 0 1 0 0 0 1 0 0 0 0 1 0 1 0 0 0 1 0 1
0 0 0 0 0 0 0 0 1 0 0 0 0 0 0 0 0 1 0 0 1 0 0 0 0 0 0 1 1 1 1 0 0 0 0 0 0 0 0 0 0 0 0 0 0 0 0 0 1 0 0 1 0 0 0 0 0 1 1 0 0 0 0 0 0 0 0 0 0 0 1 0 1 0 0 0 0 1 0 0 0 0 0 0 1 0 0 0 1 0 0 0 0 0 0 1 0 1 0 0 0 0 0 0 0 0 1 0 0 1 0 0 0 0 0 0 0
0 0 0 1 1 1 1 0 1 0 10 1 0 1 0 0 0 1 1 0 1 0 0 0 0 1 0 1 1 1 10 1 0 0 1 0 0 0 1 1 0 0 0 0 0 1 1 0 10 1 0 1 1 0 10 1 1 10 10 0 0 0 0 0 0 1 1 0 0 0 1 0 1 0 0 1 1 0 0 0 1 0 0 1 1 0 0 1 10 0 1 10 0 0 0 1 10 1 0 0 0 0 0 10 0 0 1 0 1 10 1 1 1 1 0 0 1
0 0 0 0 1 0 0 0 0 0 0 0 0 0 0 0 0 0 0 0 0 0 0 0 0 0 0 0 0 0 0 0 0 1 0 0 0 0 0 0 0 1 0 0 0 0 0 0 0 1 1 0 0 0 0 0 0 0 0 0 1 1 1 0 0 0 0 0 0 0 0 1 0 0 0 0 0 0 0 0 1 0 0 0 1 0 0 0 0 0 0 0 1 0 0 0 0 0 1 0 0 0 0 0 1 0 0 0 0 0 0 0 0 0 1 0 0
0 0 0 0 0 0 0 0 0 0 0 0 0 0 0 0 0 0 0 0 0 0 1 0 0 1 0 0 0 0 0 0 1 1 0 0 0 1 0 0 0 0 0 1 0 0 0 0 0 0 0 0 1 0 0 0 0 0 0 0 0 0 0 0 0 0 0 1 1 0 0 1 0 1 0 0 0 0 0 0 0 0 1 1 1 1 1 0 0 0 0 0 1 0 1 0 0 0 0 0 0 0 0 0 0 0 0 0 0 0 1 0 0 0 0 1 0
0 0 0 1 1 1 0 0 0 0 1 1 0 1 0 0 0 0 0 0 0 0 0 0 0 1 0 0 0 0 0 1 0 1 1 0 0 0 1 1 0 1 0 0 0 1 0 0 1 1 1 0 0 0 1 1 1 0 0 0 1 1 1 0 0 0 1 0 0 0 0 1 0 0 0 0 0 1 1 0 0 0 0 0 1 0 0 1 0 0 1 1 1 0 0 0 1 0 1 0 0 0 0 1 1 0 0 0 0 1 0 1 1 1 1 0 0
1 1 0 1 1 1 0 1 0 1 0 0 1 0 0 1 0 0 0 1 0 0 0 0 1 0 0 0 0 1 0 1 1 0 1 10 0 0 0 1 1 0 0 0 1 0 10 1 0 1 0 0 1 1 0 0 0 0 0 1 0 0 1 0 1 0 0 0 0 0 0 0 0 1 1 0 0 0 0 0 0 0 0 0 0 0 1 0 0 1 0 0 0 1 1 0 1 0 0 0 0 1 0 0 10 1 10 1 0 0 1 0 1 1 1 0 0
0 0 0 0 0 0 0 0 0 0 0 0 0 0 0 0 0 0 0 0 0 0 1 0 0 1 0 0 0 0 0 0 1 1 0 0 0 1 0 0 0 0 0 1 0 0 0 0 0 0 0 0 1 0 0 0 0 0 0 0 0 0 0 0 0 0 0 1 1 0 0 1 0 1 0 0 0 0 0 1 0 0 0 1 1 1 1 0 0 0 0 0 1 0 1 0 0 0 0 0 0 0 0 0 0 0 0 0 0 0 1 0 0 0 0 1 0
0 0 1 0 1 0 1 0 0 0 1 0 0 0 1 0 0 0 1 0 0 0 1 0 0 1 0 0 0 0 1 1 1 1 0 0 1 1 0 0 0 0 1 1 0 0 1 1 1 1 0 0 10 0 1 0 1 1 1 0 0 0 0 0 0 1 1 10 1 0 0 1 0 1 1 1 0 1 0 1 0 0 1 0 1 1 1 0 10 1 0 1 10 0 1 0 1 0 0 0 1 0 0 1 0 0 0 0 1 1 10 1 0 1 0 10 1
0 0 0 0 1 0 0 0 1 0 0 0 0 0 0 0 0 1 0 0 1 0 1 0 0 1 0 1 1 1 1 0 1 10 0 0 0 1 0 0 0 1 0 1 0 0 0 0 1 1 1 1 1 0 0 0 0 1 1 0 1 1 1 0 0 0 0 1 1 0 1 10 1 1 0 0 1 1 1 1 1 0 1 1 0 1 1 0 1 0 0 0 10 0 1 1 0 1 1 0 0 0 0 0 1 0 1 0 0 1 1 0 0 0 1 1 0
1 0 0 0 0 0 0 0 1 0 0 0 0 0 1 0 0 0 1 0 0 0 10 0 0 10 0 1 0 0 0 0 1 1 0 0 0 1 0 0 0 0 0 1 1 0 0 0 0 0 1 0 1 0 0 0 0 0 1 0 0 0 0 1 1 0 0 1 1 0 0 1 0 10 0 0 0 0 0 1 0 0 1 1 1 0 10 0 0 0 0 0 1 0 10 0 0 0 0 0 0 0 1 0 0 0 0 0 0 0 1 0 0 0 0 1 0
10 0 0 1 1 0 0 1 1 1 0 0 0 0 1 1 0 0 1 0 0 0 10 0 0 10 0 1 0 0 0 0 1 1 0 1 0 1 0 1 0 0 0 1 1 0 1 0 0 0 1 0 10 0 0 0 0 0 1 0 0 0 1 1 10 0 0 1 1 0 0 1 0 10 0 0 0 0 0 1 0 1 1 1 1 10 0 0 0 1 0 0 1 0 100 0 0 0 0 0 0 1 1 0 1 1 1 0 0 0 1 0 1 1 1 1 0
0 0 0 1 0 1 0 0 0 0 1 1 0 1 0 0 0 0 0 0 0 0 0 0 0 1 0 0 0 0 0 1 0 0 1 0 0 0 1 1 0 0 0 0 0 1 0 0 1 0 0 0 0 0 1 1 1 0 0 0 0 0 0 0 0 0 1 0 0 0 0 0 0 0 0 0 0 1 0 0 1 0 0 0 0 0 0 0 0 0 1 1 0 0 0 0 1 0 0 0 0 0 0 1 0 0 0 0 0 1 0 1 1 1 0 0 0
0 0 1 0 1 0 1 0 1 0 1 0 0 0 1 0 0 1 1 0 1 0 0 0 0 0 0 1 1 1 10 1 0 0 0 0 1 0 0 0 0 0 1 0 0 0 1 1 10 1 0 1 1 0 1 0 1 10 10 0 0 0 0 0 0 1 1 1 0 0 1 0 1 0 1 1 1 10 0 0 0 0 0 10 1 0 0 0 0 1 0 1 1 0 0 1 1 1 0 0 1 0 0 1 0 0 1 0 1 10 1 1 0 1 0 1 1
1 0 1 1 1 0 0 1 0 1 0 0 0 0 1 1 0 0 0 0 0 0 0 0 0 0 0 0 0 0 0 1 0 0 0 1 1 0 0 1 0 0 1 0 0 0 1 1 1 0 0 0 1 0 0 0 1 0 0 0 0 0 1 0 1 0 1 1 0 0 0 0 0 0 1 0 0 0 0 0 0 1 0 1 0 0 1 0 1 0 0 0 1 0 1 0 0 0 0 0 1 1 0 0 1 1 1 0 0 1 0 1 1 10 1 1 0
0 0 0 1 0 1 0 0 0 0 1 1 0 1 0 0 0 0 0 0 0 0 0 0 0 1 0 0 0 0 0 1 0 0 1 0 0 0 1 1 0 0 0 0 0 1 0 0 1 0 0 0 0 0 1 1 1 0 0 0 0 0 0 0 0 0 1 0 0 0 0 0 0 0 0 0 0 1 0 0 1 0 0 0 0 0 0 1 0 0 0 1 0 0 0 0 1 0 0 0 0 0 0 1 0 0 0 0 0 1 0 1 1 1 0 0 0
0 0 0 1 1 1 1 0 0 0 10 1 0 1 0 0 0 0 1 0 0 0 0 0 0 1 0 0 0 0 1 1 0 0 1 0 0 0 1 1 0 0 0 0 0 1 1 0 1 1 0 0 1 0 10 1 1 1 1 0 0 0 0 0 0 1 1 0 0 0 0 0 0 0 0 1 0 10 0 0 1 0 0 1 0 0 0 1 1 0 1 0 0 0 0 0 10 0 0 0 0 0 0 10 0 0 0 0 1 1 1 1 1 1 0 0 1
0 0 1 0 1 0 0 0 0 0 0 0 0 0 1 0 0 0 0 0 0 0 1 0 0 1 0 0 0 0 0 1 1 10 0 0 1 1 0 0 0 1 1 1 0 0 0 1 1 1 1 0 1 0 0 0 1 0 0 0 1 1 1 0 0 0 1 10 1 0 0 10 0 1 1 0 0 0 1 1 1 0 1 10 10 1 1 0 1 1 0 0 0 0 1 0 0 0 1 0 1 0 0 0 1 0 0 0 0 1 1 1 0 1 1 10 0
0 1 1 0 0 1 0 0 0 0 0 0 10 1 0 0 1 0 0 1 0 1 0 1 1 0 1 0 0 10 1 1 1 0 1 1 0 0 0 1 1 0 1 0 1 0 1 1 0 1 0 0 0 1 0 0 0 0 0 1 0 1 0 0 0 0 0 1 0 1 0 0 1 1 10 1 0 0 0 0 0 1 0 0 0 0 0 0 0 0 0 0 0 0 0 0 1 1 0 1 0 0 0 0 1 0 1 1 0 0 1 0 0 0 1 0 0
10 0 0 1 1 0 0 1 1 1 0 0 0 0 1 1 0 0 1 0 0 0 10 0 0 10 0 1 0 0 0 0 1 1 0 1 0 1 0 1 0 0 0 1 1 0 1 0 0 0 1 0 10 0 0 0 0 0 1 0 0 0 1 1 10 0 0 1 1 0 0 1 0 10 0 0 0 0 0 1 0 1 1 1 1 10 100 0 0 1 0 0 1 0 0 0 0 0 0 0 0 1 1 0 1 1 1 0 0 0 1 0 1 1 1 1 0
0 0 0 0 0 0 0 0 1 0 0 0 0 0 0 0 0 1 0 0 1 0 0 0 0 0 0 1 1 1 1 0 0 0 0 0 0 0 0 0 0 0 0 0 0 0 0 0 1 0 0 1 0 0 0 0 0 1 1 0 0 0 0 0 0 0 0 0 0 0 1 0 1 0 0 0 1 1 0 0 0 0 0 0 1 0 0 0 1 0 0 0 0 0 0 0 0 1 0 0 0 0 0 0 0 0 1 0 0 1 0 0 0 0 0 0 0
0 1 0 1 1 10 1 0 0 0 10 1 1 1 0 0 0 0 1 1 0 0 0 0 1 1 0 0 0 1 1 10 1 0 10 1 0 0 1 1 1 0 0 0 1 1 10 1 1 10 0 0 1 1 10 1 1 1 1 1 0 0 0 0 0 1 1 0 0 0 0 0 0 1 1 1 0 10 0 0 1 1 0 1 0 0 0 1 1 0 1 10 0 1 0 0 0 0 0 0 0 0 0 10 1 0 1 1 1 1 10 1 1 1 0 0 1
0 0 1 0 0 0 0 0 1 0 0 0 1 1 0 0 1 1 0 0 1 1 0 1 0 0 1 1 1 10 10 0 0 0 0 0 0 0 0 1 0 0 1 0 0 0 0 0 1 0 0 1 0 0 0 0 0 1 1 0 0 1 0 0 0 0 0 1 0 1 1 0 10 0 1 1 1 1 0 0 0 0 0 0 1 0 0 0 1 0 0 0 0 1 0 1 0 0 0 1 0 0 0 0 0 0 1 0 0 1 0 0 0 0 1 0 0
0 0 0 0 1 0 0 0 0 0 0 0 0 0 0 0 0 0 0 0 0 0 0 0 0 0 0 0 0 0 0 0 0 1 0 0 0 0 0 0 0 1 0 0 0 0 0 0 0 1 1 0 0 0 0 0 0 0 0 0 1 1 1 0 0 0 0 0 0 0 0 1 0 0 0 0 0 0 1 0 1 0 0 0 1 0 0 0 0 0 0 0 1 0 0 0 0 0 0 0 0 0 0 0 1 0 0 0 0 0 0 0 0 0 1 0 0
0 0 1 0 0 0 0 0 0 0 0 0 1 1 0 0 1 0 0 0 0 1 0 1 0 0 1 0 0 1 1 0 0 0 0 0 0 0 0 1 0 0 1 0 0 0 0 0 0 0 0 0 0 0 0 0 0 0 0 0 0 1 0 0 0 0 0 1 0 1 0 0 1 0 1 1 0 0 0 0 0 0 0 0 0 0 0 0 0 0 0 0 0 1 0 0 0 1 0 0 0 0 0 0 0 0 0 0 0 0 0 0 0 0 1 0 0
0 0 1 0 0 0 0 0 0 0 0 0 0 0 1 0 0 0 0 0 0 0 0 0 0 0 0 0 0 0 0 1 0 0 0 0 1 0 0 0 0 0 1 0 0 0 0 1 1 0 0 0 0 0 0 0 1 0 0 0 0 0 0 0 0 0 1 1 0 0 0 0 0 0 1 0 0 0 0 0 0 0 0 1 0 0 0 0 1 1 0 0 1 0 0 0 0 0 0 0 0 0 0 0 0 0 0 0 0 1 0 1 0 1 0 1 0
1 0 0 1 1 0 0 1 0 1 0 0 0 0 0 1 0 0 0 0 0 0 0 0 0 0 0 0 0 0 0 0 0 0 0 1 0 0 0 1 0 0 0 0 0 0 1 0 0 0 0 0 1 0 0 0 0 0 0 0 0 0 1 0 1 0 0 0 0 0 0 0 0 0 0 0 0 0 0 0 0 1 0 0 0 0 1 0 0 1 0 0 0 0 1 0 0 0 0 0 0 0 0 0 1 1 1 0 0 0 0 0 1 1 1 0 0
1 0 0 0 0 0 0 0 1 0 0 0 0 0 1 0 0 0 1 0 0 0 1 0 0 1 0 1 0 0 0 0 0 0 0 0 0 0 0 0 0 0 0 0 1 0 0 0 0 0 1 0 0 0 0 0 0 0 1 0 0 0 0 1 1 0 0 0 0 0 0 0 0 1 0 0 0 0 0 0 0 0 0 0 0 1 1 0 0 0 0 0 0 0 1 0 0 0 0 0 0 0 0 0 0 0 0 0 0 0 0 0 0 0 0 0 0
0 0 0 1 1 1 1 0 0 0 10 1 0 1 0 0 0 0 1 0 0 0 0 0 0 1 0 0 0 0 1 1 0 0 1 0 0 0 1 1 0 0 0 0 0 1 1 0 1 1 0 0 1 0 10 1 1 1 1 0 0 0 0 0 0 1 1 0 0 0 0 0 0 0 0 1 0 10 0 0 1 0 0 1 0 0 0 1 1 0 1 10 0 0 0 0 10 0 0 0 0 0 0 0 0 0 0 0 1 1 1 1 1 1 0 0 1
1 1 0 1 10 1 0 1 0 1 0 0 1 0 0 1 0 0 0 1 0 0 0 0 1 0 0 0 0 1 0 1 1 1 1 10 0 0 0 1 1 1 0 0 1 0 10 1 0 10 1 0 1 1 0 0 0 0 0 1 1 1 10 0 1 0 0 0 0 0 0 1 0 1 1 0 0 0 1 0 1 10 0 0 1 0 1 0 0 1 0 0 1 1 1 0 1 0 1 0 0 1 0 0 0 1 10 1 0 0 1 0 1 1 10 0 0
1 0 0 1 1 0 0 1 0 1 0 0 0 0 0 1 0 0 0 0 0 0 0 0 0 0 0 0 0 0 0 0 0 0 0 1 0 0 0 1 0 0 0 0 0 0 1 0 0 0 0 0 1 0 0 0 0 0 0 0 0 0 1 0 1 0 0 0 0 0 0 0 0 0 0 0 0 0 0 0 0 1 0 0 0 0 1 0 0 1 0 0 0 0 1 0 0 0 0 0 0 1 0 0 1 0 1 0 0 0 0 0 1 1 1 0 0
1 1 0 1 1 1 0 1 1 1 0 0 1 0 0 1 0 1 0 1 1 0 0 0 1 0 0 1 1 10 1 1 1 0 1 10 0 0 0 1 1 0 0 0 1 0 10 1 1 1 0 1 1 1 0 0 0 1 1 1 0 0 1 0 1 0 0 0 0 0 1 0 1 1 1 0 1 1 0 0 0 10 0 0 1 0 1 0 1 1 0 0 0 1 1 1 1 1 0 0 0 1 0 0 10 1 0 1 0 1 1 0 1 1 1 0 0
0 1 0 0 0 1 0 0 0 0 0 0 1 0 0 0 0 0 0 1 0 0 0 0 1 0 0 0 0 1 0 1 1 0 1 1 0 0 0 0 1 0 0 0 1 0 1 1 0 1 0 0 0 1 0 0 0 0 0 1 0 0 0 0 0 0 0 0 0 0 0 0 0 1 1 0 0 0 0 0 0 1 0 0 0 0 0 0 0 0 0 0 0 1 0 0 1 0 0 0 0 0 0 0 1 0 1 0 0 0 1 0 0 0 0 0 0
0 0 0 0 1 0 1 0 0 0 1 0 0 0 0 0 0 0 1 0 0 0 0 0 0 0 0 0 0 0 1 0 0 0 0 0 0 0 0 0 0 0 0 0 0 0 1 0 0 1 0 0 1 0 1 0 0 1 1 0 0 0 0 0 0 1 0 0 0 0 0 0 0 0 0 1 0 1 0 0 0 0 0 1 0 0 0 0 1 0 0 1 0 0 0 0 1 0 0 0 0 0 0 1 0 0 0 0 0 0 1 0 0 0 0 0 1
0 0 1 1 0 1 0 0 1 0 1 1 0 1 1 0 0 1 0 0 1 0 0 0 0 1 0 1 1 1 1 10 0 0 1 0 1 0 1 1 0 0 1 0 0 1 0 1 100 0 0 1 0 0 1 1 10 1 1 0 0 0 0 0 0 0 10 1 0 0 1 0 1 0 1 0 1 10 0 0 1 0 0 1 1 0 0 1 10 1 1 1 1 0 0 1 1 1 0 0 1 0 0 1 0 0 1 0 0 0 0 10 1 10 0 1 0
0 1 0 0 1 1 1 0 0 0 1 0 1 0 0 0 0 0 1 1 0 0 1 0 1 1 0 0 0 1 1 1 10 1 1 1 0 1 0 0 1 0 0 1 1 0 10 1 0 10 0 0 10 1 1 0 0 1 1 1 0 0 0 0 0 1 0 1 1 0 0 1 0 10 1 1 0 1 0 1 0 1 1 10 1 1 1 0 1 0 0 1 1 1 1 0 10 0 0 0 0 0 0 1 1 0 1 1 1 0 0 0 0 0 0 1 1
0 0 1 1 0 1 0 0 0 0 1 1 0 1 1 0 0 0 0 0 0 0 0 0 0 1 0 0 0 0 0 10 0 0 1 0 1 0 1 1 0 0 1 0 0 1 0 1 10 0 0 0 0 0 1 1 10 0 0 0 0 0 0 0 0 0 10 1 0 0 0 0 0 0 1 0 0 1 0 0 1 0 0 1 0 0 0 1 1 1 1 1 1 0 0 0 1 0 0 0 1 0 0 1 0 0 0 0 0 10 0 0 1 10 0 1 0
1 0 0 10 1 1 0 1 0 1 1 1 0 1 0 1 0 0 0 0 0 0 0 0 0 1 0 0 0 0 0 1 0 0 1 1 0 0 1 10 0 0 0 0 0 1 1 0 1 0 0 0 1 0 1 1 1 0 0 0 0 0 1 0 1 0 1 0 0 0 0 0 0 0 0 0 0 1 0 0 1 1 0 0 0 0 1 1 0 1 1 1 0 0 1 0 1 0 0 0 0 1 0 1 1 1 1 0 0 1 0 1 0 10 1 0 0
1 0 1 10 1 1 0 1 0 1 1 1 0 1 1 1 0 0 0 0 0 0 0 0 0 1 0 0 0 0 0 10 0 0 1 1 1 0 1 10 0 0 1 0 0 1 1 1 10 0 0 0 1 0 1 1 10 0 0 0 0 0 1 0 1 0 10 1 0 0 0 0 0 0 1 0 0 1 0 0 1 1 0 1 0 0 1 1 1 10 1 1 1 0 1 0 1 0 0 0 1 1 0 1 1 1 1 0 0 10 0 10 10 0 1 1 0
1 0 1 1 10 0 0 1 0 1 0 0 1 1 0 1 1 0 0 0 0 1 0 1 0 0 1 0 0 1 1 0 0 1 0 1 0 0 0 10 0 1 1 0 0 0 1 0 0 1 1 0 1 0 0 0 0 0 0 0 1 10 10 0 1 0 0 1 0 1 0 1 1 0 1 1 0 0 1 0 1 1 0 0 1 0 1 0 0 1 0 0 1 1 1 0 0 1 1 1 0 1 0 0 10 1 1 0 0 0 0 0 1 1 0 0 0
0 0 1 0 0 0 0 0 0 0 0 0 0 0 1 0 0 0 0 0 0 0 1 0 0 1 0 0 0 0 0 1 1 1 0 0 1 1 0 0 0 0 1 1 0 0 0 1 1 0 0 0 1 0 0 0 1 0 0 0 0 0 0 0 0 0 1 10 1 0 0 1 0 1 1 0 0 0 0 1 0 0 1 10 1 1 1 0 1 1 0 0 10 0 1 0 0 0 0 0 1 0 0 0 0 0 0 0 0 1 1 1 0 1 0 0 0
0 0 0 0 1 0 1 0 0 0 1 0 0 0 0 0 0 0 1 0 0 0 0 0 0 0 0 0 0 0 1 0 0 0 0 0 0 0 0 0 0 0 0 0 0 0 1 0 0 1 0 0 1 0 1 0 0 1 1 0 0 0 0 0 0 1 0 0 0 0 0 0 0 0 0 1 0 1 0 0 0 0 0 1 0 0 0 0 1 0 0 1 0 0 0 0 1 0 0 0 0 0 0 1 0 0 0 0 1 0 1 0 0 0 0 0 0
4
2 25 2
3 8 3
4 7 3
5 3 3
18
2 4 
1 2
1 2
2 4
2 2
1 2 
1 3
1 5
2 5 
1 3
1 2
2 2
2 2
2 3
1 3 
1 4
1 2
1 2
2 2 
1 2
2 4
1 1 
1 4
1 1 
1 5
2 4 
1 2
1 3
2 2
2 2
2 2 
1 2
2 4
1 1 
1 2
2 3 
1 2
2 3
2 5
1 2 
1 2
1 3
1 1 
1 4
2 3 
1 2
1 2
2 2
2 3 
1 2
2 4
2 2
2 3 
1 3
2 2
2 3
1 1 
1 2
2 2 
1 2
2 2
117 10
2 1 4
1 8
2 2 5
2 1 6
3 1 3 7
2 6 8
1 7
1 1
2 0 4
1 1
2 6 7
1 6
2 5 8
2 5 6
2 2 4
1 1
1 5
1 0
2 4 7
1 8
1 0
1 5
2 4 9
1 5
1 8
3 4 6 9
1 5
2 0 4
1 0
3 0 5 8
3 0 5 7
3 2 6 8
2 8 9
2 3 9
2 6 8
2 1 8
1 2
1 9
1 6
3 1 5 6
1 8
1 3
2 2 5
1 9
2 4 8
1 6
3 1 7 8
2 2 8
3 0 2 6
3 3 7 8
2 3 4
1 0
3 1 7 9
1 8
2 6 7
1 6
2 2 6
2 0 7
3 0 4 7
1 8
1 3
2 3 5
2 1 3
1 4
2 1 4
1 7
2 2 6
3 2 5 9
1 9
1 5
1 0
2 3 9
2 0 5
3 4 8 9
3 2 5 8
2 5 7
1 0
3 0 6 7
1 3
1 9
2 3 6
2 1 8
1 9
3 2 7 9
3 0 3 9
2 4 9
3 1 4 9
1 6
3 0 2 7
2 1 2
1 6
2 6 7
3 2 3 9
2 5 8
3 1 4 9
1 0
3 6 7 8
2 0 5
1 3
1 5
1 2
1 1
1 4
2 6 7
3 1 3 8
1 1
3 0 1 8
1 8
1 7
3 0 2 6
3 7 8 9
2 2 6
2 1 6
3 1 2 6
3 1 3 5
2 2 9
1 7
117 156
2 141 58
2 155 53
3 108 29 86
1 91
1 122
3 154 70 94
1 130
1 21
1 103
1 146
3 152 75 97
3 20 37 92
1 60
2 11 6
1 12
1 151
3 143 150 64
1 68
1 101
3 102 140 155
2 144 34
2 41 80
1 89
2 62 69
1 150
2 116 153
1 0
1 148
2 146 87
2 114 27
2 141 61
1 152
1 3
1 14
2 140 24
1 32
1 143
1 104
4 106 107 155 36
1 105
1 18
1 46
2 152 90
3 138 57 83
3 111 150 56
1 15
1 113
3 144 5 93
2 129 81
3 133 155 96
1 84
2 151 153
2 119 40
3 1 147 149
1 152
3 125 135 79
1 154
1 110
1 127
2 145 98
3 118 147 39
1 153
1 31
3 131 74 8
3 13 148 48
1 47
2 2 72
2 4 88
2 132 71
1 23
1 85
1 139
1 63
2 139 151
1 28
1 128
1 142
1 54
1 121
2 115 66
1 137
1 120
1 10
1 95
2 136 52
1 38
4 109 123 155 77
2 44 51
1 149
1 35
2 154 43
1 153
1 151
2 149 26
1 16
3 19 45 65
1 112
1 134
1 126
2 100 99
3 55 76 82
1 124
2 153 25
2 155 9
1 7
2 152 49
2 33 78
1 117
2 142 154
4 154 155 22 30
2 154 59
1 73
1 50
1 17
1 42
1 67
1 145
