84
0 0 0 0 0 0 0 0 0 0 0 1 1 0 0 0 0 0 1 0 0 1 0 0 1 0 0 0 0 0 0 0 0 1 1 0 0 0 0 1 0 0 0 1 0 0 0 0 1 1 0 0 0 0 1 0 0 0 1 0 0 0 0 0 0 0 1 0 0 0 0 0 0 0 0 0 0 0 0 0 0 0 0 0
0 0 1 1 1 1 1 0 0 0 0 0 1 0 1 1 1 0 1 1 0 0 0 0 0 1 1 1 1 1 0 1 0 1 0 0 1 1 1 0 0 0 0 0 0 0 0 0 1 0 1 0 0 1 1 1 0 1 0 0 0 0 1 1 1 0 1 1 0 0 0 0 0 0 1 0 0 10 0 1 1 0 1 0
0 1 0 0 1 1 1 0 0 0 0 0 0 0 1 1 1 0 1 1 0 0 0 0 0 1 0 0 0 1 0 0 0 1 0 0 0 0 1 0 0 0 0 0 0 0 0 0 1 0 0 0 0 0 0 0 0 1 0 0 0 0 0 0 1 0 0 1 0 0 0 0 0 0 0 0 0 1 0 0 1 0 0 0
0 1 0 0 0 0 0 1 0 0 0 0 1 0 0 0 0 0 0 1 0 1 0 0 1 0 10 1 1 0 0 1 0 0 1 0 10 1 0 0 0 0 0 0 0 0 0 0 0 0 1 0 1 1 1 1 0 0 0 0 0 0 1 1 0 0 1 0 0 0 0 0 0 1 1 0 0 1 0 1 0 1 1 1
0 1 1 0 0 1 1 0 1 1 0 1 1 0 1 1 1 0 1 1 1 1 0 1 1 1 0 0 1 1 0 0 0 1 0 0 0 0 1 0 0 1 0 0 0 0 1 0 1 0 0 1 0 1 0 0 1 1 0 1 1 0 1 1 1 0 0 1 1 1 0 1 1 1 0 1 1 1 0 0 1 0 0 1
0 1 1 0 1 0 1 0 0 0 0 0 0 0 1 1 1 0 1 1 0 0 0 0 0 1 0 0 0 1 0 0 0 1 0 0 0 0 1 0 0 0 0 0 0 0 0 0 1 0 0 0 0 0 0 0 0 1 0 0 0 0 0 0 1 0 0 1 0 0 0 0 0 0 0 0 0 1 0 0 1 0 0 0
0 1 1 0 1 1 0 0 0 0 0 0 0 0 1 1 1 0 1 1 0 0 0 0 0 1 0 0 0 1 0 0 0 1 0 0 0 0 1 0 0 0 0 0 0 0 0 0 1 0 0 0 0 0 0 0 0 1 0 0 0 0 0 0 1 0 0 1 0 0 0 0 0 0 0 0 0 1 0 0 1 0 0 0
0 0 0 1 0 0 0 0 0 0 1 0 0 1 0 0 0 1 0 1 0 1 1 0 1 0 10 0 1 1 0 0 0 0 1 1 1 0 0 1 1 0 0 0 0 0 0 1 0 0 1 0 10 1 0 1 0 0 0 0 1 1 1 0 0 1 0 0 0 0 1 0 0 10 0 0 0 0 0 1 1 1 0 10
0 0 0 0 1 0 0 0 0 1 0 1 1 0 0 0 0 0 0 0 1 1 0 1 1 0 0 0 1 0 0 0 0 0 0 0 0 0 0 0 0 1 0 0 0 0 1 0 0 0 0 1 0 1 0 0 1 0 0 1 1 0 1 1 0 0 0 0 1 1 0 1 1 1 0 1 1 0 0 0 0 0 0 1
0 0 0 0 1 0 0 0 1 0 0 1 1 0 0 0 0 0 0 0 1 1 0 1 1 0 0 0 1 0 0 0 0 0 0 0 0 0 0 0 0 1 0 0 0 0 1 0 0 0 0 1 0 1 0 0 1 0 0 1 1 0 1 1 0 0 0 0 1 1 0 1 1 1 0 1 1 0 0 0 0 0 0 1
0 0 0 0 0 0 0 1 0 0 0 0 0 1 0 0 0 1 0 0 0 0 1 0 0 0 1 0 1 1 0 0 0 0 0 1 0 0 0 1 1 0 0 0 0 0 0 1 0 0 1 0 1 1 0 1 0 0 0 0 1 1 1 0 0 1 0 0 0 0 1 0 0 1 0 0 0 0 0 1 1 0 0 1
1 0 0 0 1 0 0 0 1 1 0 0 10 0 0 0 0 0 1 0 1 10 0 1 10 0 0 0 1 0 0 0 0 1 1 0 0 0 0 1 0 1 0 1 0 0 1 0 1 1 0 1 0 1 1 0 1 0 1 1 1 0 1 1 0 0 1 0 1 1 0 1 1 1 0 1 1 0 0 0 0 0 0 1
1 1 0 1 1 0 0 0 1 1 0 10 0 0 0 0 0 0 1 0 1 10 0 1 10 0 1 1 10 0 0 1 0 1 1 0 1 1 0 1 0 1 0 1 0 0 1 0 1 1 1 1 0 10 10 1 1 0 1 1 1 0 10 10 0 0 10 0 1 1 0 1 1 1 1 1 1 1 0 1 0 0 1 1
0 0 0 0 0 0 0 1 0 0 1 0 0 0 0 0 0 1 0 0 0 0 1 0 0 0 1 0 1 1 0 0 0 0 0 1 0 0 0 1 1 0 0 0 0 0 0 1 0 0 1 0 1 1 0 1 0 0 0 0 1 1 1 0 0 1 0 0 0 0 1 0 0 1 0 0 0 0 0 1 1 0 0 1
0 1 1 0 1 1 1 0 0 0 0 0 0 0 0 1 1 0 1 1 0 0 0 0 0 1 0 0 0 1 0 0 0 1 0 0 0 0 1 0 0 0 0 0 0 0 0 0 1 0 0 0 0 0 0 0 0 1 0 0 0 0 0 0 1 0 0 1 0 0 0 0 0 0 0 0 0 1 0 0 1 0 0 0
0 1 1 0 1 1 1 0 0 0 0 0 0 0 1 0 1 0 1 1 0 0 0 0 0 1 0 0 0 1 0 0 0 1 0 0 0 0 1 0 0 0 0 0 0 0 0 0 1 0 0 0 0 0 0 0 0 1 0 0 0 0 0 0 1 0 0 1 0 0 0 0 0 0 0 0 0 1 0 0 1 0 0 0
0 1 1 0 1 1 1 0 0 0 0 0 0 0 1 1 0 0 1 1 0 0 0 0 0 1 0 0 0 1 0 0 0 1 0 0 0 0 1 0 0 0 0 0 0 0 0 0 1 0 0 0 0 0 0 0 0 1 0 0 0 0 0 0 1 0 0 1 0 0 0 0 0 0 0 0 0 1 0 0 1 0 0 0
0 0 0 0 0 0 0 1 0 0 1 0 0 1 0 0 0 0 0 0 0 0 1 0 0 0 1 0 1 1 0 0 0 0 0 1 0 0 0 1 1 0 0 0 0 0 0 1 0 0 1 0 1 1 0 1 0 0 0 0 1 1 1 0 0 1 0 0 0 0 1 0 0 1 0 0 0 0 0 1 1 0 0 1
1 1 1 0 1 1 1 0 0 0 0 1 1 0 1 1 1 0 0 1 0 1 0 0 1 1 0 1 0 10 1 1 1 100 1 0 0 0 1 1 0 0 1 1 1 1 1 1 10 1 0 0 0 0 1 1 1 1 1 1 0 0 0 0 10 0 1 1 0 0 0 0 0 0 0 1 0 10 1 0 1 1 0 0
0 1 1 1 1 1 1 1 0 0 0 0 0 0 1 1 1 0 1 0 0 1 0 0 1 1 1 0 0 1 0 0 0 1 1 0 1 0 1 0 0 0 0 0 0 0 0 0 1 0 0 0 1 0 0 0 0 1 0 0 0 0 0 0 1 0 0 1 0 0 0 0 0 1 0 0 0 1 0 0 1 1 0 1
0 0 0 0 1 0 0 0 1 1 0 1 1 0 0 0 0 0 0 0 0 1 0 1 1 0 0 0 1 0 0 0 0 0 0 0 0 0 0 0 0 1 0 0 0 0 1 0 0 0 0 1 0 1 0 0 1 0 0 1 1 0 1 1 0 0 0 0 1 1 0 1 1 1 0 1 1 0 0 0 0 0 0 1
1 0 0 1 1 0 0 1 1 1 0 10 10 0 0 0 0 0 1 1 1 0 0 1 100 0 1 0 1 0 0 0 0 1 10 0 1 0 0 1 0 1 0 1 0 0 1 0 1 1 0 1 1 1 1 0 1 0 1 1 1 0 1 1 0 0 1 0 1 1 0 1 1 10 0 1 1 0 0 0 0 1 0 10
0 0 0 0 0 0 0 1 0 0 1 0 0 1 0 0 0 1 0 0 0 0 0 0 0 0 1 0 1 1 0 0 0 0 0 1 0 0 0 1 1 0 0 0 0 0 0 1 0 0 1 0 1 1 0 1 0 0 0 0 1 1 1 0 0 1 0 0 0 0 1 0 0 1 0 0 0 0 0 1 1 0 0 1
0 0 0 0 1 0 0 0 1 1 0 1 1 0 0 0 0 0 0 0 1 1 0 0 1 0 0 0 1 0 0 0 0 0 0 0 0 0 0 0 0 1 0 0 0 0 1 0 0 0 0 1 0 1 0 0 1 0 0 1 1 0 1 1 0 0 0 0 1 1 0 1 1 1 0 1 1 0 0 0 0 0 0 1
1 0 0 1 1 0 0 1 1 1 0 10 10 0 0 0 0 0 1 1 1 100 0 1 0 0 1 0 1 0 0 0 0 1 10 0 1 0 0 1 0 1 0 1 0 0 1 0 1 1 0 1 1 1 1 0 1 0 1 1 1 0 1 1 0 0 1 0 1 1 0 1 1 10 0 1 1 0 0 0 0 1 0 10
0 1 1 0 1 1 1 0 0 0 0 0 0 0 1 1 1 0 1 1 0 0 0 0 0 0 0 0 0 1 0 0 0 1 0 0 0 0 1 0 0 0 0 0 0 0 0 0 1 0 0 0 0 0 0 0 0 1 0 0 0 0 0 0 1 0 0 1 0 0 0 0 0 0 0 0 0 1 0 0 1 0 0 0
0 1 0 10 0 0 0 10 0 0 1 0 1 1 0 0 0 1 0 1 0 1 1 0 1 0 0 1 10 1 0 1 0 0 1 1 10 1 0 1 1 0 0 0 0 0 0 1 0 0 10 0 10 10 1 10 0 0 0 0 1 1 10 1 0 1 1 0 0 0 1 0 0 10 1 0 0 1 0 10 1 1 1 10
0 1 0 1 0 0 0 0 0 0 0 0 1 0 0 0 0 0 1 0 0 0 0 0 0 0 1 0 1 1 1 10 1 1 0 0 1 1 0 0 0 0 1 0 1 1 1 1 0 0 1 0 0 1 1 10 1 0 0 1 0 0 1 1 1 0 1 0 0 0 0 0 0 0 1 1 0 10 1 1 0 1 1 0
0 1 0 1 1 0 0 1 1 1 1 1 10 1 0 0 0 1 0 0 1 1 1 1 1 0 10 1 0 1 0 1 0 0 0 1 1 1 0 1 1 1 0 0 0 0 1 1 0 0 10 1 1 100 1 10 1 0 0 1 10 1 100 10 0 1 1 0 1 1 1 1 1 10 1 1 1 1 0 10 1 0 1 10
0 1 1 0 1 1 1 1 0 0 1 0 0 1 1 1 1 1 10 1 0 0 1 0 0 1 1 1 1 0 1 1 1 10 0 1 0 0 1 1 1 0 1 0 1 1 1 10 1 0 1 0 1 1 0 10 1 1 0 1 1 1 1 0 10 1 0 1 0 0 1 0 0 1 0 1 0 10 1 1 10 1 0 1
0 0 0 0 0 0 0 0 0 0 0 0 0 0 0 0 0 0 1 0 0 0 0 0 0 0 0 1 0 1 0 1 1 1 0 0 0 0 0 0 0 0 1 0 1 1 1 1 0 0 0 0 0 0 0 1 1 0 0 1 0 0 0 0 1 0 0 0 0 0 0 0 0 0 0 1 0 1 1 0 0 1 0 0
0 1 0 1 0 0 0 0 0 0 0 0 1 0 0 0 0 0 1 0 0 0 0 0 0 0 1 10 1 1 1 0 1 1 0 0 1 1 0 0 0 0 1 0 1 1 1 1 0 0 1 0 0 1 1 10 1 0 0 1 0 0 1 1 1 0 1 0 0 0 0 0 0 0 1 1 0 10 1 1 0 1 1 0
0 0 0 0 0 0 0 0 0 0 0 0 0 0 0 0 0 0 1 0 0 0 0 0 0 0 0 1 0 1 1 1 0 1 0 0 0 0 0 0 0 0 1 0 1 1 1 1 0 0 0 0 0 0 0 1 1 0 0 1 0 0 0 0 1 0 0 0 0 0 0 0 0 0 0 1 0 1 1 0 0 1 0 0
1 1 1 0 1 1 1 0 0 0 0 1 1 0 1 1 1 0 100 1 0 1 0 0 1 1 0 1 0 10 1 1 1 0 1 0 0 0 1 1 0 0 1 1 1 1 1 1 10 1 0 0 0 0 1 1 1 1 1 1 0 0 0 0 10 0 1 1 0 0 0 0 0 0 0 1 0 10 1 0 1 1 0 0
1 0 0 1 0 0 0 1 0 0 0 1 1 0 0 0 0 0 1 1 0 10 0 0 10 0 1 0 0 0 0 0 0 1 0 0 1 0 0 1 0 0 0 1 0 0 0 0 1 1 0 0 1 0 1 0 0 0 1 0 0 0 0 0 0 0 1 0 0 0 0 0 0 1 0 0 0 0 0 0 0 1 0 1
0 0 0 0 0 0 0 1 0 0 1 0 0 1 0 0 0 1 0 0 0 0 1 0 0 0 1 0 1 1 0 0 0 0 0 0 0 0 0 1 1 0 0 0 0 0 0 1 0 0 1 0 1 1 0 1 0 0 0 0 1 1 1 0 0 1 0 0 0 0 1 0 0 1 0 0 0 0 0 1 1 0 0 1
0 1 0 10 0 0 0 1 0 0 0 0 1 0 0 0 0 0 0 1 0 1 0 0 1 0 10 1 1 0 0 1 0 0 1 0 0 1 0 0 0 0 0 0 0 0 0 0 0 0 1 0 1 1 1 1 0 0 0 0 0 0 1 1 0 0 1 0 0 0 0 0 0 1 1 0 0 1 0 1 0 1 1 1
0 1 0 1 0 0 0 0 0 0 0 0 1 0 0 0 0 0 0 0 0 0 0 0 0 0 1 1 1 0 0 1 0 0 0 0 1 0 0 0 0 0 0 0 0 0 0 0 0 0 1 0 0 1 1 1 0 0 0 0 0 0 1 1 0 0 1 0 0 0 0 0 0 0 1 0 0 1 0 1 0 0 1 0
0 1 1 0 1 1 1 0 0 0 0 0 0 0 1 1 1 0 1 1 0 0 0 0 0 1 0 0 0 1 0 0 0 1 0 0 0 0 0 0 0 0 0 0 0 0 0 0 1 0 0 0 0 0 0 0 0 1 0 0 0 0 0 0 1 0 0 1 0 0 0 0 0 0 0 0 0 1 0 0 1 0 0 0
1 0 0 0 0 0 0 1 0 0 1 1 1 1 0 0 0 1 1 0 0 1 1 0 1 0 1 0 1 1 0 0 0 1 1 1 0 0 0 0 1 0 0 1 0 0 0 1 1 1 1 0 1 1 1 1 0 0 1 0 1 1 1 0 0 1 1 0 0 0 1 0 0 1 0 0 0 0 0 1 1 0 0 1
0 0 0 0 0 0 0 1 0 0 1 0 0 1 0 0 0 1 0 0 0 0 1 0 0 0 1 0 1 1 0 0 0 0 0 1 0 0 0 1 0 0 0 0 0 0 0 1 0 0 1 0 1 1 0 1 0 0 0 0 1 1 1 0 0 1 0 0 0 0 1 0 0 1 0 0 0 0 0 1 1 0 0 1
0 0 0 0 1 0 0 0 1 1 0 1 1 0 0 0 0 0 0 0 1 1 0 1 1 0 0 0 1 0 0 0 0 0 0 0 0 0 0 0 0 0 0 0 0 0 1 0 0 0 0 1 0 1 0 0 1 0 0 1 1 0 1 1 0 0 0 0 1 1 0 1 1 1 0 1 1 0 0 0 0 0 0 1
0 0 0 0 0 0 0 0 0 0 0 0 0 0 0 0 0 0 1 0 0 0 0 0 0 0 0 1 0 1 1 1 1 1 0 0 0 0 0 0 0 0 0 0 1 1 1 1 0 0 0 0 0 0 0 1 1 0 0 1 0 0 0 0 1 0 0 0 0 0 0 0 0 0 0 1 0 1 1 0 0 1 0 0
1 0 0 0 0 0 0 0 0 0 0 1 1 0 0 0 0 0 1 0 0 1 0 0 1 0 0 0 0 0 0 0 0 1 1 0 0 0 0 1 0 0 0 0 0 0 0 0 1 1 0 0 0 0 1 0 0 0 1 0 0 0 0 0 0 0 1 0 0 0 0 0 0 0 0 0 0 0 0 0 0 0 0 0
0 0 0 0 0 0 0 0 0 0 0 0 0 0 0 0 0 0 1 0 0 0 0 0 0 0 0 1 0 1 1 1 1 1 0 0 0 0 0 0 0 0 1 0 0 1 1 1 0 0 0 0 0 0 0 1 1 0 0 1 0 0 0 0 1 0 0 0 0 0 0 0 0 0 0 1 0 1 1 0 0 1 0 0
0 0 0 0 0 0 0 0 0 0 0 0 0 0 0 0 0 0 1 0 0 0 0 0 0 0 0 1 0 1 1 1 1 1 0 0 0 0 0 0 0 0 1 0 1 0 1 1 0 0 0 0 0 0 0 1 1 0 0 1 0 0 0 0 1 0 0 0 0 0 0 0 0 0 0 1 0 1 1 0 0 1 0 0
0 0 0 0 1 0 0 0 1 1 0 1 1 0 0 0 0 0 1 0 1 1 0 1 1 0 0 1 1 1 1 1 1 1 0 0 0 0 0 0 0 1 1 0 1 1 0 1 0 0 0 1 0 1 0 1 10 0 0 10 1 0 1 1 1 0 0 0 1 1 0 1 1 1 0 10 1 1 1 0 0 1 0 1
0 0 0 0 0 0 0 1 0 0 1 0 0 1 0 0 0 1 1 0 0 0 1 0 0 0 1 1 1 10 1 1 1 1 0 1 0 0 0 1 1 0 1 0 1 1 1 0 0 0 1 0 1 1 0 10 1 0 0 1 1 1 1 0 1 1 0 0 0 0 1 0 0 1 0 1 0 1 1 1 1 1 0 1
1 1 1 0 1 1 1 0 0 0 0 1 1 0 1 1 1 0 10 1 0 1 0 0 1 1 0 0 0 1 0 0 0 10 1 0 0 0 1 1 0 0 0 1 0 0 0 0 0 1 0 0 0 0 1 0 0 1 1 0 0 0 0 0 1 0 1 1 0 0 0 0 0 0 0 0 0 1 0 0 1 0 0 0
1 0 0 0 0 0 0 0 0 0 0 1 1 0 0 0 0 0 1 0 0 1 0 0 1 0 0 0 0 0 0 0 0 1 1 0 0 0 0 1 0 0 0 1 0 0 0 0 1 0 0 0 0 0 1 0 0 0 1 0 0 0 0 0 0 0 1 0 0 0 0 0 0 0 0 0 0 0 0 0 0 0 0 0
0 1 0 1 0 0 0 1 0 0 1 0 1 1 0 0 0 1 0 0 0 0 1 0 0 0 10 1 10 1 0 1 0 0 0 1 1 1 0 1 1 0 0 0 0 0 0 1 0 0 0 0 1 10 1 10 0 0 0 0 1 1 10 1 0 1 1 0 0 0 1 0 0 1 1 0 0 1 0 10 1 0 1 1
0 0 0 0 1 0 0 0 1 1 0 1 1 0 0 0 0 0 0 0 1 1 0 1 1 0 0 0 1 0 0 0 0 0 0 0 0 0 0 0 0 1 0 0 0 0 1 0 0 0 0 0 0 1 0 0 1 0 0 1 1 0 1 1 0 0 0 0 1 1 0 1 1 1 0 1 1 0 0 0 0 0 0 1
0 0 0 1 0 0 0 10 0 0 1 0 0 1 0 0 0 1 0 1 0 1 1 0 1 0 10 0 1 1 0 0 0 0 1 1 1 0 0 1 1 0 0 0 0 0 0 1 0 0 1 0 0 1 0 1 0 0 0 0 1 1 1 0 0 1 0 0 0 0 1 0 0 10 0 0 0 0 0 1 1 1 0 10
0 1 0 1 1 0 0 1 1 1 1 1 10 1 0 0 0 1 0 0 1 1 1 1 1 0 10 1 100 1 0 1 0 0 0 1 1 1 0 1 1 1 0 0 0 0 1 1 0 0 10 1 1 0 1 10 1 0 0 1 10 1 100 10 0 1 1 0 1 1 1 1 1 10 1 1 1 1 0 10 1 0 1 10
1 1 0 1 0 0 0 0 0 0 0 1 10 0 0 0 0 0 1 0 0 1 0 0 1 0 1 1 1 0 0 1 0 1 1 0 1 1 0 1 0 0 0 1 0 0 0 0 1 1 1 0 0 1 0 1 0 0 1 0 0 0 1 1 0 0 10 0 0 0 0 0 0 0 1 0 0 1 0 1 0 0 1 0
0 1 0 1 0 0 0 1 0 0 1 0 1 1 0 0 0 1 1 0 0 0 1 0 0 0 10 10 10 10 1 10 1 1 0 1 1 1 0 1 1 0 1 0 1 1 1 10 0 0 10 0 1 10 1 0 1 0 0 1 1 1 10 1 1 1 1 0 0 0 1 0 0 1 1 1 0 10 1 10 1 1 1 1
0 0 0 0 1 0 0 0 1 1 0 1 1 0 0 0 0 0 1 0 1 1 0 1 1 0 0 1 1 1 1 1 1 1 0 0 0 0 0 0 0 1 1 0 1 1 10 1 0 0 0 1 0 1 0 1 0 0 0 10 1 0 1 1 1 0 0 0 1 1 0 1 1 1 0 10 1 1 1 0 0 1 0 1
0 1 1 0 1 1 1 0 0 0 0 0 0 0 1 1 1 0 1 1 0 0 0 0 0 1 0 0 0 1 0 0 0 1 0 0 0 0 1 0 0 0 0 0 0 0 0 0 1 0 0 0 0 0 0 0 0 0 0 0 0 0 0 0 1 0 0 1 0 0 0 0 0 0 0 0 0 1 0 0 1 0 0 0
1 0 0 0 0 0 0 0 0 0 0 1 1 0 0 0 0 0 1 0 0 1 0 0 1 0 0 0 0 0 0 0 0 1 1 0 0 0 0 1 0 0 0 1 0 0 0 0 1 1 0 0 0 0 1 0 0 0 0 0 0 0 0 0 0 0 1 0 0 0 0 0 0 0 0 0 0 0 0 0 0 0 0 0
0 0 0 0 1 0 0 0 1 1 0 1 1 0 0 0 0 0 1 0 1 1 0 1 1 0 0 1 1 1 1 1 1 1 0 0 0 0 0 0 0 1 1 0 1 1 10 1 0 0 0 1 0 1 0 1 10 0 0 0 1 0 1 1 1 0 0 0 1 1 0 1 1 1 0 10 1 1 1 0 0 1 0 1
0 0 0 0 1 0 0 1 1 1 1 1 1 1 0 0 0 1 0 0 1 1 1 1 1 0 1 0 10 1 0 0 0 0 0 1 0 0 0 1 1 1 0 0 0 0 1 1 0 0 1 1 1 10 0 1 1 0 0 1 0 1 10 1 0 1 0 0 1 1 1 1 1 10 0 1 1 0 0 1 1 0 0 10
0 0 0 0 0 0 0 1 0 0 1 0 0 1 0 0 0 1 0 0 0 0 1 0 0 0 1 0 1 1 0 0 0 0 0 1 0 0 0 1 1 0 0 0 0 0 0 1 0 0 1 0 1 1 0 1 0 0 0 0 1 0 1 0 0 1 0 0 0 0 1 0 0 1 0 0 0 0 0 1 1 0 0 1
0 1 0 1 1 0 0 1 1 1 1 1 10 1 0 0 0 1 0 0 1 1 1 1 1 0 10 1 100 1 0 1 0 0 0 1 1 1 0 1 1 1 0 0 0 0 1 1 0 0 10 1 1 100 1 10 1 0 0 1 10 1 0 10 0 1 1 0 1 1 1 1 1 10 1 1 1 1 0 10 1 0 1 10
0 1 0 1 1 0 0 0 1 1 0 1 10 0 0 0 0 0 0 0 1 1 0 1 1 0 1 1 10 0 0 1 0 0 0 0 1 1 0 0 0 1 0 0 0 0 1 0 0 0 1 1 0 10 1 1 1 0 0 1 1 0 10 0 0 0 1 0 1 1 0 1 1 1 1 1 1 1 0 1 0 0 1 1
0 1 1 0 1 1 1 0 0 0 0 0 0 0 1 1 1 0 10 1 0 0 0 0 0 1 0 1 0 10 1 1 1 10 0 0 0 0 1 0 0 0 1 0 1 1 1 1 1 0 0 0 0 0 0 1 1 1 0 1 0 0 0 0 0 0 0 1 0 0 0 0 0 0 0 1 0 10 1 0 1 1 0 0
0 0 0 0 0 0 0 1 0 0 1 0 0 1 0 0 0 1 0 0 0 0 1 0 0 0 1 0 1 1 0 0 0 0 0 1 0 0 0 1 1 0 0 0 0 0 0 1 0 0 1 0 1 1 0 1 0 0 0 0 1 1 1 0 0 0 0 0 0 0 1 0 0 1 0 0 0 0 0 1 1 0 0 1
1 1 0 1 0 0 0 0 0 0 0 1 10 0 0 0 0 0 1 0 0 1 0 0 1 0 1 1 1 0 0 1 0 1 1 0 1 1 0 1 0 0 0 1 0 0 0 0 1 1 1 0 0 1 10 1 0 0 1 0 0 0 1 1 0 0 0 0 0 0 0 0 0 0 1 0 0 1 0 1 0 0 1 0
0 1 1 0 1 1 1 0 0 0 0 0 0 0 1 1 1 0 1 1 0 0 0 0 0 1 0 0 0 1 0 0 0 1 0 0 0 0 1 0 0 0 0 0 0 0 0 0 1 0 0 0 0 0 0 0 0 1 0 0 0 0 0 0 1 0 0 0 0 0 0 0 0 0 0 0 0 1 0 0 1 0 0 0
0 0 0 0 1 0 0 0 1 1 0 1 1 0 0 0 0 0 0 0 1 1 0 1 1 0 0 0 1 0 0 0 0 0 0 0 0 0 0 0 0 1 0 0 0 0 1 0 0 0 0 1 0 1 0 0 1 0 0 1 1 0 1 1 0 0 0 0 0 1 0 1 1 1 0 1 1 0 0 0 0 0 0 1
0 0 0 0 1 0 0 0 1 1 0 1 1 0 0 0 0 0 0 0 1 1 0 1 1 0 0 0 1 0 0 0 0 0 0 0 0 0 0 0 0 1 0 0 0 0 1 0 0 0 0 1 0 1 0 0 1 0 0 1 1 0 1 1 0 0 0 0 1 0 0 1 1 1 0 1 1 0 0 0 0 0 0 1
0 0 0 0 0 0 0 1 0 0 1 0 0 1 0 0 0 1 0 0 0 0 1 0 0 0 1 0 1 1 0 0 0 0 0 1 0 0 0 1 1 0 0 0 0 0 0 1 0 0 1 0 1 1 0 1 0 0 0 0 1 1 1 0 0 1 0 0 0 0 0 0 0 1 0 0 0 0 0 1 1 0 0 1
0 0 0 0 1 0 0 0 1 1 0 1 1 0 0 0 0 0 0 0 1 1 0 1 1 0 0 0 1 0 0 0 0 0 0 0 0 0 0 0 0 1 0 0 0 0 1 0 0 0 0 1 0 1 0 0 1 0 0 1 1 0 1 1 0 0 0 0 1 1 0 0 1 1 0 1 1 0 0 0 0 0 0 1
0 0 0 0 1 0 0 0 1 1 0 1 1 0 0 0 0 0 0 0 1 1 0 1 1 0 0 0 1 0 0 0 0 0 0 0 0 0 0 0 0 1 0 0 0 0 1 0 0 0 0 1 0 1 0 0 1 0 0 1 1 0 1 1 0 0 0 0 1 1 0 1 0 1 0 1 1 0 0 0 0 0 0 1
0 0 0 1 1 0 0 10 1 1 1 1 1 1 0 0 0 1 0 1 1 10 1 1 10 0 10 0 10 1 0 0 0 0 1 1 1 0 0 1 1 1 0 0 0 0 1 1 0 0 1 1 10 10 0 1 1 0 0 1 10 1 10 1 0 1 0 0 1 1 1 1 1 0 0 1 1 0 0 1 1 1 0 100
0 1 0 1 0 0 0 0 0 0 0 0 1 0 0 0 0 0 0 0 0 0 0 0 0 0 1 1 1 0 0 1 0 0 0 0 1 1 0 0 0 0 0 0 0 0 0 0 0 0 1 0 0 1 1 1 0 0 0 0 0 0 1 1 0 0 1 0 0 0 0 0 0 0 0 0 0 1 0 1 0 0 1 0
0 0 0 0 1 0 0 0 1 1 0 1 1 0 0 0 0 0 1 0 1 1 0 1 1 0 0 1 1 1 1 1 1 1 0 0 0 0 0 0 0 1 1 0 1 1 10 1 0 0 0 1 0 1 0 1 10 0 0 10 1 0 1 1 1 0 0 0 1 1 0 1 1 1 0 0 1 1 1 0 0 1 0 1
0 0 0 0 1 0 0 0 1 1 0 1 1 0 0 0 0 0 0 0 1 1 0 1 1 0 0 0 1 0 0 0 0 0 0 0 0 0 0 0 0 1 0 0 0 0 1 0 0 0 0 1 0 1 0 0 1 0 0 1 1 0 1 1 0 0 0 0 1 1 0 1 1 1 0 1 0 0 0 0 0 0 0 1
0 10 1 1 1 1 1 0 0 0 0 0 1 0 1 1 1 0 10 1 0 0 0 0 0 1 1 10 1 10 1 10 1 10 0 0 1 1 1 0 0 0 1 0 1 1 1 1 1 0 1 0 0 1 1 10 1 1 0 1 0 0 1 1 10 0 1 1 0 0 0 0 0 0 1 1 0 0 1 1 1 1 1 0
0 0 0 0 0 0 0 0 0 0 0 0 0 0 0 0 0 0 1 0 0 0 0 0 0 0 0 1 0 1 1 1 1 1 0 0 0 0 0 0 0 0 1 0 1 1 1 1 0 0 0 0 0 0 0 1 1 0 0 1 0 0 0 0 1 0 0 0 0 0 0 0 0 0 0 1 0 1 0 0 0 1 0 0
0 1 0 1 0 0 0 1 0 0 1 0 1 1 0 0 0 1 0 0 0 0 1 0 0 0 10 1 10 1 0 1 0 0 0 1 1 1 0 1 1 0 0 0 0 0 0 1 0 0 10 0 1 10 1 10 0 0 0 0 1 1 10 1 0 1 1 0 0 0 1 0 0 1 1 0 0 1 0 0 1 0 1 1
0 1 1 0 1 1 1 1 0 0 1 0 0 1 1 1 1 1 1 1 0 0 1 0 0 1 1 0 1 10 0 0 0 1 0 1 0 0 1 1 1 0 0 0 0 0 0 1 1 0 1 0 1 1 0 1 0 1 0 0 1 1 1 0 1 1 0 1 0 0 1 0 0 1 0 0 0 1 0 1 0 0 0 1
0 0 0 1 0 0 0 1 0 0 0 0 0 0 0 0 0 0 1 1 0 1 0 0 1 0 1 1 0 1 1 1 1 1 1 0 1 0 0 0 0 0 1 0 1 1 1 1 0 0 0 0 1 0 0 1 1 0 0 1 0 0 0 0 1 0 0 0 0 0 0 0 0 1 0 1 0 1 1 0 0 0 0 1
0 1 0 1 0 0 0 0 0 0 0 0 1 0 0 0 0 0 0 0 0 0 0 0 0 0 1 1 1 0 0 1 0 0 0 0 1 1 0 0 0 0 0 0 0 0 0 0 0 0 1 0 0 1 1 1 0 0 0 0 0 0 1 1 0 0 1 0 0 0 0 0 0 0 1 0 0 1 0 1 0 0 0 0
0 0 0 1 1 0 0 10 1 1 1 1 1 1 0 0 0 1 0 1 1 10 1 1 10 0 10 0 10 1 0 0 0 0 1 1 1 0 0 1 1 1 0 0 0 0 1 1 0 0 1 1 10 10 0 1 1 0 0 1 10 1 10 1 0 1 0 0 1 1 1 1 1 100 0 1 1 0 0 1 1 1 0 0
4
3 1 3
4 11 3
5 5 3
6 2 3
5
2 6 
1 3
1 4
1 4
2 5
2 5
2 5
2 5 
1 4
1 4
1 4
2 5
2 5
2 4 
1 4
1 4
2 4
2 4
1 2 
1 6
1 6
1 2 
1 4
1 4
84 7
1 1
2 0 2
1 2
2 0 3
2 2 5
1 2
1 2
2 3 6
1 5
1 5
1 6
2 1 5
3 0 1 5
1 6
1 2
1 2
1 2
1 6
3 1 2 4
2 2 3
1 5
3 1 3 5
1 6
1 5
3 1 3 5
1 2
3 0 3 6
2 0 4
3 0 5 6
3 2 4 6
1 4
2 0 4
1 4
3 1 2 4
2 1 3
1 6
2 0 3
1 0
1 2
2 1 6
1 6
1 5
1 4
1 1
1 4
1 4
2 4 5
2 4 6
2 1 2
1 1
2 0 6
1 5
2 3 6
3 0 5 6
2 0 1
3 0 4 6
2 4 5
1 2
1 1
2 4 5
2 5 6
1 6
3 0 5 6
2 0 5
2 2 4
1 6
2 0 1
1 2
1 5
1 5
1 6
1 5
1 5
3 3 5 6
1 0
2 4 5
1 5
3 0 2 4
1 4
2 0 6
2 2 6
2 3 4
1 0
3 3 5 6
84 121
2 107 85
2 19 51
2 106 41
2 53 80
2 46 95
3 64 75 81
1 47
2 107 57
1 37
1 90
1 20
1 43
2 104 9
3 10 54 72
2 24 61
1 59
1 58
1 30
2 2 3
1 22
2 42 49
1 45
1 1
3 105 106 74
1 52
1 83
2 16 98
1 84
1 18
2 28 56
1 60
2 102 6
3 102 11 12
3 106 14 36
1 38
1 97
1 35
1 69
2 101 105
2 101 4
4 31 34 40 65
2 68 93
1 103
2 21 70
2 13 27
1 8
1 100
1 33
1 67
1 99
3 66 76 77
1 32
3 62 7 78
1 87
3 17 39 48
1 71
1 99
1 89
2 29 73
1 91
1 96
2 63 79
1 107
1 5
2 26 82
1 50
2 25 44
2 0 86
3 104 55 88
1 23
1 103
2 100 107
1 92
1 94
4 107 108 109 15
1 110
1 111
1 112
1 113
2 114 115
1 116
1 117
2 118 119
1 120
