28
0 10 1 1 1 1 1 0 1 1 0 1 10 1 1 10 10 1 10 1 1 1 1 0 0 10 1 1
10 0 1 1 1 1 1 0 1 1 0 1 1 1 1 1 1 1 10 1 1 1 0 0 0 1 1 1
1 1 0 0 1 0 1 1 0 1 0 0 0 1 10 1 10 1 1 0 1 0 0 0 1 0 1 1
1 1 0 0 0 1 0 0 10 10 1 1 10 0 1 0 0 1 1 1 1 10 0 1 0 10 0 0
1 1 1 0 0 0 1 0 0 0 0 0 0 1 1 1 1 0 1 0 0 0 0 0 0 0 1 1
1 1 0 1 0 0 0 0 1 1 0 1 1 0 0 0 0 1 1 1 1 1 0 0 0 1 0 0
1 1 1 0 1 0 0 0 0 0 0 0 0 1 1 1 1 0 1 0 0 0 0 0 0 0 1 1
0 0 1 0 0 0 0 0 0 1 0 0 0 0 1 0 1 1 0 0 1 0 0 0 1 0 0 0
1 1 0 10 0 1 0 0 0 10 1 1 10 0 1 0 0 1 1 1 1 10 0 1 0 10 0 0
1 1 1 10 0 1 0 1 10 0 1 1 10 0 10 0 1 10 1 1 10 10 0 1 1 10 0 0
0 0 0 1 0 0 0 0 1 1 0 0 1 0 1 0 0 0 0 0 0 1 0 1 0 1 0 0
1 1 0 1 0 1 0 0 1 1 0 0 1 0 0 0 0 1 1 1 1 1 0 0 0 1 0 0
10 1 0 10 0 1 0 0 10 10 1 1 0 0 1 1 1 1 1 1 1 10 1 1 0 100 0 0
1 1 1 0 1 0 1 0 0 0 0 0 0 0 1 1 1 0 1 0 0 0 0 0 0 0 1 1
1 1 10 1 1 0 1 1 1 10 1 0 1 1 0 1 10 1 1 0 1 1 0 1 1 1 1 1
10 1 1 0 1 0 1 0 0 0 0 0 1 1 1 0 10 0 1 0 0 0 1 0 0 1 1 1
10 1 10 0 1 0 1 1 0 1 0 0 1 1 10 10 0 1 1 0 1 0 1 0 1 1 1 1
1 1 1 1 0 1 0 1 1 10 0 1 1 0 1 0 1 0 1 1 10 1 0 0 1 1 0 0
10 10 1 1 1 1 1 0 1 1 0 1 1 1 1 1 1 1 0 1 1 1 0 0 0 1 1 1
1 1 0 1 0 1 0 0 1 1 0 1 1 0 0 0 0 1 1 0 1 1 0 0 0 1 0 0
1 1 1 1 0 1 0 1 1 10 0 1 1 0 1 0 1 10 1 1 0 1 0 0 1 1 0 0
1 1 0 10 0 1 0 0 10 10 1 1 10 0 1 0 0 1 1 1 1 0 0 1 0 10 0 0
1 0 0 0 0 0 0 0 0 0 0 0 1 0 0 1 1 0 0 0 0 0 0 0 0 1 0 0
0 0 0 1 0 0 0 0 1 1 1 0 1 0 1 0 0 0 0 0 0 1 0 0 0 1 0 0
0 0 1 0 0 0 0 1 0 1 0 0 0 0 1 0 1 1 0 0 1 0 0 0 0 0 0 0
10 1 0 10 0 1 0 0 10 10 1 1 100 0 1 1 1 1 1 1 1 10 1 1 0 0 0 0
1 1 1 0 1 0 1 0 0 0 0 0 0 1 1 1 1 0 1 0 0 0 0 0 0 0 0 1
1 1 1 0 1 0 1 0 0 0 0 0 0 1 1 1 1 0 1 0 0 0 0 0 0 0 1 0
3
3 2 3
4 3 3
5 2 3
1
2 7 
1 3
1 3
1 4
1 4
2 4
2 5
2 5
28 5
3 1 3 4
2 1 3
2 1 2
2 0 3
1 1
1 3
1 1
1 2
2 0 3
3 0 2 3
1 0
1 3
3 0 3 4
1 1
3 0 1 2
2 1 4
3 1 2 4
2 2 3
2 1 3
1 3
2 2 3
2 0 3
1 4
1 0
1 2
3 0 3 4
1 1
1 1
28 49
2 13 26
3 16 21 33
1 34
1 1
3 2 23 30
2 33 5
1 34
2 25 8
1 27
1 10
1 28
2 3 7
1 14
1 4
2 0 31
2 18 20
2 11 24
2 22 9
2 12 29
4 17 19 32 6
2 15 35
1 36
1 37
2 38 39
2 40 41
2 42 43
4 44 45 46 47
1 48
