84
0 0 1 0 0 1 1 1 1 1 1 0 0 0 0 1 0 0 0 1 1 0 0 1 0 1 0 10 1 0 1 1 0 0 1 0 10 0 0 10 0 0 1 1 10 1 0 0 1 0 0 1 1 1 1 1 0 1 1 1 1 1 0 0 1 0 1 1 0 1 0 0 0 0 0 0 0 0 1 1 0 1 0 0
0 0 0 1 0 1 1 0 1 1 0 0 0 0 0 0 0 0 0 1 0 1 0 1 0 0 0 0 0 0 0 0 1 1 0 0 0 0 1 0 0 0 1 0 0 0 0 0 1 0 0 1 0 0 0 0 0 0 1 0 0 1 0 0 1 0 0 0 0 1 1 0 0 1 0 0 0 0 0 1 0 0 0 1
1 0 0 0 1 0 1 0 1 1 0 0 0 1 0 1 1 1 0 0 1 0 0 0 0 0 1 1 1 0 1 0 0 0 1 0 1 0 0 1 1 1 0 0 1 1 1 0 1 0 0 1 10 1 1 1 0 0 1 1 0 0 0 0 0 1 1 10 0 1 0 0 1 0 0 0 0 1 0 0 0 1 0 0
0 1 0 0 0 1 1 0 1 1 0 0 0 0 0 0 0 0 0 1 0 1 0 1 0 0 0 0 0 0 0 0 1 1 0 0 0 0 1 0 0 0 1 0 0 0 0 0 1 0 0 1 0 0 0 0 0 0 1 0 0 1 0 0 1 0 0 0 0 1 1 0 0 1 0 0 0 0 0 1 0 0 0 1
0 0 1 0 0 0 0 1 0 1 1 1 10 1 1 0 10 1 1 0 0 0 0 1 1 0 1 1 0 1 0 0 0 0 0 1 0 1 0 0 1 1 0 0 0 0 1 1 1 1 0 0 1 1 1 1 0 0 0 1 1 0 1 10 0 10 1 1 10 0 0 1 1 0 1 1 0 1 0 1 0 1 1 1
1 1 0 1 0 0 1 1 1 1 1 0 0 0 0 0 0 0 0 10 0 1 0 10 0 1 0 1 0 0 0 1 1 1 0 0 1 0 1 1 0 0 10 1 1 0 0 0 1 0 0 1 0 0 0 1 0 1 1 1 1 10 0 0 10 0 1 0 0 1 1 0 0 1 0 0 0 0 1 10 0 1 0 1
1 1 1 1 0 1 0 0 10 10 0 0 0 0 0 1 0 0 0 1 1 1 0 1 0 0 0 1 1 0 1 0 1 1 1 0 1 0 1 1 0 0 1 0 1 1 0 0 10 0 0 10 1 1 1 0 0 0 10 0 0 1 0 0 1 0 0 1 0 10 1 0 0 1 0 0 0 0 0 1 0 0 0 1
1 0 0 0 1 1 0 0 0 1 1 0 1 0 0 0 1 0 0 1 0 0 0 10 1 1 0 10 0 1 0 1 0 0 0 1 1 0 0 1 0 0 1 1 1 0 0 1 1 1 0 0 0 0 0 1 0 1 0 1 10 1 1 1 1 1 1 0 1 0 0 0 0 0 0 1 0 0 1 10 0 1 1 1
1 1 1 1 0 1 10 0 0 10 0 0 0 0 0 1 0 0 0 1 1 1 0 1 0 0 0 1 1 0 1 0 1 1 1 0 1 0 1 1 0 0 1 0 1 1 0 0 10 0 0 10 1 1 1 0 0 0 10 0 0 1 0 0 1 0 0 1 0 10 1 0 0 1 0 0 0 0 0 1 0 0 0 1
1 1 1 1 1 1 10 1 10 0 0 0 1 0 0 1 1 0 0 1 1 1 0 10 1 0 0 10 1 1 1 0 1 1 1 1 1 0 1 1 0 0 1 0 1 1 0 1 100 1 0 10 1 1 1 0 0 0 10 0 1 1 1 1 1 1 0 1 1 10 1 0 0 1 0 1 0 0 0 10 0 0 1 10
1 0 0 0 1 1 0 1 0 0 0 1 1 0 1 0 0 0 1 1 0 0 0 1 0 1 0 1 0 0 0 1 0 0 0 0 1 1 0 1 0 0 1 1 1 0 0 0 0 0 0 0 0 1 1 1 0 1 0 1 1 1 0 1 1 0 1 0 1 0 0 1 0 0 1 0 0 0 1 1 0 1 0 0
0 0 0 0 1 0 0 0 0 0 1 0 1 1 1 1 0 0 1 0 0 0 1 0 0 0 0 0 0 0 0 0 0 1 0 0 0 10 1 0 0 1 0 0 0 0 0 1 0 1 1 0 0 10 1 0 1 0 0 1 0 1 0 1 1 0 0 0 1 0 0 1 0 1 1 1 1 1 0 0 1 0 0 0
0 0 0 0 10 0 0 1 0 1 1 1 0 0 1 0 1 0 1 0 0 0 0 1 1 0 0 1 0 1 0 0 0 0 0 1 0 1 0 0 0 0 0 0 0 0 0 1 1 1 0 0 0 1 1 0 0 0 0 0 1 0 1 10 0 1 0 0 10 0 0 1 0 0 1 1 0 0 0 1 0 0 1 1
0 0 1 0 1 0 0 0 0 0 0 1 0 0 0 1 1 1 0 0 0 0 1 0 0 0 1 0 0 0 0 0 0 1 0 0 0 1 1 0 1 10 0 0 0 0 1 1 0 1 1 0 1 1 0 1 1 0 0 10 0 1 0 0 1 1 1 1 0 0 0 0 1 1 0 1 1 10 0 0 1 1 0 0
0 0 0 0 1 0 0 0 0 0 1 1 1 0 0 0 0 0 1 0 0 0 0 0 0 0 0 0 0 0 0 0 0 0 0 0 0 1 0 0 0 0 0 0 0 0 0 0 0 0 0 0 0 1 1 0 0 0 0 0 0 0 0 1 0 0 0 0 1 0 0 1 0 0 1 0 0 0 0 0 0 0 0 0
1 0 1 0 0 0 1 0 1 1 0 1 0 1 0 0 0 0 0 0 1 0 1 0 0 0 0 1 1 0 1 0 0 1 1 0 1 1 1 1 0 1 0 0 1 1 0 1 1 1 1 1 1 10 1 0 1 0 1 1 0 1 0 0 1 0 0 1 0 1 0 0 0 1 0 1 1 1 0 0 1 0 0 0
0 0 1 0 10 0 0 1 0 1 0 0 1 1 0 0 0 1 0 0 0 0 0 1 1 0 1 1 0 1 0 0 0 0 0 1 0 0 0 0 1 1 0 0 0 0 1 1 1 1 0 0 1 0 0 1 0 0 0 1 1 0 1 1 0 10 1 1 1 0 0 0 1 0 0 1 0 1 0 1 0 1 1 1
0 0 1 0 1 0 0 0 0 0 0 0 0 1 0 0 1 0 0 0 0 0 0 0 0 0 1 0 0 0 0 0 0 0 0 0 0 0 0 0 1 1 0 0 0 0 1 0 0 0 0 0 1 0 0 1 0 0 0 1 0 0 0 0 0 1 1 1 0 0 0 0 1 0 0 0 0 1 0 0 0 1 0 0
0 0 0 0 1 0 0 0 0 0 1 1 1 0 1 0 0 0 0 0 0 0 0 0 0 0 0 0 0 0 0 0 0 0 0 0 0 1 0 0 0 0 0 0 0 0 0 0 0 0 0 0 0 1 1 0 0 0 0 0 0 0 0 1 0 0 0 0 1 0 0 1 0 0 1 0 0 0 0 0 0 0 0 0
1 1 0 1 0 10 1 1 1 1 1 0 0 0 0 0 0 0 0 0 0 1 0 10 0 1 0 1 0 0 0 1 1 1 0 0 1 0 1 1 0 0 10 1 1 0 0 0 1 0 0 1 0 0 0 1 0 1 1 1 1 10 0 0 10 0 1 0 0 1 1 0 0 1 0 0 0 0 1 10 0 1 0 1
1 0 1 0 0 0 1 0 1 1 0 0 0 0 0 1 0 0 0 0 0 0 0 0 0 0 0 1 1 0 1 0 0 0 1 0 1 0 0 1 0 0 0 0 1 1 0 0 1 0 0 1 1 1 1 0 0 0 1 0 0 0 0 0 0 0 0 1 0 1 0 0 0 0 0 0 0 0 0 0 0 0 0 0
0 1 0 1 0 1 1 0 1 1 0 0 0 0 0 0 0 0 0 1 0 0 0 1 0 0 0 0 0 0 0 0 1 1 0 0 0 0 1 0 0 0 1 0 0 0 0 0 1 0 0 1 0 0 0 0 0 0 1 0 0 1 0 0 1 0 0 0 0 1 1 0 0 1 0 0 0 0 0 1 0 0 0 1
0 0 0 0 0 0 0 0 0 0 0 1 0 1 0 1 0 0 0 0 0 0 0 0 0 0 0 0 0 0 0 0 0 1 0 0 0 1 1 0 0 1 0 0 0 0 0 1 0 1 1 0 0 1 0 0 1 0 0 1 0 1 0 0 1 0 0 0 0 0 0 0 0 1 0 1 1 1 0 0 1 0 0 0
1 1 0 1 1 10 1 10 1 10 1 0 1 0 0 0 1 0 0 10 0 1 0 0 1 1 0 10 0 1 0 1 1 1 0 1 1 0 1 1 0 0 10 1 1 0 0 1 10 1 0 1 0 0 0 1 0 1 1 1 10 10 1 1 10 1 1 0 1 1 1 0 0 1 0 1 0 0 1 100 0 1 1 10
0 0 0 0 1 0 0 1 0 1 0 0 1 0 0 0 1 0 0 0 0 0 0 1 0 0 0 1 0 1 0 0 0 0 0 1 0 0 0 0 0 0 0 0 0 0 0 1 1 1 0 0 0 0 0 0 0 0 0 0 1 0 1 1 0 1 0 0 1 0 0 0 0 0 0 1 0 0 0 1 0 0 1 1
1 0 0 0 0 1 0 1 0 0 1 0 0 0 0 0 0 0 0 1 0 0 0 1 0 0 0 1 0 0 0 1 0 0 0 0 1 0 0 1 0 0 1 1 1 0 0 0 0 0 0 0 0 0 0 1 0 1 0 1 1 1 0 0 1 0 1 0 0 0 0 0 0 0 0 0 0 0 1 1 0 1 0 0
0 0 1 0 1 0 0 0 0 0 0 0 0 1 0 0 1 1 0 0 0 0 0 0 0 0 0 0 0 0 0 0 0 0 0 0 0 0 0 0 1 1 0 0 0 0 1 0 0 0 0 0 1 0 0 1 0 0 0 1 0 0 0 0 0 1 1 1 0 0 0 0 1 0 0 0 0 1 0 0 0 1 0 0
10 0 1 0 1 1 1 10 1 10 1 0 1 0 0 1 1 0 0 1 1 0 0 10 1 1 0 0 1 1 1 1 0 0 1 1 10 0 0 10 0 0 1 1 10 1 0 1 10 1 0 1 1 1 1 1 0 1 1 1 10 1 1 1 1 1 1 1 1 1 0 0 0 0 0 1 0 0 1 10 0 1 1 1
1 0 1 0 0 0 1 0 1 1 0 0 0 0 0 1 0 0 0 0 1 0 0 0 0 0 0 1 0 0 1 0 0 0 1 0 1 0 0 1 0 0 0 0 1 1 0 0 1 0 0 1 1 1 1 0 0 0 1 0 0 0 0 0 0 0 0 1 0 1 0 0 0 0 0 0 0 0 0 0 0 0 0 0
0 0 0 0 1 0 0 1 0 1 0 0 1 0 0 0 1 0 0 0 0 0 0 1 1 0 0 1 0 0 0 0 0 0 0 1 0 0 0 0 0 0 0 0 0 0 0 1 1 1 0 0 0 0 0 0 0 0 0 0 1 0 1 1 0 1 0 0 1 0 0 0 0 0 0 1 0 0 0 1 0 0 1 1
1 0 1 0 0 0 1 0 1 1 0 0 0 0 0 1 0 0 0 0 1 0 0 0 0 0 0 1 1 0 0 0 0 0 1 0 1 0 0 1 0 0 0 0 1 1 0 0 1 0 0 1 1 1 1 0 0 0 1 0 0 0 0 0 0 0 0 1 0 1 0 0 0 0 0 0 0 0 0 0 0 0 0 0
1 0 0 0 0 1 0 1 0 0 1 0 0 0 0 0 0 0 0 1 0 0 0 1 0 1 0 1 0 0 0 0 0 0 0 0 1 0 0 1 0 0 1 1 1 0 0 0 0 0 0 0 0 0 0 1 0 1 0 1 1 1 0 0 1 0 1 0 0 0 0 0 0 0 0 0 0 0 1 1 0 1 0 0
0 1 0 1 0 1 1 0 1 1 0 0 0 0 0 0 0 0 0 1 0 1 0 1 0 0 0 0 0 0 0 0 0 1 0 0 0 0 1 0 0 0 1 0 0 0 0 0 1 0 0 1 0 0 0 0 0 0 1 0 0 1 0 0 1 0 0 0 0 1 1 0 0 1 0 0 0 0 0 1 0 0 0 1
0 1 0 1 0 1 1 0 1 1 0 1 0 1 0 1 0 0 0 1 0 1 1 1 0 0 0 0 0 0 0 0 1 0 0 0 0 1 10 0 0 1 1 0 0 0 0 1 1 1 1 1 0 1 0 0 1 0 1 1 0 10 0 0 10 0 0 0 0 1 1 0 0 10 0 1 1 1 0 1 1 0 0 1
1 0 1 0 0 0 1 0 1 1 0 0 0 0 0 1 0 0 0 0 1 0 0 0 0 0 0 1 1 0 1 0 0 0 0 0 1 0 0 1 0 0 0 0 1 1 0 0 1 0 0 1 1 1 1 0 0 0 1 0 0 0 0 0 0 0 0 1 0 1 0 0 0 0 0 0 0 0 0 0 0 0 0 0
0 0 0 0 1 0 0 1 0 1 0 0 1 0 0 0 1 0 0 0 0 0 0 1 1 0 0 1 0 1 0 0 0 0 0 0 0 0 0 0 0 0 0 0 0 0 0 1 1 1 0 0 0 0 0 0 0 0 0 0 1 0 1 1 0 1 0 0 1 0 0 0 0 0 0 1 0 0 0 1 0 0 1 1
10 0 1 0 0 1 1 1 1 1 1 0 0 0 0 1 0 0 0 1 1 0 0 1 0 1 0 10 1 0 1 1 0 0 1 0 0 0 0 10 0 0 1 1 10 1 0 0 1 0 0 1 1 1 1 1 0 1 1 1 1 1 0 0 1 0 1 1 0 1 0 0 0 0 0 0 0 0 1 1 0 1 0 0
0 0 0 0 1 0 0 0 0 0 1 10 1 1 1 1 0 0 1 0 0 0 1 0 0 0 0 0 0 0 0 0 0 1 0 0 0 0 1 0 0 1 0 0 0 0 0 1 0 1 1 0 0 10 1 0 1 0 0 1 0 1 0 1 1 0 0 0 1 0 0 1 0 1 1 1 1 1 0 0 1 0 0 0
0 1 0 1 0 1 1 0 1 1 0 1 0 1 0 1 0 0 0 1 0 1 1 1 0 0 0 0 0 0 0 0 1 10 0 0 0 1 0 0 0 1 1 0 0 0 0 1 1 1 1 1 0 1 0 0 1 0 1 1 0 10 0 0 10 0 0 0 0 1 1 0 0 10 0 1 1 1 0 1 1 0 0 1
10 0 1 0 0 1 1 1 1 1 1 0 0 0 0 1 0 0 0 1 1 0 0 1 0 1 0 10 1 0 1 1 0 0 1 0 10 0 0 0 0 0 1 1 10 1 0 0 1 0 0 1 1 1 1 1 0 1 1 1 1 1 0 0 1 0 1 1 0 1 0 0 0 0 0 0 0 0 1 1 0 1 0 0
0 0 1 0 1 0 0 0 0 0 0 0 0 1 0 0 1 1 0 0 0 0 0 0 0 0 1 0 0 0 0 0 0 0 0 0 0 0 0 0 0 1 0 0 0 0 1 0 0 0 0 0 1 0 0 1 0 0 0 1 0 0 0 0 0 1 1 1 0 0 0 0 1 0 0 0 0 1 0 0 0 1 0 0
0 0 1 0 1 0 0 0 0 0 0 1 0 10 0 1 1 1 0 0 0 0 1 0 0 0 1 0 0 0 0 0 0 1 0 0 0 1 1 0 1 0 0 0 0 0 1 1 0 1 1 0 1 1 0 1 1 0 0 10 0 1 0 0 1 1 1 1 0 0 0 0 1 1 0 1 1 10 0 0 1 1 0 0
1 1 0 1 0 10 1 1 1 1 1 0 0 0 0 0 0 0 0 10 0 1 0 10 0 1 0 1 0 0 0 1 1 1 0 0 1 0 1 1 0 0 0 1 1 0 0 0 1 0 0 1 0 0 0 1 0 1 1 1 1 10 0 0 10 0 1 0 0 1 1 0 0 1 0 0 0 0 1 10 0 1 0 1
1 0 0 0 0 1 0 1 0 0 1 0 0 0 0 0 0 0 0 1 0 0 0 1 0 1 0 1 0 0 0 1 0 0 0 0 1 0 0 1 0 0 1 0 1 0 0 0 0 0 0 0 0 0 0 1 0 1 0 1 1 1 0 0 1 0 1 0 0 0 0 0 0 0 0 0 0 0 1 1 0 1 0 0
10 0 1 0 0 1 1 1 1 1 1 0 0 0 0 1 0 0 0 1 1 0 0 1 0 1 0 10 1 0 1 1 0 0 1 0 10 0 0 10 0 0 1 1 0 1 0 0 1 0 0 1 1 1 1 1 0 1 1 1 1 1 0 0 1 0 1 1 0 1 0 0 0 0 0 0 0 0 1 1 0 1 0 0
1 0 1 0 0 0 1 0 1 1 0 0 0 0 0 1 0 0 0 0 1 0 0 0 0 0 0 1 1 0 1 0 0 0 1 0 1 0 0 1 0 0 0 0 1 0 0 0 1 0 0 1 1 1 1 0 0 0 1 0 0 0 0 0 0 0 0 1 0 1 0 0 0 0 0 0 0 0 0 0 0 0 0 0
0 0 1 0 1 0 0 0 0 0 0 0 0 1 0 0 1 1 0 0 0 0 0 0 0 0 1 0 0 0 0 0 0 0 0 0 0 0 0 0 1 1 0 0 0 0 0 0 0 0 0 0 1 0 0 1 0 0 0 1 0 0 0 0 0 1 1 1 0 0 0 0 1 0 0 0 0 1 0 0 0 1 0 0
0 0 0 0 1 0 0 1 0 1 0 1 1 1 0 1 1 0 0 0 0 0 1 1 1 0 0 1 0 1 0 0 0 1 0 1 0 1 1 0 0 1 0 0 0 0 0 0 1 10 1 0 0 1 0 0 1 0 0 1 1 1 1 1 1 1 0 0 1 0 0 0 0 1 0 10 1 1 0 1 1 0 1 1
1 1 1 1 1 1 10 1 10 100 0 0 1 0 0 1 1 0 0 1 1 1 0 10 1 0 0 10 1 1 1 0 1 1 1 1 1 0 1 1 0 0 1 0 1 1 0 1 0 1 0 10 1 1 1 0 0 0 10 0 1 1 1 1 1 1 0 1 1 10 1 0 0 1 0 1 0 0 0 10 0 0 1 10
0 0 0 0 1 0 0 1 0 1 0 1 1 1 0 1 1 0 0 0 0 0 1 1 1 0 0 1 0 1 0 0 0 1 0 1 0 1 1 0 0 1 0 0 0 0 0 10 1 0 1 0 0 1 0 0 1 0 0 1 1 1 1 1 1 1 0 0 1 0 0 0 0 1 0 10 1 1 0 1 1 0 1 1
0 0 0 0 0 0 0 0 0 0 0 1 0 1 0 1 0 0 0 0 0 0 1 0 0 0 0 0 0 0 0 0 0 1 0 0 0 1 1 0 0 1 0 0 0 0 0 1 0 1 0 0 0 1 0 0 1 0 0 1 0 1 0 0 1 0 0 0 0 0 0 0 0 1 0 1 1 1 0 0 1 0 0 0
1 1 1 1 0 1 10 0 10 10 0 0 0 0 0 1 0 0 0 1 1 1 0 1 0 0 0 1 1 0 1 0 1 1 1 0 1 0 1 1 0 0 1 0 1 1 0 0 10 0 0 0 1 1 1 0 0 0 10 0 0 1 0 0 1 0 0 1 0 10 1 0 0 1 0 0 0 0 0 1 0 0 0 1
1 0 10 0 1 0 1 0 1 1 0 0 0 1 0 1 1 1 0 0 1 0 0 0 0 0 1 1 1 0 1 0 0 0 1 0 1 0 0 1 1 1 0 0 1 1 1 0 1 0 0 1 0 1 1 1 0 0 1 1 0 0 0 0 0 1 1 10 0 1 0 0 1 0 0 0 0 1 0 0 0 1 0 0
1 0 1 0 1 0 1 0 1 1 1 10 1 1 1 10 0 0 1 0 1 0 1 0 0 0 0 1 1 0 1 0 0 1 1 0 1 10 1 1 0 1 0 0 1 1 0 1 1 1 1 1 1 0 10 0 1 0 1 1 0 1 0 1 1 0 0 1 1 1 0 1 0 1 1 1 1 1 0 0 1 0 0 0
1 0 1 0 1 0 1 0 1 1 1 1 1 0 1 1 0 0 1 0 1 0 0 0 0 0 0 1 1 0 1 0 0 0 1 0 1 1 0 1 0 0 0 0 1 1 0 0 1 0 0 1 1 10 0 0 0 0 1 0 0 0 0 1 0 0 0 1 1 1 0 1 0 0 1 0 0 0 0 0 0 0 0 0
1 0 1 0 1 1 0 1 0 0 1 0 0 1 0 0 1 1 0 1 0 0 0 1 0 1 1 1 0 0 0 1 0 0 0 0 1 0 0 1 1 1 1 1 1 0 1 0 0 0 0 0 1 0 0 0 0 1 0 10 1 1 0 0 1 1 10 1 0 0 0 0 1 0 0 0 0 1 1 1 0 10 0 0
0 0 0 0 0 0 0 0 0 0 0 1 0 1 0 1 0 0 0 0 0 0 1 0 0 0 0 0 0 0 0 0 0 1 0 0 0 1 1 0 0 1 0 0 0 0 0 1 0 1 1 0 0 1 0 0 0 0 0 1 0 1 0 0 1 0 0 0 0 0 0 0 0 1 0 1 1 1 0 0 1 0 0 0
1 0 0 0 0 1 0 1 0 0 1 0 0 0 0 0 0 0 0 1 0 0 0 1 0 1 0 1 0 0 0 1 0 0 0 0 1 0 0 1 0 0 1 1 1 0 0 0 0 0 0 0 0 0 0 1 0 0 0 1 1 1 0 0 1 0 1 0 0 0 0 0 0 0 0 0 0 0 1 1 0 1 0 0
1 1 1 1 0 1 10 0 10 10 0 0 0 0 0 1 0 0 0 1 1 1 0 1 0 0 0 1 1 0 1 0 1 1 1 0 1 0 1 1 0 0 1 0 1 1 0 0 10 0 0 10 1 1 1 0 0 0 0 0 0 1 0 0 1 0 0 1 0 10 1 0 0 1 0 0 0 0 0 1 0 0 0 1
1 0 1 0 1 1 0 1 0 0 1 1 0 10 0 1 1 1 0 1 0 0 1 1 0 1 1 1 0 0 0 1 0 1 0 0 1 1 1 1 1 10 1 1 1 0 1 1 0 1 1 0 1 1 0 10 1 1 0 0 1 10 0 0 10 1 10 1 0 0 0 0 1 1 0 1 1 10 1 1 1 10 0 0
1 0 0 0 1 1 0 10 0 1 1 0 1 0 0 0 1 0 0 1 0 0 0 10 1 1 0 10 0 1 0 1 0 0 0 1 1 0 0 1 0 0 1 1 1 0 0 1 1 1 0 0 0 0 0 1 0 1 0 1 0 1 1 1 1 1 1 0 1 0 0 0 0 0 0 1 0 0 1 10 0 1 1 1
1 1 0 1 0 10 1 1 1 1 1 1 0 1 0 1 0 0 0 10 0 1 1 10 0 1 0 1 0 0 0 1 1 10 0 0 1 1 10 1 0 1 10 1 1 0 0 1 1 1 1 1 0 1 0 1 1 1 1 10 1 0 0 0 100 0 1 0 0 1 1 0 0 10 0 1 1 1 1 10 1 1 0 1
0 0 0 0 1 0 0 1 0 1 0 0 1 0 0 0 1 0 0 0 0 0 0 1 1 0 0 1 0 1 0 0 0 0 0 1 0 0 0 0 0 0 0 0 0 0 0 1 1 1 0 0 0 0 0 0 0 0 0 0 1 0 0 1 0 1 0 0 1 0 0 0 0 0 0 1 0 0 0 1 0 0 1 1
0 0 0 0 10 0 0 1 0 1 1 1 10 0 1 0 1 0 1 0 0 0 0 1 1 0 0 1 0 1 0 0 0 0 0 1 0 1 0 0 0 0 0 0 0 0 0 1 1 1 0 0 0 1 1 0 0 0 0 0 1 0 1 0 0 1 0 0 10 0 0 1 0 0 1 1 0 0 0 1 0 0 1 1
1 1 0 1 0 10 1 1 1 1 1 1 0 1 0 1 0 0 0 10 0 1 1 10 0 1 0 1 0 0 0 1 1 10 0 0 1 1 10 1 0 1 10 1 1 0 0 1 1 1 1 1 0 1 0 1 1 1 1 10 1 100 0 0 0 0 1 0 0 1 1 0 0 10 0 1 1 1 1 10 1 1 0 1
0 0 1 0 10 0 0 1 0 1 0 0 1 1 0 0 10 1 0 0 0 0 0 1 1 0 1 1 0 1 0 0 0 0 0 1 0 0 0 0 1 1 0 0 0 0 1 1 1 1 0 0 1 0 0 1 0 0 0 1 1 0 1 1 0 0 1 1 1 0 0 0 1 0 0 1 0 1 0 1 0 1 1 1
1 0 1 0 1 1 0 1 0 0 1 0 0 1 0 0 1 1 0 1 0 0 0 1 0 1 1 1 0 0 0 1 0 0 0 0 1 0 0 1 1 1 1 1 1 0 1 0 0 0 0 0 1 0 0 10 0 1 0 10 1 1 0 0 1 1 0 1 0 0 0 0 1 0 0 0 0 1 1 1 0 10 0 0
1 0 10 0 1 0 1 0 1 1 0 0 0 1 0 1 1 1 0 0 1 0 0 0 0 0 1 1 1 0 1 0 0 0 1 0 1 0 0 1 1 1 0 0 1 1 1 0 1 0 0 1 10 1 1 1 0 0 1 1 0 0 0 0 0 1 1 0 0 1 0 0 1 0 0 0 0 1 0 0 0 1 0 0
0 0 0 0 10 0 0 1 0 1 1 1 10 0 1 0 1 0 1 0 0 0 0 1 1 0 0 1 0 1 0 0 0 0 0 1 0 1 0 0 0 0 0 0 0 0 0 1 1 1 0 0 0 1 1 0 0 0 0 0 1 0 1 10 0 1 0 0 0 0 0 1 0 0 1 1 0 0 0 1 0 0 1 1
1 1 1 1 0 1 10 0 10 10 0 0 0 0 0 1 0 0 0 1 1 1 0 1 0 0 0 1 1 0 1 0 1 1 1 0 1 0 1 1 0 0 1 0 1 1 0 0 10 0 0 10 1 1 1 0 0 0 10 0 0 1 0 0 1 0 0 1 0 0 1 0 0 1 0 0 0 0 0 1 0 0 0 1
0 1 0 1 0 1 1 0 1 1 0 0 0 0 0 0 0 0 0 1 0 1 0 1 0 0 0 0 0 0 0 0 1 1 0 0 0 0 1 0 0 0 1 0 0 0 0 0 1 0 0 1 0 0 0 0 0 0 1 0 0 1 0 0 1 0 0 0 0 1 0 0 0 1 0 0 0 0 0 1 0 0 0 1
0 0 0 0 1 0 0 0 0 0 1 1 1 0 1 0 0 0 1 0 0 0 0 0 0 0 0 0 0 0 0 0 0 0 0 0 0 1 0 0 0 0 0 0 0 0 0 0 0 0 0 0 0 1 1 0 0 0 0 0 0 0 0 1 0 0 0 0 1 0 0 0 0 0 1 0 0 0 0 0 0 0 0 0
0 0 1 0 1 0 0 0 0 0 0 0 0 1 0 0 1 1 0 0 0 0 0 0 0 0 1 0 0 0 0 0 0 0 0 0 0 0 0 0 1 1 0 0 0 0 1 0 0 0 0 0 1 0 0 1 0 0 0 1 0 0 0 0 0 1 1 1 0 0 0 0 0 0 0 0 0 1 0 0 0 1 0 0
0 1 0 1 0 1 1 0 1 1 0 1 0 1 0 1 0 0 0 1 0 1 1 1 0 0 0 0 0 0 0 0 1 10 0 0 0 1 10 0 0 1 1 0 0 0 0 1 1 1 1 1 0 1 0 0 1 0 1 1 0 10 0 0 10 0 0 0 0 1 1 0 0 0 0 1 1 1 0 1 1 0 0 1
0 0 0 0 1 0 0 0 0 0 1 1 1 0 1 0 0 0 1 0 0 0 0 0 0 0 0 0 0 0 0 0 0 0 0 0 0 1 0 0 0 0 0 0 0 0 0 0 0 0 0 0 0 1 1 0 0 0 0 0 0 0 0 1 0 0 0 0 1 0 0 1 0 0 0 0 0 0 0 0 0 0 0 0
0 0 0 0 1 0 0 1 0 1 0 1 1 1 0 1 1 0 0 0 0 0 1 1 1 0 0 1 0 1 0 0 0 1 0 1 0 1 1 0 0 1 0 0 0 0 0 10 1 10 1 0 0 1 0 0 1 0 0 1 1 1 1 1 1 1 0 0 1 0 0 0 0 1 0 0 1 1 0 1 1 0 1 1
0 0 0 0 0 0 0 0 0 0 0 1 0 1 0 1 0 0 0 0 0 0 1 0 0 0 0 0 0 0 0 0 0 1 0 0 0 1 1 0 0 1 0 0 0 0 0 1 0 1 1 0 0 1 0 0 1 0 0 1 0 1 0 0 1 0 0 0 0 0 0 0 0 1 0 1 0 1 0 0 1 0 0 0
0 0 1 0 1 0 0 0 0 0 0 1 0 10 0 1 1 1 0 0 0 0 1 0 0 0 1 0 0 0 0 0 0 1 0 0 0 1 1 0 1 10 0 0 0 0 1 1 0 1 1 0 1 1 0 1 1 0 0 10 0 1 0 0 1 1 1 1 0 0 0 0 1 1 0 1 1 0 0 0 1 1 0 0
1 0 0 0 0 1 0 1 0 0 1 0 0 0 0 0 0 0 0 1 0 0 0 1 0 1 0 1 0 0 0 1 0 0 0 0 1 0 0 1 0 0 1 1 1 0 0 0 0 0 0 0 0 0 0 1 0 1 0 1 1 1 0 0 1 0 1 0 0 0 0 0 0 0 0 0 0 0 0 1 0 1 0 0
1 1 0 1 1 10 1 10 1 10 1 0 1 0 0 0 1 0 0 10 0 1 0 100 1 1 0 10 0 1 0 1 1 1 0 1 1 0 1 1 0 0 10 1 1 0 0 1 10 1 0 1 0 0 0 1 0 1 1 1 10 10 1 1 10 1 1 0 1 1 1 0 0 1 0 1 0 0 1 0 0 1 1 10
0 0 0 0 0 0 0 0 0 0 0 1 0 1 0 1 0 0 0 0 0 0 1 0 0 0 0 0 0 0 0 0 0 1 0 0 0 1 1 0 0 1 0 0 0 0 0 1 0 1 1 0 0 1 0 0 1 0 0 1 0 1 0 0 1 0 0 0 0 0 0 0 0 1 0 1 1 1 0 0 0 0 0 0
1 0 1 0 1 1 0 1 0 0 1 0 0 1 0 0 1 1 0 1 0 0 0 1 0 1 1 1 0 0 0 1 0 0 0 0 1 0 0 1 1 1 1 1 1 0 1 0 0 0 0 0 1 0 0 10 0 1 0 10 1 1 0 0 1 1 10 1 0 0 0 0 1 0 0 0 0 1 1 1 0 0 0 0
0 0 0 0 1 0 0 1 0 1 0 0 1 0 0 0 1 0 0 0 0 0 0 1 1 0 0 1 0 1 0 0 0 0 0 1 0 0 0 0 0 0 0 0 0 0 0 1 1 1 0 0 0 0 0 0 0 0 0 0 1 0 1 1 0 1 0 0 1 0 0 0 0 0 0 1 0 0 0 1 0 0 0 1
0 1 0 1 1 1 1 1 1 10 0 0 1 0 0 0 1 0 0 1 0 1 0 10 1 0 0 1 0 1 0 0 1 1 0 1 0 0 1 0 0 0 1 0 0 0 0 1 10 1 0 1 0 0 0 0 0 0 1 0 1 1 1 1 1 1 0 0 1 1 1 0 0 1 0 1 0 0 0 10 0 0 1 0
4
2 11 2
3 7 3
4 9 3
5 1 3
10
2 3 
1 2
2 4
2 3
2 2 
1 3
2 5
2 3 
1 2
2 2
2 3
1 2 
1 4
1 4
2 4 
1 2
1 2
2 4
2 2
2 3 
1 2
2 4
2 3
2 2 
1 4
2 3
1 3 
1 2
1 3
1 3
1 3 
1 4
1 4
1 4
2 3 
1 2
1 2
2 2
84 7
2 4 5
1 1
2 0 5
1 1
3 0 3 6
2 1 4
2 1 5
2 4 6
2 1 5
3 1 5 6
2 3 4
2 2 3
2 3 6
2 0 2
1 3
2 2 5
2 0 6
1 0
1 3
2 1 4
1 5
1 1
1 2
3 1 4 6
1 6
1 4
1 0
3 4 5 6
1 5
1 6
1 5
1 4
1 1
2 1 2
1 5
1 6
2 4 5
2 2 3
2 1 2
2 4 5
1 0
2 0 2
2 1 4
1 4
2 4 5
1 5
1 0
2 2 6
3 1 5 6
2 2 6
1 2
2 1 5
2 0 5
3 2 3 5
2 3 5
2 0 4
1 2
1 4
2 1 5
3 0 2 4
2 4 6
3 1 2 4
1 6
2 3 6
3 1 2 4
2 0 6
2 0 4
2 0 5
2 3 6
2 1 5
1 1
1 3
1 0
2 1 2
1 3
2 2 6
1 2
2 0 2
1 4
3 1 4 6
1 2
2 0 4
1 6
2 1 6
84 135
2 104 72
1 103
1 51
2 3 42
2 70 96
1 14
1 35
2 106 67
3 12 23 78
1 83
2 1 4
1 65
1 107
2 38 43
1 61
1 90
2 103 105
1 104
3 44 50 59
1 101
1 33
1 99
1 82
2 73 85
1 15
3 106 93 94
1 100
1 19
1 26
1 97
3 2 45 88
2 46 99
2 20 68
1 24
3 0 107 66
3 106 107 48
2 107 40
2 101 28
3 27 75 86
1 54
2 64 76
2 105 31
1 62
2 32 37
1 29
3 47 53 7
1 95
2 57 74
4 102 16 39 79
3 30 71 80
2 58 98
2 13 6
3 21 36 52
1 17
2 41 55
1 60
1 11
2 100 102
2 84 91
2 107 89
2 34 81
2 77 9
1 5
1 63
1 25
1 22
2 18 49
1 8
3 69 87 92
2 10 56
1 108
3 109 110 111
1 112
3 113 114 115
2 116 117
1 118
1 119
1 120
3 121 122 123
4 124 125 126 127
1 128
3 129 130 131
1 132
2 133 134
