28
0 0 0 0 1 0 0 1 1 0 0 0 0 0 0 1 1 0 1 0 0 0 0 0 1 0 1 0
0 0 1 0 1 1 0 0 0 1 0 1 1 0 0 1 0 0 0 0 0 1 0 1 0 0 0 1
0 1 0 0 1 1 0 0 0 1 0 1 1 0 0 1 0 0 0 0 0 1 0 1 0 0 0 1
0 0 0 0 0 0 0 1 0 0 1 0 1 0 0 0 0 1 0 1 0 0 0 0 0 1 1 0
1 1 1 0 0 1 0 1 1 1 0 1 1 0 0 10 1 0 1 0 0 1 0 1 1 0 1 1
0 1 1 0 1 0 0 1 0 1 0 10 1 0 1 1 0 0 1 1 0 1 1 1 0 0 0 1
0 0 0 0 0 0 0 0 0 1 0 0 0 1 0 0 0 0 1 0 1 0 0 0 1 1 1 0
1 0 0 1 1 1 0 0 1 0 1 1 1 0 1 1 1 1 10 10 0 0 1 0 1 1 10 0
1 0 0 0 1 0 0 1 0 0 0 0 0 0 0 1 1 0 1 0 0 0 0 0 1 0 1 0
0 1 1 0 1 1 1 0 0 0 0 1 1 1 0 1 0 0 1 0 1 1 0 1 1 1 1 1
0 0 0 1 0 0 0 1 0 0 0 0 1 0 0 0 0 1 0 1 0 0 0 0 0 1 1 0
0 1 1 0 1 10 0 1 0 1 0 0 1 0 1 1 0 0 1 1 0 1 1 1 0 0 0 1
0 1 1 1 1 1 0 1 0 1 1 1 0 0 0 1 0 1 0 1 0 1 0 1 0 1 1 1
0 0 0 0 0 0 1 0 0 1 0 0 0 0 0 0 0 0 1 0 1 0 0 0 1 1 1 0
0 0 0 0 0 1 0 1 0 0 0 1 0 0 0 0 0 0 1 1 0 0 1 0 0 0 0 0
1 1 1 0 10 1 0 1 1 1 0 1 1 0 0 0 1 0 1 0 0 1 0 1 1 0 1 1
1 0 0 0 1 0 0 1 1 0 0 0 0 0 0 1 0 0 1 0 0 0 0 0 1 0 1 0
0 0 0 1 0 0 0 1 0 0 1 0 1 0 0 0 0 0 0 1 0 0 0 0 0 1 1 0
1 0 0 0 1 1 1 10 1 1 0 1 0 1 1 1 1 0 0 1 1 0 1 0 10 1 10 0
0 0 0 1 0 1 0 10 0 0 1 1 1 0 1 0 0 1 1 0 0 0 1 0 0 1 1 0
0 0 0 0 0 0 1 0 0 1 0 0 0 1 0 0 0 0 1 0 0 0 0 0 1 1 1 0
0 1 1 0 1 1 0 0 0 1 0 1 1 0 0 1 0 0 0 0 0 0 0 1 0 0 0 1
0 0 0 0 0 1 0 1 0 0 0 1 0 0 1 0 0 0 1 1 0 0 0 0 0 0 0 0
0 1 1 0 1 1 0 0 0 1 0 1 1 0 0 1 0 0 0 0 0 1 0 0 0 0 0 1
1 0 0 0 1 0 1 1 1 1 0 0 0 1 0 1 1 0 10 0 1 0 0 0 0 1 10 0
0 0 0 1 0 0 1 1 0 1 1 0 1 1 0 0 0 1 1 1 1 0 0 0 1 0 10 0
1 0 0 1 1 0 1 10 1 1 1 0 1 1 0 1 1 1 10 1 1 0 0 0 10 10 0 0
0 1 1 0 1 1 0 0 0 1 0 1 1 0 0 1 0 0 0 0 0 1 0 1 0 0 0 0
3
3 1 3
4 5 3
5 1 3
4
2 2 
1 4
2 3
2 3 
1 4
1 4
2 4
1 1 
1 5
1 1 
1 4
28 5
1 0
1 4
1 4
1 2
2 0 4
2 3 4
1 1
3 0 2 3
1 0
2 1 4
1 2
2 3 4
2 2 4
1 1
1 3
2 0 4
1 0
1 2
3 0 1 3
2 2 3
1 1
1 4
1 3
1 4
2 0 1
2 1 2
3 0 1 2
1 4
28 50
1 19
3 12 4 5
2 17 25
1 7
2 27 31
4 0 16 28 8
1 6
3 1 11 22
3 18 20 34
2 21 29
2 10 34
1 24
1 3
1 9
1 26
1 23
4 13 15 32 33
1 14
3 2 30 33
1 35
1 36
3 37 38 39
1 40
3 41 42 43
2 44 45
1 46
1 47
2 48 49
