95
0 1 0 0 1 1 1 0 1 0 1 0 1 0 1 0 0 1 1 0 0 0 0 0 1 0 1 0 1 0 1 0 0 1 0 1 0 1 1 1 0 0 0 1 0 1 0 1 0 0 0 0 0 0 0 0 0 0 1 0 0 1 0 1 0 0 1 0 1 0 1 0 0 0 0 0 0 1 1 0 0 1 0 1 1 1 0 10 0 0 1 0 1 1 1
1 0 0 0 0 0 1 0 1 0 0 0 1 0 1 0 0 1 1 0 0 0 0 0 1 0 0 0 0 0 0 0 0 0 0 0 0 0 0 0 0 0 0 1 0 0 0 1 0 0 0 0 0 0 0 0 0 0 1 0 0 1 0 1 0 0 1 0 1 0 1 0 0 0 0 0 0 0 0 0 0 0 0 0 0 0 0 1 0 0 0 0 1 1 0
0 0 0 0 0 0 1 0 0 1 0 0 0 0 0 0 0 0 1 1 0 0 0 0 0 0 0 0 0 0 0 0 1 0 0 0 0 0 0 0 0 0 0 0 0 0 0 0 0 0 1 0 0 0 0 0 0 0 0 0 0 0 1 0 1 1 0 0 0 0 0 0 1 0 1 0 0 0 0 0 1 0 0 0 0 0 0 0 1 1 1 0 0 0 0
0 0 0 0 0 0 0 0 0 1 1 0 0 0 0 0 0 0 0 0 0 0 1 0 0 1 0 0 0 1 1 0 0 0 0 0 0 0 0 0 0 1 1 1 0 0 0 0 1 0 0 1 0 0 0 0 0 1 0 1 0 1 0 0 0 0 0 0 1 0 0 0 0 0 0 0 0 0 0 0 0 1 0 0 0 0 0 0 0 0 0 0 0 1 0
1 0 0 0 0 1 0 0 0 0 1 0 0 0 0 0 0 0 0 0 0 0 0 0 0 0 1 0 1 0 1 0 0 1 0 1 0 1 1 1 0 0 0 0 0 1 0 0 0 0 0 0 0 0 0 0 0 0 0 0 0 0 0 0 0 0 0 0 0 0 0 0 0 0 0 0 0 1 1 0 0 1 0 1 1 1 0 1 0 0 1 0 0 0 1
1 0 0 0 1 0 0 0 0 0 1 0 0 0 0 0 0 0 0 0 0 0 0 0 0 0 1 0 1 0 1 0 0 1 0 1 0 1 1 1 0 0 0 0 0 1 0 0 0 0 0 0 0 0 0 0 0 0 0 0 0 0 0 0 0 0 0 0 0 0 0 0 0 0 0 0 0 1 1 0 0 1 0 1 1 1 0 1 0 0 1 0 0 0 1
1 1 1 0 0 0 0 0 1 1 0 0 1 0 1 0 0 1 10 1 0 0 0 0 1 0 0 0 0 0 0 0 1 0 0 0 0 0 0 0 0 0 0 1 0 0 0 1 0 0 1 0 0 0 0 0 0 0 1 0 0 1 1 1 1 1 1 0 1 0 1 0 1 0 1 0 0 0 0 0 1 0 0 0 0 0 0 1 1 1 1 0 1 1 0
0 0 0 0 0 0 0 0 0 0 0 0 0 0 0 0 0 0 0 0 1 0 1 0 1 0 0 0 0 0 0 1 0 0 0 0 0 0 0 0 0 0 0 0 0 0 0 0 0 0 0 0 0 0 1 1 0 0 0 0 0 1 0 1 1 0 0 0 0 1 0 0 0 1 0 1 0 0 1 0 0 1 1 0 1 0 0 1 0 0 0 0 0 0 1
1 1 0 0 0 0 1 0 0 0 0 1 1 1 10 1 1 1 1 1 0 1 0 1 1 0 1 1 1 1 0 0 0 0 1 0 0 0 1 1 0 0 0 1 1 1 1 1 1 1 0 0 1 1 0 0 1 10 10 0 1 1 0 10 1 1 1 1 1 0 1 1 1 0 1 0 0 1 1 1 0 0 0 0 0 1 1 1 0 0 0 1 1 1 0
0 0 1 1 0 0 1 0 0 0 10 1 0 0 0 0 0 1 1 1 0 0 10 0 0 1 0 0 0 1 1 0 1 0 0 1 1 0 0 0 1 10 1 1 0 0 0 1 10 0 1 1 0 0 0 0 0 1 0 1 0 1 1 0 1 10 0 0 1 1 0 1 1 1 1 0 1 0 0 0 10 1 0 0 0 0 0 0 1 1 1 1 0 10 1
1 0 0 1 1 1 0 0 0 10 0 1 0 0 0 0 0 1 0 0 0 0 10 0 0 1 1 0 1 1 10 0 0 1 0 10 1 1 1 1 1 10 1 1 0 1 0 1 10 0 0 1 0 0 0 0 0 1 0 1 0 1 0 0 0 1 0 0 1 1 0 1 0 1 0 0 1 1 1 0 1 10 0 1 1 1 0 1 0 0 1 1 0 10 10
0 0 0 0 0 0 0 0 1 1 1 0 0 1 0 0 0 1 0 0 0 1 1 0 0 0 0 1 1 1 0 0 0 0 0 1 1 0 1 0 1 1 0 0 0 0 1 1 1 0 0 0 1 0 0 0 1 1 1 0 1 0 0 0 1 10 0 1 0 1 0 10 1 1 0 0 1 1 1 0 1 0 0 0 0 0 1 0 0 0 0 10 0 1 1
1 1 0 0 0 0 1 0 1 0 0 0 0 0 1 0 0 1 1 0 0 0 0 0 1 0 0 0 0 0 0 0 0 0 0 0 0 0 0 0 0 0 0 1 0 0 0 1 0 0 0 0 0 0 0 0 0 0 1 0 0 1 0 1 0 0 1 0 1 0 1 0 0 0 0 0 0 0 0 0 0 0 0 0 0 0 0 1 0 0 0 0 1 1 0
0 0 0 0 0 0 0 0 1 0 0 1 0 0 0 0 0 0 0 0 0 1 0 0 0 0 0 1 1 1 0 0 0 0 0 0 0 0 1 0 0 0 0 0 0 0 1 0 0 0 0 0 1 0 0 0 1 1 1 0 1 0 0 0 1 1 0 1 0 0 0 1 1 0 0 0 0 1 1 0 0 0 0 0 0 0 1 0 0 0 0 1 0 0 0
1 1 0 0 0 0 1 0 10 0 0 0 1 0 0 1 1 1 1 1 0 0 0 1 1 0 1 0 0 0 0 0 0 0 1 0 0 0 0 1 0 0 0 1 1 1 0 1 1 1 0 0 0 1 0 0 0 1 1 0 0 1 0 10 0 0 1 0 1 0 1 0 0 0 1 0 0 0 0 1 0 0 0 0 0 1 0 1 0 0 0 0 1 1 0
0 0 0 0 0 0 0 0 1 0 0 0 0 0 1 0 1 0 0 1 0 0 0 1 0 0 1 0 0 0 0 0 0 0 1 0 0 0 0 1 0 0 0 0 1 1 0 0 1 1 0 0 0 1 0 0 0 1 0 0 0 0 0 1 0 0 0 0 0 0 0 0 0 0 1 0 0 0 0 1 0 0 0 0 0 1 0 0 0 0 0 0 0 0 0
0 0 0 0 0 0 0 0 1 0 0 0 0 0 1 1 0 0 0 1 0 0 0 1 0 0 1 0 0 0 0 0 0 0 1 0 0 0 0 1 0 0 0 0 1 1 0 0 1 1 0 0 0 1 0 0 0 1 0 0 0 0 0 1 0 0 0 0 0 0 0 0 0 0 1 0 0 0 0 1 0 0 0 0 0 1 0 0 0 0 0 0 0 0 0
1 1 0 0 0 0 1 0 1 1 1 1 1 0 1 0 0 0 1 0 0 0 1 0 1 0 0 0 0 0 0 0 0 0 0 1 1 0 0 0 1 1 0 1 0 0 0 10 1 0 0 0 0 0 0 0 0 0 1 0 0 1 0 1 0 1 1 0 1 1 1 1 0 1 0 0 1 0 0 0 1 0 0 0 0 0 0 1 0 0 0 1 1 10 1
1 1 1 0 0 0 10 0 1 1 0 0 1 0 1 0 0 1 0 1 0 0 0 0 1 0 0 0 0 0 0 0 1 0 0 0 0 0 0 0 0 0 0 1 0 0 0 1 0 0 1 0 0 0 0 0 0 0 1 0 0 1 1 1 1 1 1 0 1 0 1 0 1 0 1 0 0 0 0 0 1 0 0 0 0 0 0 1 1 1 1 0 1 1 0
0 0 1 0 0 0 1 0 1 1 0 0 0 0 1 1 1 0 1 0 0 0 0 1 0 0 1 0 0 0 0 0 1 0 1 0 0 0 0 1 0 0 0 0 1 1 0 0 1 1 1 0 0 1 0 0 0 1 0 0 0 0 1 1 1 1 0 0 0 0 0 0 1 0 10 0 0 0 0 1 1 0 0 0 0 1 0 0 1 1 1 0 0 0 0
0 0 0 0 0 0 0 1 0 0 0 0 0 0 0 0 0 0 0 0 0 0 1 0 1 0 0 0 0 0 0 1 0 0 0 0 0 0 0 0 0 0 0 0 0 0 0 0 0 0 0 0 0 0 1 1 0 0 0 0 0 1 0 1 1 0 0 0 0 1 0 0 0 1 0 1 0 0 1 0 0 1 1 0 1 0 0 1 0 0 0 0 0 0 1
0 0 0 0 0 0 0 0 1 0 0 1 0 1 0 0 0 0 0 0 0 0 0 0 0 0 0 1 1 1 0 0 0 0 0 0 0 0 1 0 0 0 0 0 0 0 1 0 0 0 0 0 1 0 0 0 1 1 1 0 1 0 0 0 1 1 0 1 0 0 0 1 1 0 0 0 0 1 1 0 0 0 0 0 0 0 1 0 0 0 0 1 0 0 0
0 0 0 1 0 0 0 1 0 10 10 1 0 0 0 0 0 1 0 0 1 0 0 0 1 1 0 0 0 1 1 1 0 0 0 1 1 0 0 0 1 10 1 1 0 0 0 1 10 0 0 1 0 0 1 1 0 1 0 1 0 10 0 1 1 1 0 0 1 10 0 1 0 10 0 1 1 0 1 0 1 10 1 0 1 0 0 1 0 0 0 1 0 10 10
0 0 0 0 0 0 0 0 1 0 0 0 0 0 1 1 1 0 0 1 0 0 0 0 0 0 1 0 0 0 0 0 0 0 1 0 0 0 0 1 0 0 0 0 1 1 0 0 1 1 0 0 0 1 0 0 0 1 0 0 0 0 0 1 0 0 0 0 0 0 0 0 0 0 1 0 0 0 0 1 0 0 0 0 0 1 0 0 0 0 0 0 0 0 0
1 1 0 0 0 0 1 1 1 0 0 0 1 0 1 0 0 1 1 0 1 0 1 0 0 0 0 0 0 0 0 1 0 0 0 0 0 0 0 0 0 0 0 1 0 0 0 1 0 0 0 0 0 0 1 1 0 0 1 0 0 10 0 10 1 0 1 0 1 1 1 0 0 1 0 1 0 0 1 0 0 1 1 0 1 0 0 10 0 0 0 0 1 1 1
0 0 0 1 0 0 0 0 0 1 1 0 0 0 0 0 0 0 0 0 0 0 1 0 0 0 0 0 0 1 1 0 0 0 0 0 0 0 0 0 0 1 1 1 0 0 0 0 1 0 0 1 0 0 0 0 0 1 0 1 0 1 0 0 0 0 0 0 1 0 0 0 0 0 0 0 0 0 0 0 0 1 0 0 0 0 0 0 0 0 0 0 0 1 0
1 0 0 0 1 1 0 0 1 0 1 0 0 0 1 1 1 0 0 1 0 0 0 1 0 0 0 0 1 0 1 0 0 1 1 1 0 1 1 10 0 0 0 0 1 10 0 0 1 1 0 0 0 1 0 0 0 1 0 0 0 0 0 1 0 0 0 0 0 0 0 0 0 0 1 0 0 1 1 1 0 1 0 1 1 10 0 1 0 0 1 0 0 0 1
0 0 0 0 0 0 0 0 1 0 0 1 0 1 0 0 0 0 0 0 0 1 0 0 0 0 0 0 1 1 0 0 0 0 0 0 0 0 1 0 0 0 0 0 0 0 1 0 0 0 0 0 1 0 0 0 1 1 1 0 1 0 0 0 1 1 0 1 0 0 0 1 1 0 0 0 0 1 1 0 0 0 0 0 0 0 1 0 0 0 0 1 0 0 0
1 0 0 0 1 1 0 0 1 0 1 1 0 1 0 0 0 0 0 0 0 1 0 0 0 0 1 1 0 1 1 0 0 1 0 1 0 1 10 1 0 0 0 0 0 1 1 0 0 0 0 0 1 0 0 0 1 1 1 0 1 0 0 0 1 1 0 1 0 0 0 1 1 0 0 0 0 10 10 0 0 1 0 1 1 1 1 1 0 0 1 1 0 0 1
0 0 0 1 0 0 0 0 1 1 1 1 0 1 0 0 0 0 0 0 0 1 1 0 0 1 0 1 1 0 1 0 0 0 0 0 0 0 1 0 0 1 1 1 0 0 1 0 1 0 0 1 1 0 0 0 1 10 1 1 1 1 0 0 1 1 0 1 1 0 0 1 1 0 0 0 0 1 1 0 0 1 0 0 0 0 1 0 0 0 0 1 0 1 0
1 0 0 1 1 1 0 0 0 1 10 0 0 0 0 0 0 0 0 0 0 0 1 0 0 1 1 0 1 1 0 0 0 1 0 1 0 1 1 1 0 1 1 1 0 1 0 0 1 0 0 1 0 0 0 0 0 1 0 1 0 1 0 0 0 0 0 0 1 0 0 0 0 0 0 0 0 1 1 0 0 10 0 1 1 1 0 1 0 0 1 0 0 1 1
0 0 0 0 0 0 0 1 0 0 0 0 0 0 0 0 0 0 0 0 1 0 1 0 1 0 0 0 0 0 0 0 0 0 0 0 0 0 0 0 0 0 0 0 0 0 0 0 0 0 0 0 0 0 1 1 0 0 0 0 0 1 0 1 1 0 0 0 0 1 0 0 0 1 0 1 0 0 1 0 0 1 1 0 1 0 0 1 0 0 0 0 0 0 1
0 0 1 0 0 0 1 0 0 1 0 0 0 0 0 0 0 0 1 1 0 0 0 0 0 0 0 0 0 0 0 0 0 0 0 0 0 0 0 0 0 0 0 0 0 0 0 0 0 0 1 0 0 0 0 0 0 0 0 0 0 0 1 0 1 1 0 0 0 0 0 0 1 0 1 0 0 0 0 0 1 0 0 0 0 0 0 0 1 1 1 0 0 0 0
1 0 0 0 1 1 0 0 0 0 1 0 0 0 0 0 0 0 0 0 0 0 0 0 0 0 1 0 1 0 1 0 0 0 0 1 0 1 1 1 0 0 0 0 0 1 0 0 0 0 0 0 0 0 0 0 0 0 0 0 0 0 0 0 0 0 0 0 0 0 0 0 0 0 0 0 0 1 1 0 0 1 0 1 1 1 0 1 0 0 1 0 0 0 1
0 0 0 0 0 0 0 0 1 0 0 0 0 0 1 1 1 0 0 1 0 0 0 1 0 0 1 0 0 0 0 0 0 0 0 0 0 0 0 1 0 0 0 0 1 1 0 0 1 1 0 0 0 1 0 0 0 1 0 0 0 0 0 1 0 0 0 0 0 0 0 0 0 0 1 0 0 0 0 1 0 0 0 0 0 1 0 0 0 0 0 0 0 0 0
1 0 0 0 1 1 0 0 0 1 10 1 0 0 0 0 0 1 0 0 0 0 1 0 0 0 1 0 1 0 1 0 0 1 0 0 1 1 1 1 1 1 0 0 0 1 0 1 1 0 0 0 0 0 0 0 0 0 0 0 0 0 0 0 0 1 0 0 0 1 0 1 0 1 0 0 1 1 1 0 1 1 0 1 1 1 0 1 0 0 1 1 0 1 10
0 0 0 0 0 0 0 0 0 1 1 1 0 0 0 0 0 1 0 0 0 0 1 0 0 0 0 0 0 0 0 0 0 0 0 1 0 0 0 0 1 1 0 0 0 0 0 1 1 0 0 0 0 0 0 0 0 0 0 0 0 0 0 0 0 1 0 0 0 1 0 1 0 1 0 0 1 0 0 0 1 0 0 0 0 0 0 0 0 0 0 1 0 1 1
1 0 0 0 1 1 0 0 0 0 1 0 0 0 0 0 0 0 0 0 0 0 0 0 0 0 1 0 1 0 1 0 0 1 0 1 0 0 1 1 0 0 0 0 0 1 0 0 0 0 0 0 0 0 0 0 0 0 0 0 0 0 0 0 0 0 0 0 0 0 0 0 0 0 0 0 0 1 1 0 0 1 0 1 1 1 0 1 0 0 1 0 0 0 1
1 0 0 0 1 1 0 0 1 0 1 1 0 1 0 0 0 0 0 0 0 1 0 0 0 0 1 1 10 1 1 0 0 1 0 1 0 1 0 1 0 0 0 0 0 1 1 0 0 0 0 0 1 0 0 0 1 1 1 0 1 0 0 0 1 1 0 1 0 0 0 1 1 0 0 0 0 10 10 0 0 1 0 1 1 1 1 1 0 0 1 1 0 0 1
1 0 0 0 1 1 0 0 1 0 1 0 0 0 1 1 1 0 0 1 0 0 0 1 0 0 10 0 1 0 1 0 0 1 1 1 0 1 1 0 0 0 0 0 1 10 0 0 1 1 0 0 0 1 0 0 0 1 0 0 0 0 0 1 0 0 0 0 0 0 0 0 0 0 1 0 0 1 1 1 0 1 0 1 1 10 0 1 0 0 1 0 0 0 1
0 0 0 0 0 0 0 0 0 1 1 1 0 0 0 0 0 1 0 0 0 0 1 0 0 0 0 0 0 0 0 0 0 0 0 1 1 0 0 0 0 1 0 0 0 0 0 1 1 0 0 0 0 0 0 0 0 0 0 0 0 0 0 0 0 1 0 0 0 1 0 1 0 1 0 0 1 0 0 0 1 0 0 0 0 0 0 0 0 0 0 1 0 1 1
0 0 0 1 0 0 0 0 0 10 10 1 0 0 0 0 0 1 0 0 0 0 10 0 0 1 0 0 0 1 1 0 0 0 0 1 1 0 0 0 1 0 1 1 0 0 0 1 10 0 0 1 0 0 0 0 0 1 0 1 0 1 0 0 0 1 0 0 1 1 0 1 0 1 0 0 1 0 0 0 1 1 0 0 0 0 0 0 0 0 0 1 0 10 1
0 0 0 1 0 0 0 0 0 1 1 0 0 0 0 0 0 0 0 0 0 0 1 0 0 1 0 0 0 1 1 0 0 0 0 0 0 0 0 0 0 1 0 1 0 0 0 0 1 0 0 1 0 0 0 0 0 1 0 1 0 1 0 0 0 0 0 0 1 0 0 0 0 0 0 0 0 0 0 0 0 1 0 0 0 0 0 0 0 0 0 0 0 1 0
1 1 0 1 0 0 1 0 1 1 1 0 1 0 1 0 0 1 1 0 0 0 1 0 1 1 0 0 0 1 1 0 0 0 0 0 0 0 0 0 0 1 1 0 0 0 0 1 1 0 0 1 0 0 0 0 0 1 1 1 0 10 0 1 0 0 1 0 10 0 1 0 0 0 0 0 0 0 0 0 0 1 0 0 0 0 0 1 0 0 0 0 1 10 0
0 0 0 0 0 0 0 0 1 0 0 0 0 0 1 1 1 0 0 1 0 0 0 1 0 0 1 0 0 0 0 0 0 0 1 0 0 0 0 1 0 0 0 0 0 1 0 0 1 1 0 0 0 1 0 0 0 1 0 0 0 0 0 1 0 0 0 0 0 0 0 0 0 0 1 0 0 0 0 1 0 0 0 0 0 1 0 0 0 0 0 0 0 0 0
1 0 0 0 1 1 0 0 1 0 1 0 0 0 1 1 1 0 0 1 0 0 0 1 0 0 10 0 1 0 1 0 0 1 1 1 0 1 1 10 0 0 0 0 1 0 0 0 1 1 0 0 0 1 0 0 0 1 0 0 0 0 0 1 0 0 0 0 0 0 0 0 0 0 1 0 0 1 1 1 0 1 0 1 1 10 0 1 0 0 1 0 0 0 1
0 0 0 0 0 0 0 0 1 0 0 1 0 1 0 0 0 0 0 0 0 1 0 0 0 0 0 1 1 1 0 0 0 0 0 0 0 0 1 0 0 0 0 0 0 0 0 0 0 0 0 0 1 0 0 0 1 1 1 0 1 0 0 0 1 1 0 1 0 0 0 1 1 0 0 0 0 1 1 0 0 0 0 0 0 0 1 0 0 0 0 1 0 0 0
1 1 0 0 0 0 1 0 1 1 1 1 1 0 1 0 0 10 1 0 0 0 1 0 1 0 0 0 0 0 0 0 0 0 0 1 1 0 0 0 1 1 0 1 0 0 0 0 1 0 0 0 0 0 0 0 0 0 1 0 0 1 0 1 0 1 1 0 1 1 1 1 0 1 0 0 1 0 0 0 1 0 0 0 0 0 0 1 0 0 0 1 1 10 1
0 0 0 1 0 0 0 0 1 10 10 1 0 0 1 1 1 1 0 1 0 0 10 1 0 1 1 0 0 1 1 0 0 0 1 1 1 0 0 1 1 10 1 1 1 1 0 1 0 1 0 1 0 1 0 0 0 10 0 1 0 1 0 1 0 1 0 0 1 1 0 1 0 1 1 0 1 0 0 1 1 1 0 0 0 1 0 0 0 0 0 1 0 10 1
0 0 0 0 0 0 0 0 1 0 0 0 0 0 1 1 1 0 0 1 0 0 0 1 0 0 1 0 0 0 0 0 0 0 1 0 0 0 0 1 0 0 0 0 1 1 0 0 1 0 0 0 0 1 0 0 0 1 0 0 0 0 0 1 0 0 0 0 0 0 0 0 0 0 1 0 0 0 0 1 0 0 0 0 0 1 0 0 0 0 0 0 0 0 0
0 0 1 0 0 0 1 0 0 1 0 0 0 0 0 0 0 0 1 1 0 0 0 0 0 0 0 0 0 0 0 0 1 0 0 0 0 0 0 0 0 0 0 0 0 0 0 0 0 0 0 0 0 0 0 0 0 0 0 0 0 0 1 0 1 1 0 0 0 0 0 0 1 0 1 0 0 0 0 0 1 0 0 0 0 0 0 0 1 1 1 0 0 0 0
0 0 0 1 0 0 0 0 0 1 1 0 0 0 0 0 0 0 0 0 0 0 1 0 0 1 0 0 0 1 1 0 0 0 0 0 0 0 0 0 0 1 1 1 0 0 0 0 1 0 0 0 0 0 0 0 0 1 0 1 0 1 0 0 0 0 0 0 1 0 0 0 0 0 0 0 0 0 0 0 0 1 0 0 0 0 0 0 0 0 0 0 0 1 0
0 0 0 0 0 0 0 0 1 0 0 1 0 1 0 0 0 0 0 0 0 1 0 0 0 0 0 1 1 1 0 0 0 0 0 0 0 0 1 0 0 0 0 0 0 0 1 0 0 0 0 0 0 0 0 0 1 1 1 0 1 0 0 0 1 1 0 1 0 0 0 1 1 0 0 0 0 1 1 0 0 0 0 0 0 0 1 0 0 0 0 1 0 0 0
0 0 0 0 0 0 0 0 1 0 0 0 0 0 1 1 1 0 0 1 0 0 0 1 0 0 1 0 0 0 0 0 0 0 1 0 0 0 0 1 0 0 0 0 1 1 0 0 1 1 0 0 0 0 0 0 0 1 0 0 0 0 0 1 0 0 0 0 0 0 0 0 0 0 1 0 0 0 0 1 0 0 0 0 0 1 0 0 0 0 0 0 0 0 0
0 0 0 0 0 0 0 1 0 0 0 0 0 0 0 0 0 0 0 0 1 0 1 0 1 0 0 0 0 0 0 1 0 0 0 0 0 0 0 0 0 0 0 0 0 0 0 0 0 0 0 0 0 0 0 1 0 0 0 0 0 1 0 1 1 0 0 0 0 1 0 0 0 1 0 1 0 0 1 0 0 1 1 0 1 0 0 1 0 0 0 0 0 0 1
0 0 0 0 0 0 0 1 0 0 0 0 0 0 0 0 0 0 0 0 1 0 1 0 1 0 0 0 0 0 0 1 0 0 0 0 0 0 0 0 0 0 0 0 0 0 0 0 0 0 0 0 0 0 1 0 0 0 0 0 0 1 0 1 1 0 0 0 0 1 0 0 0 1 0 1 0 0 1 0 0 1 1 0 1 0 0 1 0 0 0 0 0 0 1
0 0 0 0 0 0 0 0 1 0 0 1 0 1 0 0 0 0 0 0 0 1 0 0 0 0 0 1 1 1 0 0 0 0 0 0 0 0 1 0 0 0 0 0 0 0 1 0 0 0 0 0 1 0 0 0 0 1 1 0 1 0 0 0 1 1 0 1 0 0 0 1 1 0 0 0 0 1 1 0 0 0 0 0 0 0 1 0 0 0 0 1 0 0 0
0 0 0 1 0 0 0 0 10 1 1 1 0 1 1 1 1 0 0 1 0 1 1 1 0 1 1 1 1 10 1 0 0 0 1 0 0 0 1 1 0 1 1 1 1 1 1 0 10 1 0 1 1 1 0 0 1 0 1 1 1 1 0 1 1 1 0 1 1 0 0 1 1 0 1 0 0 1 1 1 0 1 0 0 0 1 1 0 0 0 0 1 0 1 0
1 1 0 0 0 0 1 0 10 0 0 1 1 1 1 0 0 1 1 0 0 1 0 0 1 0 0 1 1 1 0 0 0 0 0 0 0 0 1 0 0 0 0 1 0 0 1 1 0 0 0 0 1 0 0 0 1 1 0 0 1 1 0 1 1 1 1 1 1 0 1 1 1 0 0 0 0 1 1 0 0 0 0 0 0 0 1 1 0 0 0 1 1 1 0
0 0 0 1 0 0 0 0 0 1 1 0 0 0 0 0 0 0 0 0 0 0 1 0 0 1 0 0 0 1 1 0 0 0 0 0 0 0 0 0 0 1 1 1 0 0 0 0 1 0 0 1 0 0 0 0 0 1 0 0 0 1 0 0 0 0 0 0 1 0 0 0 0 0 0 0 0 0 0 0 0 1 0 0 0 0 0 0 0 0 0 0 0 1 0
0 0 0 0 0 0 0 0 1 0 0 1 0 1 0 0 0 0 0 0 0 1 0 0 0 0 0 1 1 1 0 0 0 0 0 0 0 0 1 0 0 0 0 0 0 0 1 0 0 0 0 0 1 0 0 0 1 1 1 0 0 0 0 0 1 1 0 1 0 0 0 1 1 0 0 0 0 1 1 0 0 0 0 0 0 0 1 0 0 0 0 1 0 0 0
1 1 0 1 0 0 1 1 1 1 1 0 1 0 1 0 0 1 1 0 1 0 10 0 10 1 0 0 0 1 1 1 0 0 0 0 0 0 0 0 0 1 1 10 0 0 0 1 1 0 0 1 0 0 1 1 0 1 1 1 0 0 0 10 1 0 1 0 10 1 1 0 0 1 0 1 0 0 1 0 0 10 1 0 1 0 0 10 0 0 0 0 1 10 1
0 0 1 0 0 0 1 0 0 1 0 0 0 0 0 0 0 0 1 1 0 0 0 0 0 0 0 0 0 0 0 0 1 0 0 0 0 0 0 0 0 0 0 0 0 0 0 0 0 0 1 0 0 0 0 0 0 0 0 0 0 0 0 0 1 1 0 0 0 0 0 0 1 0 1 0 0 0 0 0 1 0 0 0 0 0 0 0 1 1 1 0 0 0 0
1 1 0 0 0 0 1 1 10 0 0 0 1 0 10 1 1 1 1 1 1 0 1 1 10 0 1 0 0 0 0 1 0 0 1 0 0 0 0 1 0 0 0 1 1 1 0 1 1 1 0 0 0 1 1 1 0 1 1 0 0 10 0 0 1 0 1 0 1 1 1 0 0 1 1 1 0 0 1 1 0 1 1 0 1 1 0 10 0 0 0 0 1 1 1
0 0 1 0 0 0 1 1 1 1 0 1 0 1 0 0 0 0 1 1 1 1 1 0 1 0 0 1 1 1 0 1 1 0 0 0 0 0 1 0 0 0 0 0 0 0 1 0 0 0 1 0 1 0 1 1 1 1 1 0 1 1 1 1 0 10 0 1 0 1 0 1 10 1 1 1 0 1 10 0 1 1 1 0 1 0 1 1 1 1 1 1 0 0 1
0 0 1 0 0 0 1 0 1 10 1 10 0 1 0 0 0 1 1 1 0 1 1 0 0 0 0 1 1 1 0 0 1 0 0 1 1 0 1 0 1 1 0 0 0 0 1 1 1 0 1 0 1 0 0 0 1 1 1 0 1 0 1 0 10 0 0 1 0 1 0 10 10 1 1 0 1 1 1 0 10 0 0 0 0 0 1 0 1 1 1 10 0 1 1
1 1 0 0 0 0 1 0 1 0 0 0 1 0 1 0 0 1 1 0 0 0 0 0 1 0 0 0 0 0 0 0 0 0 0 0 0 0 0 0 0 0 0 1 0 0 0 1 0 0 0 0 0 0 0 0 0 0 1 0 0 1 0 1 0 0 0 0 1 0 1 0 0 0 0 0 0 0 0 0 0 0 0 0 0 0 0 1 0 0 0 0 1 1 0
0 0 0 0 0 0 0 0 1 0 0 1 0 1 0 0 0 0 0 0 0 1 0 0 0 0 0 1 1 1 0 0 0 0 0 0 0 0 1 0 0 0 0 0 0 0 1 0 0 0 0 0 1 0 0 0 1 1 1 0 1 0 0 0 1 1 0 0 0 0 0 1 1 0 0 0 0 1 1 0 0 0 0 0 0 0 1 0 0 0 0 1 0 0 0
1 1 0 1 0 0 1 0 1 1 1 0 1 0 1 0 0 1 1 0 0 0 1 0 1 1 0 0 0 1 1 0 0 0 0 0 0 0 0 0 0 1 1 10 0 0 0 1 1 0 0 1 0 0 0 0 0 1 1 1 0 10 0 1 0 0 1 0 0 0 1 0 0 0 0 0 0 0 0 0 0 1 0 0 0 0 0 1 0 0 0 0 1 10 0
0 0 0 0 0 0 0 1 0 1 1 1 0 0 0 0 0 1 0 0 1 0 10 0 1 0 0 0 0 0 0 1 0 0 0 1 1 0 0 0 1 1 0 0 0 0 0 1 1 0 0 0 0 0 1 1 0 0 0 0 0 1 0 1 1 1 0 0 0 0 0 1 0 10 0 1 1 0 1 0 1 1 1 0 1 0 0 1 0 0 0 1 0 1 10
1 1 0 0 0 0 1 0 1 0 0 0 1 0 1 0 0 1 1 0 0 0 0 0 1 0 0 0 0 0 0 0 0 0 0 0 0 0 0 0 0 0 0 1 0 0 0 1 0 0 0 0 0 0 0 0 0 0 1 0 0 1 0 1 0 0 1 0 1 0 0 0 0 0 0 0 0 0 0 0 0 0 0 0 0 0 0 1 0 0 0 0 1 1 0
0 0 0 0 0 0 0 0 1 1 1 10 0 1 0 0 0 1 0 0 0 1 1 0 0 0 0 1 1 1 0 0 0 0 0 1 1 0 1 0 1 1 0 0 0 0 1 1 1 0 0 0 1 0 0 0 1 1 1 0 1 0 0 0 1 10 0 1 0 1 0 0 1 1 0 0 1 1 1 0 1 0 0 0 0 0 1 0 0 0 0 10 0 1 1
0 0 1 0 0 0 1 0 1 1 0 1 0 1 0 0 0 0 1 1 0 1 0 0 0 0 0 1 1 1 0 0 1 0 0 0 0 0 1 0 0 0 0 0 0 0 1 0 0 0 1 0 1 0 0 0 1 1 1 0 1 0 1 0 10 10 0 1 0 0 0 1 0 0 1 0 0 1 1 0 1 0 0 0 0 0 1 0 1 1 1 1 0 0 0
0 0 0 0 0 0 0 1 0 1 1 1 0 0 0 0 0 1 0 0 1 0 10 0 1 0 0 0 0 0 0 1 0 0 0 1 1 0 0 0 1 1 0 0 0 0 0 1 1 0 0 0 0 0 1 1 0 0 0 0 0 1 0 1 1 1 0 0 0 10 0 1 0 0 0 1 1 0 1 0 1 1 1 0 1 0 0 1 0 0 0 1 0 1 10
0 0 1 0 0 0 1 0 1 1 0 0 0 0 1 1 1 0 1 10 0 0 0 1 0 0 1 0 0 0 0 0 1 0 1 0 0 0 0 1 0 0 0 0 1 1 0 0 1 1 1 0 0 1 0 0 0 1 0 0 0 0 1 1 1 1 0 0 0 0 0 0 1 0 0 0 0 0 0 1 1 0 0 0 0 1 0 0 1 1 1 0 0 0 0
0 0 0 0 0 0 0 1 0 0 0 0 0 0 0 0 0 0 0 0 1 0 1 0 1 0 0 0 0 0 0 1 0 0 0 0 0 0 0 0 0 0 0 0 0 0 0 0 0 0 0 0 0 0 1 1 0 0 0 0 0 1 0 1 1 0 0 0 0 1 0 0 0 1 0 0 0 0 1 0 0 1 1 0 1 0 0 1 0 0 0 0 0 0 1
0 0 0 0 0 0 0 0 0 1 1 1 0 0 0 0 0 1 0 0 0 0 1 0 0 0 0 0 0 0 0 0 0 0 0 1 1 0 0 0 1 1 0 0 0 0 0 1 1 0 0 0 0 0 0 0 0 0 0 0 0 0 0 0 0 1 0 0 0 1 0 1 0 1 0 0 0 0 0 0 1 0 0 0 0 0 0 0 0 0 0 1 0 1 1
1 0 0 0 1 1 0 0 1 0 1 1 0 1 0 0 0 0 0 0 0 1 0 0 0 0 1 1 10 1 1 0 0 1 0 1 0 1 10 1 0 0 0 0 0 1 1 0 0 0 0 0 1 0 0 0 1 1 1 0 1 0 0 0 1 1 0 1 0 0 0 1 1 0 0 0 0 0 10 0 0 1 0 1 1 1 1 1 0 0 1 1 0 0 1
1 0 0 0 1 1 0 1 1 0 1 1 0 1 0 0 0 0 0 0 1 1 1 0 1 0 1 1 10 1 1 1 0 1 0 1 0 1 10 1 0 0 0 0 0 1 1 0 0 0 0 0 1 0 1 1 1 1 1 0 1 1 0 1 10 1 0 1 0 1 0 1 1 1 0 1 0 10 0 0 0 10 1 1 10 1 1 10 0 0 1 1 0 0 10
0 0 0 0 0 0 0 0 1 0 0 0 0 0 1 1 1 0 0 1 0 0 0 1 0 0 1 0 0 0 0 0 0 0 1 0 0 0 0 1 0 0 0 0 1 1 0 0 1 1 0 0 0 1 0 0 0 1 0 0 0 0 0 1 0 0 0 0 0 0 0 0 0 0 1 0 0 0 0 0 0 0 0 0 0 1 0 0 0 0 0 0 0 0 0
0 0 1 0 0 0 1 0 0 10 1 1 0 0 0 0 0 1 1 1 0 0 1 0 0 0 0 0 0 0 0 0 1 0 0 1 1 0 0 0 1 1 0 0 0 0 0 1 1 0 1 0 0 0 0 0 0 0 0 0 0 0 1 0 1 10 0 0 0 1 0 1 1 1 1 0 1 0 0 0 0 0 0 0 0 0 0 0 1 1 1 1 0 1 1
1 0 0 1 1 1 0 1 0 1 10 0 0 0 0 0 0 0 0 0 1 0 10 0 1 1 1 0 1 1 10 1 0 1 0 1 0 1 1 1 0 1 1 1 0 1 0 0 1 0 0 1 0 0 1 1 0 1 0 1 0 10 0 1 1 0 0 0 1 1 0 0 0 1 0 1 0 1 10 0 0 0 1 1 10 1 0 10 0 0 1 0 0 1 10
0 0 0 0 0 0 0 1 0 0 0 0 0 0 0 0 0 0 0 0 1 0 1 0 1 0 0 0 0 0 0 1 0 0 0 0 0 0 0 0 0 0 0 0 0 0 0 0 0 0 0 0 0 0 1 1 0 0 0 0 0 1 0 1 1 0 0 0 0 1 0 0 0 1 0 1 0 0 1 0 0 1 0 0 1 0 0 1 0 0 0 0 0 0 1
1 0 0 0 1 1 0 0 0 0 1 0 0 0 0 0 0 0 0 0 0 0 0 0 0 0 1 0 1 0 1 0 0 1 0 1 0 1 1 1 0 0 0 0 0 1 0 0 0 0 0 0 0 0 0 0 0 0 0 0 0 0 0 0 0 0 0 0 0 0 0 0 0 0 0 0 0 1 1 0 0 1 0 0 1 1 0 1 0 0 1 0 0 0 1
1 0 0 0 1 1 0 1 0 0 1 0 0 0 0 0 0 0 0 0 1 0 1 0 1 0 1 0 1 0 1 1 0 1 0 1 0 1 1 1 0 0 0 0 0 1 0 0 0 0 0 0 0 0 1 1 0 0 0 0 0 1 0 1 1 0 0 0 0 1 0 0 0 1 0 1 0 1 10 0 0 10 1 1 0 1 0 10 0 0 1 0 0 0 10
1 0 0 0 1 1 0 0 1 0 1 0 0 0 1 1 1 0 0 1 0 0 0 1 0 0 10 0 1 0 1 0 0 1 1 1 0 1 1 10 0 0 0 0 1 10 0 0 1 1 0 0 0 1 0 0 0 1 0 0 0 0 0 1 0 0 0 0 0 0 0 0 0 0 1 0 0 1 1 1 0 1 0 1 1 0 0 1 0 0 1 0 0 0 1
0 0 0 0 0 0 0 0 1 0 0 1 0 1 0 0 0 0 0 0 0 1 0 0 0 0 0 1 1 1 0 0 0 0 0 0 0 0 1 0 0 0 0 0 0 0 1 0 0 0 0 0 1 0 0 0 1 1 1 0 1 0 0 0 1 1 0 1 0 0 0 1 1 0 0 0 0 1 1 0 0 0 0 0 0 0 0 0 0 0 0 1 0 0 0
10 1 0 0 1 1 1 1 1 0 1 0 1 0 1 0 0 1 1 0 1 0 1 0 10 0 1 0 1 0 1 1 0 1 0 1 0 1 1 1 0 0 0 1 0 1 0 1 0 0 0 0 0 0 1 1 0 0 1 0 0 10 0 10 1 0 1 0 1 1 1 0 0 1 0 1 0 1 10 0 0 10 1 1 10 1 0 0 0 0 1 0 1 1 10
0 0 1 0 0 0 1 0 0 1 0 0 0 0 0 0 0 0 1 1 0 0 0 0 0 0 0 0 0 0 0 0 1 0 0 0 0 0 0 0 0 0 0 0 0 0 0 0 0 0 1 0 0 0 0 0 0 0 0 0 0 0 1 0 1 1 0 0 0 0 0 0 1 0 1 0 0 0 0 0 1 0 0 0 0 0 0 0 0 1 1 0 0 0 0
0 0 1 0 0 0 1 0 0 1 0 0 0 0 0 0 0 0 1 1 0 0 0 0 0 0 0 0 0 0 0 0 1 0 0 0 0 0 0 0 0 0 0 0 0 0 0 0 0 0 1 0 0 0 0 0 0 0 0 0 0 0 1 0 1 1 0 0 0 0 0 0 1 0 1 0 0 0 0 0 1 0 0 0 0 0 0 0 1 0 1 0 0 0 0
1 0 1 0 1 1 1 0 0 1 1 0 0 0 0 0 0 0 1 1 0 0 0 0 0 0 1 0 1 0 1 0 1 1 0 1 0 1 1 1 0 0 0 0 0 1 0 0 0 0 1 0 0 0 0 0 0 0 0 0 0 0 1 0 1 1 0 0 0 0 0 0 1 0 1 0 0 1 1 0 1 1 0 1 1 1 0 1 1 1 0 0 0 0 1
0 0 0 0 0 0 0 0 1 1 1 10 0 1 0 0 0 1 0 0 0 1 1 0 0 0 0 1 1 1 0 0 0 0 0 1 1 0 1 0 1 1 0 0 0 0 1 1 1 0 0 0 1 0 0 0 1 1 1 0 1 0 0 0 1 10 0 1 0 1 0 10 1 1 0 0 1 1 1 0 1 0 0 0 0 0 1 0 0 0 0 0 0 1 1
1 1 0 0 0 0 1 0 1 0 0 0 1 0 1 0 0 1 1 0 0 0 0 0 1 0 0 0 0 0 0 0 0 0 0 0 0 0 0 0 0 0 0 1 0 0 0 1 0 0 0 0 0 0 0 0 0 0 1 0 0 1 0 1 0 0 1 0 1 0 1 0 0 0 0 0 0 0 0 0 0 0 0 0 0 0 0 1 0 0 0 0 0 1 0
1 1 0 1 0 0 1 0 1 10 10 1 1 0 1 0 0 10 1 0 0 0 10 0 1 1 0 0 0 1 1 0 0 0 0 1 1 0 0 0 1 10 1 10 0 0 0 10 10 0 0 1 0 0 0 0 0 1 1 1 0 10 0 1 0 1 1 0 10 1 1 1 0 1 0 0 1 0 0 0 1 1 0 0 0 0 0 1 0 0 0 1 1 0 1
1 0 0 0 1 1 0 1 0 1 10 1 0 0 0 0 0 1 0 0 1 0 10 0 1 0 1 0 1 0 1 1 0 1 0 10 1 1 1 1 1 1 0 0 0 1 0 1 1 0 0 0 0 0 1 1 0 0 0 0 0 1 0 1 1 1 0 0 0 10 0 1 0 10 0 1 1 1 10 0 1 10 1 1 10 1 0 10 0 0 1 1 0 1 0
4
2 15 2
3 8 3
4 9 3
5 1 3
10
2 3 
1 2
2 4
2 3
2 4 
1 4
1 2
2 3
2 5
2 5 
1 2
1 3
1 2
2 2
2 3
1 2 
1 4
1 3
2 4 
1 2
1 2
2 4
2 2
2 4 
1 2
1 2
2 4
2 3
1 2 
1 4
1 3
2 4 
1 2
1 2
2 2
2 3
1 2 
1 4
1 4
2 3 
1 2
1 2
2 4
95 8
2 0 3
1 3
1 2
1 1
1 0
1 0
2 2 3
1 6
3 3 4 5
3 1 2 7
3 0 1 7
2 5 7
1 3
1 5
2 3 4
1 4
1 4
2 3 7
2 2 3
2 2 4
1 6
1 5
3 1 6 7
1 4
2 3 6
1 1
2 0 4
1 5
2 0 5
2 1 5
2 0 1
1 6
1 2
1 0
1 4
2 0 7
1 7
1 0
2 0 5
2 0 4
1 7
2 1 7
1 1
2 1 3
1 4
2 0 4
1 5
2 3 7
3 1 4 7
1 4
1 2
1 1
1 5
1 4
1 6
1 6
1 5
3 1 4 5
2 3 5
1 1
1 5
3 1 3 6
1 2
3 3 4 6
3 2 5 6
3 2 5 7
1 3
1 5
2 1 3
2 6 7
1 3
2 5 7
2 2 5
2 6 7
2 2 4
1 6
1 7
2 0 5
3 0 5 6
1 4
2 2 7
3 0 1 6
1 6
1 0
2 0 6
2 0 4
1 5
3 0 3 6
1 2
1 2
2 0 2
2 5 7
1 3
3 1 3 7
3 0 6 7
95 141
4 102 112 22 27
4 125 127 51 83
2 28 41
1 42
2 23 34
3 127 43 85
3 17 66 68
1 126
1 121
2 73 90
2 31 86
1 124
1 114
1 89
2 121 61
2 111 124
2 39 95
1 109
2 124 127
2 11 35
1 33
1 64
2 126 56
1 72
3 110 24 74
1 44
1 100
1 16
2 13 80
4 103 115 116 45
1 48
1 113
3 0 120 99
1 127
2 116 125
2 117 126
1 62
2 18 70
1 122
1 65
2 123 58
2 126 57
1 59
2 10 26
3 123 9 93
1 5
2 76 8
3 117 124 71
1 69
3 122 125 92
3 3 32 94
4 115 125 15 53
1 113
3 114 12 63
1 4
2 14 40
1 98
1 52
2 124 49
2 1 50
3 101 107 81
1 30
2 118 67
1 78
1 37
2 123 19
1 88
1 118
4 126 7 82 96
1 119
2 127 29
2 127 21
1 25
4 105 119 125 60
1 47
1 54
2 6 91
1 97
1 106
2 36 55
1 2
1 127
3 108 79 87
3 104 120 46
1 38
1 122
3 121 20 84
3 123 75 77
1 126
3 128 129 130
1 131
1 132
3 133 134 135
3 136 137 138
2 139 140
