84
0 0 1 0 1 1 1 0 0 1 0 1 0 0 1 1 0 0 0 0 0 0 0 1 0 1 0 0 0 0 0 0 1 0 0 0 0 0 0 0 0 1 0 0 0 0 0 0 0 0 0 0 1 0 0 0 0 0 1 1 0 0 1 0 0 0 0 0 0 0 0 0 0 0 0 0 0 0 0 1 0 1 1 1
0 0 1 0 1 0 0 1 0 1 1 0 10 0 0 0 10 0 0 0 0 1 1 0 0 0 0 1 1 0 1 0 0 0 0 1 0 0 1 0 0 0 1 1 1 1 0 10 0 0 1 1 1 10 1 1 0 1 0 0 0 1 1 0 10 0 1 1 0 1 10 10 0 0 10 1 0 10 1 0 1 0 0 0
1 1 0 0 1 1 1 1 0 1 0 1 1 0 1 1 1 0 0 0 0 1 0 1 0 1 0 0 0 0 1 0 1 0 0 0 0 0 1 0 0 1 0 1 0 0 0 1 0 0 1 0 10 1 0 0 0 0 1 1 0 1 10 0 1 0 1 0 0 0 1 1 0 0 1 0 0 1 1 1 1 1 1 1
0 0 0 0 0 1 0 0 0 0 0 0 0 1 1 0 1 0 0 1 0 0 0 0 0 0 1 0 0 0 1 0 0 0 0 0 1 0 1 0 1 0 0 1 0 0 1 0 1 1 0 0 0 0 1 0 0 0 0 0 1 0 0 0 0 1 0 1 0 0 0 0 0 0 0 0 1 0 0 0 0 1 0 0
1 1 1 0 0 1 1 0 0 10 1 1 1 0 1 1 1 0 0 0 0 0 1 1 0 1 0 1 1 0 0 0 1 0 0 1 0 0 0 0 0 1 1 0 1 1 0 1 0 0 0 1 1 1 1 1 0 1 1 1 0 0 1 0 1 0 0 1 0 1 1 1 0 0 1 1 0 1 0 1 0 1 1 1
1 0 1 1 1 0 1 1 1 1 1 1 0 1 10 1 1 1 0 1 1 1 0 1 1 1 1 0 0 0 1 0 1 0 1 0 1 1 1 0 1 1 0 1 0 0 1 0 1 1 0 0 1 0 1 0 0 0 1 1 1 0 1 0 1 10 0 1 0 0 0 0 0 0 1 0 1 0 1 10 0 100 1 10
1 0 1 0 1 1 0 0 0 1 1 1 0 0 1 1 0 0 0 0 0 0 0 1 0 1 0 0 0 1 0 1 10 1 0 0 1 0 1 1 1 1 1 0 0 1 0 0 1 0 0 1 1 0 0 0 1 0 1 1 0 0 1 1 0 0 0 0 1 0 0 0 0 1 0 0 1 0 0 1 1 1 1 1
0 1 1 0 0 1 0 0 1 0 1 0 1 0 0 0 1 1 0 0 1 10 0 0 1 0 0 0 0 0 1 0 0 0 1 0 0 1 1 0 0 0 0 1 0 0 0 1 0 0 1 0 1 1 0 0 0 0 0 0 0 1 1 0 10 1 1 0 0 0 1 1 0 0 10 0 0 1 10 1 1 1 0 1
0 0 0 0 0 1 0 1 0 0 1 0 0 1 0 0 0 1 1 0 1 10 0 0 1 0 1 0 0 0 0 1 0 1 10 0 0 1 0 1 0 0 1 0 1 0 0 1 0 0 0 1 0 1 1 1 0 0 0 0 0 0 0 0 1 1 0 0 0 1 1 0 1 0 1 0 0 0 1 1 0 1 0 1
1 1 1 0 10 1 1 0 0 0 1 1 1 0 1 1 1 0 0 0 0 0 1 1 0 1 0 1 1 0 0 0 1 0 0 1 0 0 0 0 0 1 1 0 1 1 0 1 0 0 0 1 1 1 1 1 0 1 1 1 0 0 1 0 1 0 0 1 0 1 1 1 0 0 1 1 0 1 0 1 0 1 1 1
0 1 0 0 1 1 1 1 1 1 0 0 1 0 0 0 1 1 0 0 1 1 1 0 1 0 0 1 1 1 0 1 1 1 1 1 1 1 1 1 1 0 10 0 1 10 0 1 1 0 0 10 0 1 1 1 1 1 0 0 0 0 0 1 10 1 0 1 1 1 1 1 0 1 10 1 1 1 1 1 1 1 0 1
1 0 1 0 1 1 1 0 0 1 0 0 0 0 1 1 0 0 0 0 0 0 0 1 0 1 0 0 0 0 0 0 1 0 0 0 0 0 0 0 0 1 0 0 0 0 0 0 0 0 0 0 1 0 0 0 0 0 1 1 0 0 1 0 0 0 0 0 0 0 0 0 0 0 0 0 0 0 0 1 0 1 1 1
0 10 1 0 1 0 0 1 0 1 1 0 0 0 0 0 10 0 0 0 0 1 1 0 0 0 0 1 1 0 1 0 0 0 0 1 0 0 1 0 0 0 1 1 1 1 0 10 0 0 1 1 1 10 1 1 0 1 0 0 0 1 1 0 10 0 1 1 0 1 10 10 0 0 10 1 0 10 1 0 1 0 0 0
0 0 0 1 0 1 0 0 1 0 0 0 0 0 1 0 1 0 1 1 0 1 0 0 0 0 10 0 0 0 1 1 0 1 1 0 1 0 1 1 1 0 1 1 1 0 1 1 1 1 0 1 0 1 10 1 0 0 0 0 1 0 0 0 0 1 0 1 0 1 1 0 1 0 0 0 1 0 0 0 0 1 0 0
1 0 1 1 1 10 1 0 0 1 0 1 0 1 0 1 1 0 0 1 0 0 0 1 0 1 1 0 0 0 1 0 1 0 0 0 1 0 1 0 1 1 0 1 0 0 1 0 1 1 0 0 1 0 1 0 0 0 1 1 1 0 1 0 0 1 0 1 0 0 0 0 0 0 0 0 1 0 0 1 0 10 1 1
1 0 1 0 1 1 1 0 0 1 0 1 0 0 1 0 0 0 0 0 0 0 0 1 0 1 0 0 0 0 0 0 1 0 0 0 0 0 0 0 0 1 0 0 0 0 0 0 0 0 0 0 1 0 0 0 0 0 1 1 0 0 1 0 0 0 0 0 0 0 0 0 0 0 0 0 0 0 0 1 0 1 1 1
0 10 1 1 1 1 0 1 0 1 1 0 10 1 1 0 0 0 0 1 0 1 1 0 0 0 1 1 1 0 10 0 0 0 0 1 1 0 10 0 1 0 1 10 1 1 1 10 1 1 1 1 1 10 10 1 0 1 0 0 1 1 1 0 10 1 1 10 0 1 10 10 0 0 10 1 1 10 1 0 1 1 0 0
0 0 0 0 0 1 0 1 1 0 1 0 0 0 0 0 0 0 0 0 1 1 0 0 1 0 0 0 0 0 0 0 0 0 1 0 0 1 0 0 0 0 0 0 0 0 0 0 0 0 0 0 0 0 0 0 0 0 0 0 0 0 0 0 1 1 0 0 0 0 0 0 0 0 1 0 0 0 1 1 0 1 0 1
0 0 0 0 0 0 0 0 1 0 0 0 0 1 0 0 0 0 0 0 0 1 0 0 0 0 1 0 0 0 0 1 0 1 1 0 0 0 0 1 0 0 1 0 1 0 0 1 0 0 0 1 0 1 1 1 0 0 0 0 0 0 0 0 0 0 0 0 0 1 1 0 1 0 0 0 0 0 0 0 0 0 0 0
0 0 0 1 0 1 0 0 0 0 0 0 0 1 1 0 1 0 0 0 0 0 0 0 0 0 1 0 0 0 1 0 0 0 0 0 1 0 1 0 1 0 0 1 0 0 1 0 1 1 0 0 0 0 1 0 0 0 0 0 1 0 0 0 0 1 0 1 0 0 0 0 0 0 0 0 1 0 0 0 0 1 0 0
0 0 0 0 0 1 0 1 1 0 1 0 0 0 0 0 0 1 0 0 0 1 0 0 1 0 0 0 0 0 0 0 0 0 1 0 0 1 0 0 0 0 0 0 0 0 0 0 0 0 0 0 0 0 0 0 0 0 0 0 0 0 0 0 1 1 0 0 0 0 0 0 0 0 1 0 0 0 1 1 0 1 0 1
0 1 1 0 0 1 0 10 10 0 1 0 1 1 0 0 1 1 1 0 1 0 0 0 1 0 1 0 0 0 1 1 0 1 10 0 0 1 1 1 0 0 1 1 1 0 0 10 0 0 1 1 1 10 1 1 0 0 0 0 0 1 1 0 10 1 1 0 0 1 10 1 1 0 10 0 0 1 10 1 1 1 0 1
0 1 0 0 1 0 0 0 0 1 1 0 1 0 0 0 1 0 0 0 0 0 0 0 0 0 0 1 1 0 0 0 0 0 0 1 0 0 0 0 0 0 1 0 1 1 0 1 0 0 0 1 0 1 1 1 0 1 0 0 0 0 0 0 1 0 0 1 0 1 1 1 0 0 1 1 0 1 0 0 0 0 0 0
1 0 1 0 1 1 1 0 0 1 0 1 0 0 1 1 0 0 0 0 0 0 0 0 0 1 0 0 0 0 0 0 1 0 0 0 0 0 0 0 0 1 0 0 0 0 0 0 0 0 0 0 1 0 0 0 0 0 1 1 0 0 1 0 0 0 0 0 0 0 0 0 0 0 0 0 0 0 0 1 0 1 1 1
0 0 0 0 0 1 0 1 1 0 1 0 0 0 0 0 0 1 0 0 1 1 0 0 0 0 0 0 0 0 0 0 0 0 1 0 0 1 0 0 0 0 0 0 0 0 0 0 0 0 0 0 0 0 0 0 0 0 0 0 0 0 0 0 1 1 0 0 0 0 0 0 0 0 1 0 0 0 1 1 0 1 0 1
1 0 1 0 1 1 1 0 0 1 0 1 0 0 1 1 0 0 0 0 0 0 0 1 0 0 0 0 0 0 0 0 1 0 0 0 0 0 0 0 0 1 0 0 0 0 0 0 0 0 0 0 1 0 0 0 0 0 1 1 0 0 1 0 0 0 0 0 0 0 0 0 0 0 0 0 0 0 0 1 0 1 1 1
0 0 0 1 0 1 0 0 1 0 0 0 0 10 1 0 1 0 1 1 0 1 0 0 0 0 0 0 0 0 1 1 0 1 1 0 1 0 1 1 1 0 1 1 1 0 1 1 1 1 0 1 0 1 10 1 0 0 0 0 1 0 0 0 0 1 0 1 0 1 1 0 1 0 0 0 1 0 0 0 0 1 0 0
0 1 0 0 1 0 0 0 0 1 1 0 1 0 0 0 1 0 0 0 0 0 1 0 0 0 0 0 1 0 0 0 0 0 0 1 0 0 0 0 0 0 1 0 1 1 0 1 0 0 0 1 0 1 1 1 0 1 0 0 0 0 0 0 1 0 0 1 0 1 1 1 0 0 1 1 0 1 0 0 0 0 0 0
0 1 0 0 1 0 0 0 0 1 1 0 1 0 0 0 1 0 0 0 0 0 1 0 0 0 0 1 0 0 0 0 0 0 0 1 0 0 0 0 0 0 1 0 1 1 0 1 0 0 0 1 0 1 1 1 0 1 0 0 0 0 0 0 1 0 0 1 0 1 1 1 0 0 1 1 0 1 0 0 0 0 0 0
0 0 0 0 0 0 1 0 0 0 1 0 0 0 0 0 0 0 0 0 0 0 0 0 0 0 0 0 0 0 0 1 1 1 0 0 1 0 1 1 1 0 1 0 0 1 0 0 1 0 0 1 0 0 0 0 1 0 0 0 0 0 0 1 0 0 0 0 1 0 0 0 0 1 0 0 1 0 0 0 1 0 0 0
0 1 1 1 0 1 0 1 0 0 0 0 1 1 1 0 10 0 0 1 0 1 0 0 0 0 1 0 0 0 0 0 0 0 0 0 1 0 10 0 1 0 0 10 0 0 1 1 1 1 1 0 1 1 1 0 0 0 0 0 1 1 1 0 1 1 1 1 0 0 1 1 0 0 1 0 1 1 1 0 1 1 0 0
0 0 0 0 0 0 1 0 1 0 1 0 0 1 0 0 0 0 1 0 0 1 0 0 0 0 1 0 0 1 0 0 1 10 1 0 1 0 1 10 1 0 10 0 1 1 0 1 1 0 0 10 0 1 1 1 1 0 0 0 0 0 0 1 0 0 0 0 1 1 1 0 1 1 0 0 1 0 0 0 1 0 0 0
1 0 1 0 1 1 10 0 0 1 1 1 0 0 1 1 0 0 0 0 0 0 0 1 0 1 0 0 0 1 0 1 0 1 0 0 1 0 1 1 1 1 1 0 0 1 0 0 1 0 0 1 1 0 0 0 1 0 1 1 0 0 1 1 0 0 0 0 1 0 0 0 0 1 0 0 1 0 0 1 1 1 1 1
0 0 0 0 0 0 1 0 1 0 1 0 0 1 0 0 0 0 1 0 0 1 0 0 0 0 1 0 0 1 0 10 1 0 1 0 1 0 1 10 1 0 10 0 1 1 0 1 1 0 0 10 0 1 1 1 1 0 0 0 0 0 0 1 0 0 0 0 1 1 1 0 1 1 0 0 1 0 0 0 1 0 0 0
0 0 0 0 0 1 0 1 10 0 1 0 0 1 0 0 0 1 1 0 1 10 0 0 1 0 1 0 0 0 0 1 0 1 0 0 0 1 0 1 0 0 1 0 1 0 0 1 0 0 0 1 0 1 1 1 0 0 0 0 0 0 0 0 1 1 0 0 0 1 1 0 1 0 1 0 0 0 1 1 0 1 0 1
0 1 0 0 1 0 0 0 0 1 1 0 1 0 0 0 1 0 0 0 0 0 1 0 0 0 0 1 1 0 0 0 0 0 0 0 0 0 0 0 0 0 1 0 1 1 0 1 0 0 0 1 0 1 1 1 0 1 0 0 0 0 0 0 1 0 0 1 0 1 1 1 0 0 1 1 0 1 0 0 0 0 0 0
0 0 0 1 0 1 1 0 0 0 1 0 0 1 1 0 1 0 0 1 0 0 0 0 0 0 1 0 0 1 1 1 1 1 0 0 0 0 10 1 10 0 1 1 0 1 1 0 10 1 0 1 0 0 1 0 1 0 0 0 1 0 0 1 0 1 0 1 1 0 0 0 0 1 0 0 10 0 0 0 1 1 0 0
0 0 0 0 0 1 0 1 1 0 1 0 0 0 0 0 0 1 0 0 1 1 0 0 1 0 0 0 0 0 0 0 0 0 1 0 0 0 0 0 0 0 0 0 0 0 0 0 0 0 0 0 0 0 0 0 0 0 0 0 0 0 0 0 1 1 0 0 0 0 0 0 0 0 1 0 0 0 1 1 0 1 0 1
0 1 1 1 0 1 1 1 0 0 1 0 1 1 1 0 10 0 0 1 0 1 0 0 0 0 1 0 0 1 10 1 1 1 0 0 10 0 0 1 10 0 1 10 0 1 1 1 10 1 1 1 1 1 1 0 1 0 0 0 1 1 1 1 1 1 1 1 1 0 1 1 0 1 1 0 10 1 1 0 10 1 0 0
0 0 0 0 0 0 1 0 1 0 1 0 0 1 0 0 0 0 1 0 0 1 0 0 0 0 1 0 0 1 0 10 1 10 1 0 1 0 1 0 1 0 10 0 1 1 0 1 1 0 0 10 0 1 1 1 1 0 0 0 0 0 0 1 0 0 0 0 1 1 1 0 1 1 0 0 1 0 0 0 1 0 0 0
0 0 0 1 0 1 1 0 0 0 1 0 0 1 1 0 1 0 0 1 0 0 0 0 0 0 1 0 0 1 1 1 1 1 0 0 10 0 10 1 0 0 1 1 0 1 1 0 10 1 0 1 0 0 1 0 1 0 0 0 1 0 0 1 0 1 0 1 1 0 0 0 0 1 0 0 10 0 0 0 1 1 0 0
1 0 1 0 1 1 1 0 0 1 0 1 0 0 1 1 0 0 0 0 0 0 0 1 0 1 0 0 0 0 0 0 1 0 0 0 0 0 0 0 0 0 0 0 0 0 0 0 0 0 0 0 1 0 0 0 0 0 1 1 0 0 1 0 0 0 0 0 0 0 0 0 0 0 0 0 0 0 0 1 0 1 1 1
0 1 0 0 1 0 1 0 1 1 10 0 1 1 0 0 1 0 1 0 0 1 1 0 0 0 1 1 1 1 0 10 1 10 1 1 1 0 1 10 1 0 0 0 10 10 0 10 1 0 0 100 0 10 10 10 1 1 0 0 0 0 0 1 1 0 0 1 1 10 10 1 1 1 1 1 1 1 0 0 1 0 0 0
0 1 1 1 0 1 0 1 0 0 0 0 1 1 1 0 10 0 0 1 0 1 0 0 0 0 1 0 0 0 10 0 0 0 0 0 1 0 10 0 1 0 0 0 0 0 1 1 1 1 1 0 1 1 1 0 0 0 0 0 1 1 1 0 1 1 1 1 0 0 1 1 0 0 1 0 1 1 1 0 1 1 0 0
0 1 0 0 1 0 0 0 1 1 1 0 1 1 0 0 1 0 1 0 0 1 1 0 0 0 1 1 1 0 0 1 0 1 1 1 0 0 0 1 0 0 10 0 0 1 0 10 0 0 0 10 0 10 10 10 0 1 0 0 0 0 0 0 1 0 0 1 0 10 10 1 1 0 1 1 0 1 0 0 0 0 0 0
0 1 0 0 1 0 1 0 0 1 10 0 1 0 0 0 1 0 0 0 0 0 1 0 0 0 0 1 1 1 0 1 1 1 0 1 1 0 1 1 1 0 10 0 1 0 0 1 1 0 0 10 0 1 1 1 1 1 0 0 0 0 0 1 1 0 0 1 1 1 1 1 0 1 1 1 1 1 0 0 1 0 0 0
0 0 0 1 0 1 0 0 0 0 0 0 0 1 1 0 1 0 0 1 0 0 0 0 0 0 1 0 0 0 1 0 0 0 0 0 1 0 1 0 1 0 0 1 0 0 0 0 1 1 0 0 0 0 1 0 0 0 0 0 1 0 0 0 0 1 0 1 0 0 0 0 0 0 0 0 1 0 0 0 0 1 0 0
0 10 1 0 1 0 0 1 1 1 1 0 10 1 0 0 10 0 1 0 0 10 1 0 0 0 1 1 1 0 1 1 0 1 1 1 0 0 1 1 0 0 10 1 10 1 0 0 0 0 1 10 1 100 10 10 0 1 0 0 0 1 1 0 10 0 1 1 0 10 100 10 1 0 10 1 0 10 1 0 1 0 0 0
0 0 0 1 0 1 1 0 0 0 1 0 0 1 1 0 1 0 0 1 0 0 0 0 0 0 1 0 0 1 1 1 1 1 0 0 10 0 10 1 10 0 1 1 0 1 1 0 0 1 0 1 0 0 1 0 1 0 0 0 1 0 0 1 0 1 0 1 1 0 0 0 0 1 0 0 10 0 0 0 1 1 0 0
0 0 0 1 0 1 0 0 0 0 0 0 0 1 1 0 1 0 0 1 0 0 0 0 0 0 1 0 0 0 1 0 0 0 0 0 1 0 1 0 1 0 0 1 0 0 1 0 1 0 0 0 0 0 1 0 0 0 0 0 1 0 0 0 0 1 0 1 0 0 0 0 0 0 0 0 1 0 0 0 0 1 0 0
0 1 1 0 0 0 0 1 0 0 0 0 1 0 0 0 1 0 0 0 0 1 0 0 0 0 0 0 0 0 1 0 0 0 0 0 0 0 1 0 0 0 0 1 0 0 0 1 0 0 0 0 1 1 0 0 0 0 0 0 0 1 1 0 1 0 1 0 0 0 1 1 0 0 1 0 0 1 1 0 1 0 0 0
0 1 0 0 1 0 1 0 1 1 10 0 1 1 0 0 1 0 1 0 0 1 1 0 0 0 1 1 1 1 0 10 1 10 1 1 1 0 1 10 1 0 100 0 10 10 0 10 1 0 0 0 0 10 10 10 1 1 0 0 0 0 0 1 1 0 0 1 1 10 10 1 1 1 1 1 1 1 0 0 1 0 0 0
1 1 10 0 1 1 1 1 0 1 0 1 1 0 1 1 1 0 0 0 0 1 0 1 0 1 0 0 0 0 1 0 1 0 0 0 0 0 1 0 0 1 0 1 0 0 0 1 0 0 1 0 0 1 0 0 0 0 1 1 0 1 10 0 1 0 1 0 0 0 1 1 0 0 1 0 0 1 1 1 1 1 1 1
0 10 1 0 1 0 0 1 1 1 1 0 10 1 0 0 10 0 1 0 0 10 1 0 0 0 1 1 1 0 1 1 0 1 1 1 0 0 1 1 0 0 10 1 10 1 0 100 0 0 1 10 1 0 10 10 0 1 0 0 0 1 1 0 10 0 1 1 0 10 100 10 1 0 10 1 0 10 1 0 1 0 0 0
0 1 0 1 1 1 0 0 1 1 1 0 1 10 1 0 10 0 1 1 0 1 1 0 0 0 10 1 1 0 1 1 0 1 1 1 1 0 1 1 1 0 10 1 10 1 1 10 1 1 0 10 0 10 0 10 0 1 0 0 1 0 0 0 1 1 0 10 0 10 10 1 1 0 1 1 1 1 0 0 0 1 0 0
0 1 0 0 1 0 0 0 1 1 1 0 1 1 0 0 1 0 1 0 0 1 1 0 0 0 1 1 1 0 0 1 0 1 1 1 0 0 0 1 0 0 10 0 10 1 0 10 0 0 0 10 0 10 10 0 0 1 0 0 0 0 0 0 1 0 0 1 0 10 10 1 1 0 1 1 0 1 0 0 0 0 0 0
0 0 0 0 0 0 1 0 0 0 1 0 0 0 0 0 0 0 0 0 0 0 0 0 0 0 0 0 0 1 0 1 1 1 0 0 1 0 1 1 1 0 1 0 0 1 0 0 1 0 0 1 0 0 0 0 0 0 0 0 0 0 0 1 0 0 0 0 1 0 0 0 0 1 0 0 1 0 0 0 1 0 0 0
0 1 0 0 1 0 0 0 0 1 1 0 1 0 0 0 1 0 0 0 0 0 1 0 0 0 0 1 1 0 0 0 0 0 0 1 0 0 0 0 0 0 1 0 1 1 0 1 0 0 0 1 0 1 1 1 0 0 0 0 0 0 0 0 1 0 0 1 0 1 1 1 0 0 1 1 0 1 0 0 0 0 0 0
1 0 1 0 1 1 1 0 0 1 0 1 0 0 1 1 0 0 0 0 0 0 0 1 0 1 0 0 0 0 0 0 1 0 0 0 0 0 0 0 0 1 0 0 0 0 0 0 0 0 0 0 1 0 0 0 0 0 0 1 0 0 1 0 0 0 0 0 0 0 0 0 0 0 0 0 0 0 0 1 0 1 1 1
1 0 1 0 1 1 1 0 0 1 0 1 0 0 1 1 0 0 0 0 0 0 0 1 0 1 0 0 0 0 0 0 1 0 0 0 0 0 0 0 0 1 0 0 0 0 0 0 0 0 0 0 1 0 0 0 0 0 1 0 0 0 1 0 0 0 0 0 0 0 0 0 0 0 0 0 0 0 0 1 0 1 1 1
0 0 0 1 0 1 0 0 0 0 0 0 0 1 1 0 1 0 0 1 0 0 0 0 0 0 1 0 0 0 1 0 0 0 0 0 1 0 1 0 1 0 0 1 0 0 1 0 1 1 0 0 0 0 1 0 0 0 0 0 0 0 0 0 0 1 0 1 0 0 0 0 0 0 0 0 1 0 0 0 0 1 0 0
0 1 1 0 0 0 0 1 0 0 0 0 1 0 0 0 1 0 0 0 0 1 0 0 0 0 0 0 0 0 1 0 0 0 0 0 0 0 1 0 0 0 0 1 0 0 0 1 0 0 1 0 1 1 0 0 0 0 0 0 0 0 1 0 1 0 1 0 0 0 1 1 0 0 1 0 0 1 1 0 1 0 0 0
1 1 10 0 1 1 1 1 0 1 0 1 1 0 1 1 1 0 0 0 0 1 0 1 0 1 0 0 0 0 1 0 1 0 0 0 0 0 1 0 0 1 0 1 0 0 0 1 0 0 1 0 10 1 0 0 0 0 1 1 0 1 0 0 1 0 1 0 0 0 1 1 0 0 1 0 0 1 1 1 1 1 1 1
0 0 0 0 0 0 1 0 0 0 1 0 0 0 0 0 0 0 0 0 0 0 0 0 0 0 0 0 0 1 0 1 1 1 0 0 1 0 1 1 1 0 1 0 0 1 0 0 1 0 0 1 0 0 0 0 1 0 0 0 0 0 0 0 0 0 0 0 1 0 0 0 0 1 0 0 1 0 0 0 1 0 0 0
0 10 1 0 1 1 0 10 1 1 10 0 10 0 0 0 10 1 0 0 1 10 1 0 1 0 0 1 1 0 1 0 0 0 1 1 0 1 1 0 0 0 1 1 1 1 0 10 0 0 1 1 1 10 1 1 0 1 0 0 0 1 1 0 0 1 1 1 0 1 10 10 0 0 100 1 0 10 10 1 1 1 0 1
0 0 0 1 0 10 0 1 1 0 1 0 0 1 1 0 1 1 0 1 1 1 0 0 1 0 1 0 0 0 1 0 0 0 1 0 1 1 1 0 1 0 0 1 0 0 1 0 1 1 0 0 0 0 1 0 0 0 0 0 1 0 0 0 1 0 0 1 0 0 0 0 0 0 1 0 1 0 1 1 0 10 0 1
0 1 1 0 0 0 0 1 0 0 0 0 1 0 0 0 1 0 0 0 0 1 0 0 0 0 0 0 0 0 1 0 0 0 0 0 0 0 1 0 0 0 0 1 0 0 0 1 0 0 1 0 1 1 0 0 0 0 0 0 0 1 1 0 1 0 0 0 0 0 1 1 0 0 1 0 0 1 1 0 1 0 0 0
0 1 0 1 1 1 0 0 0 1 1 0 1 1 1 0 10 0 0 1 0 0 1 0 0 0 1 1 1 0 1 0 0 0 0 1 1 0 1 0 1 0 1 1 1 1 1 1 1 1 0 1 0 1 10 1 0 1 0 0 1 0 0 0 1 1 0 0 0 1 1 1 0 0 1 1 1 1 0 0 0 1 0 0
0 0 0 0 0 0 1 0 0 0 1 0 0 0 0 0 0 0 0 0 0 0 0 0 0 0 0 0 0 1 0 1 1 1 0 0 1 0 1 1 1 0 1 0 0 1 0 0 1 0 0 1 0 0 0 0 1 0 0 0 0 0 0 1 0 0 0 0 0 0 0 0 0 1 0 0 1 0 0 0 1 0 0 0
0 1 0 0 1 0 0 0 1 1 1 0 1 1 0 0 1 0 1 0 0 1 1 0 0 0 1 1 1 0 0 1 0 1 1 1 0 0 0 1 0 0 10 0 10 1 0 10 0 0 0 10 0 10 10 10 0 1 0 0 0 0 0 0 1 0 0 1 0 0 10 1 1 0 1 1 0 1 0 0 0 0 0 0
0 10 1 0 1 0 0 1 1 1 1 0 10 1 0 0 10 0 1 0 0 10 1 0 0 0 1 1 1 0 1 1 0 1 1 1 0 0 1 1 0 0 10 1 10 1 0 100 0 0 1 10 1 100 10 10 0 1 0 0 0 1 1 0 10 0 1 1 0 10 0 10 1 0 10 1 0 10 1 0 1 0 0 0
0 10 1 0 1 0 0 1 0 1 1 0 10 0 0 0 10 0 0 0 0 1 1 0 0 0 0 1 1 0 1 0 0 0 0 1 0 0 1 0 0 0 1 1 1 1 0 10 0 0 1 1 1 10 1 1 0 1 0 0 0 1 1 0 10 0 1 1 0 1 10 0 0 0 10 1 0 10 1 0 1 0 0 0
0 0 0 0 0 0 0 0 1 0 0 0 0 1 0 0 0 0 1 0 0 1 0 0 0 0 1 0 0 0 0 1 0 1 1 0 0 0 0 1 0 0 1 0 1 0 0 1 0 0 0 1 0 1 1 1 0 0 0 0 0 0 0 0 0 0 0 0 0 1 1 0 0 0 0 0 0 0 0 0 0 0 0 0
0 0 0 0 0 0 1 0 0 0 1 0 0 0 0 0 0 0 0 0 0 0 0 0 0 0 0 0 0 1 0 1 1 1 0 0 1 0 1 1 1 0 1 0 0 1 0 0 1 0 0 1 0 0 0 0 1 0 0 0 0 0 0 1 0 0 0 0 1 0 0 0 0 0 0 0 1 0 0 0 1 0 0 0
0 10 1 0 1 1 0 10 1 1 10 0 10 0 0 0 10 1 0 0 1 10 1 0 1 0 0 1 1 0 1 0 0 0 1 1 0 1 1 0 0 0 1 1 1 1 0 10 0 0 1 1 1 10 1 1 0 1 0 0 0 1 1 0 100 1 1 1 0 1 10 10 0 0 0 1 0 10 10 1 1 1 0 1
0 1 0 0 1 0 0 0 0 1 1 0 1 0 0 0 1 0 0 0 0 0 1 0 0 0 0 1 1 0 0 0 0 0 0 1 0 0 0 0 0 0 1 0 1 1 0 1 0 0 0 1 0 1 1 1 0 1 0 0 0 0 0 0 1 0 0 1 0 1 1 1 0 0 1 0 0 1 0 0 0 0 0 0
0 0 0 1 0 1 1 0 0 0 1 0 0 1 1 0 1 0 0 1 0 0 0 0 0 0 1 0 0 1 1 1 1 1 0 0 10 0 10 1 10 0 1 1 0 1 1 0 10 1 0 1 0 0 1 0 1 0 0 0 1 0 0 1 0 1 0 1 1 0 0 0 0 1 0 0 0 0 0 0 1 1 0 0
0 10 1 0 1 0 0 1 0 1 1 0 10 0 0 0 10 0 0 0 0 1 1 0 0 0 0 1 1 0 1 0 0 0 0 1 0 0 1 0 0 0 1 1 1 1 0 10 0 0 1 1 1 10 1 1 0 1 0 0 0 1 1 0 10 0 1 1 0 1 10 10 0 0 10 1 0 0 1 0 1 0 0 0
0 1 1 0 0 1 0 10 1 0 1 0 1 0 0 0 1 1 0 0 1 10 0 0 1 0 0 0 0 0 1 0 0 0 1 0 0 1 1 0 0 0 0 1 0 0 0 1 0 0 1 0 1 1 0 0 0 0 0 0 0 1 1 0 10 1 1 0 0 0 1 1 0 0 10 0 0 1 0 1 1 1 0 1
1 0 1 0 1 10 1 1 1 1 1 1 0 0 1 1 0 1 0 0 1 1 0 1 1 1 0 0 0 0 0 0 1 0 1 0 0 1 0 0 0 1 0 0 0 0 0 0 0 0 0 0 1 0 0 0 0 0 1 1 0 0 1 0 1 1 0 0 0 0 0 0 0 0 1 0 0 0 1 0 0 10 1 10
0 1 1 0 0 0 1 1 0 0 1 0 1 0 0 0 1 0 0 0 0 1 0 0 0 0 0 0 0 1 1 1 1 1 0 0 1 0 10 1 1 0 1 1 0 1 0 1 1 0 1 1 1 1 0 0 1 0 0 0 0 1 1 1 1 0 1 0 1 0 1 1 0 1 1 0 1 1 1 0 0 0 0 0
1 0 1 1 1 100 1 1 1 1 1 1 0 1 10 1 1 1 0 1 1 1 0 1 1 1 1 0 0 0 1 0 1 0 1 0 1 1 1 0 1 1 0 1 0 0 1 0 1 1 0 0 1 0 1 0 0 0 1 1 1 0 1 0 1 10 0 1 0 0 0 0 0 0 1 0 1 0 1 10 0 0 1 10
1 0 1 0 1 1 1 0 0 1 0 1 0 0 1 1 0 0 0 0 0 0 0 1 0 1 0 0 0 0 0 0 1 0 0 0 0 0 0 0 0 1 0 0 0 0 0 0 0 0 0 0 1 0 0 0 0 0 1 1 0 0 1 0 0 0 0 0 0 0 0 0 0 0 0 0 0 0 0 1 0 1 0 1
1 0 1 0 1 10 1 1 1 1 1 1 0 0 1 1 0 1 0 0 1 1 0 1 1 1 0 0 0 0 0 0 1 0 1 0 0 1 0 0 0 1 0 0 0 0 0 0 0 0 0 0 1 0 0 0 0 0 1 1 0 0 1 0 1 1 0 0 0 0 0 0 0 0 1 0 0 0 1 10 0 10 1 0
4
3 1 3
4 11 3
5 5 3
6 2 3
5
2 6 
1 3
1 4
1 4
2 5
2 5
2 5
2 5 
1 4
1 4
1 4
2 5
2 5
2 4 
1 4
1 4
2 4
2 4
1 2 
1 6
1 6
1 2 
1 4
1 4
84 7
1 5
2 2 3
2 2 5
1 6
2 3 5
3 4 5 6
2 1 5
2 2 4
2 0 4
2 3 5
3 1 3 4
1 5
2 2 3
2 0 6
2 5 6
1 5
3 2 3 6
1 4
1 0
1 6
1 4
3 0 2 4
1 3
1 5
1 4
1 5
2 0 6
1 3
1 3
1 1
2 2 6
2 0 1
2 1 5
2 0 1
2 0 4
1 3
2 1 6
1 4
3 1 2 6
2 0 1
2 1 6
1 5
3 0 1 3
2 2 6
2 0 3
2 1 3
1 6
3 0 2 3
2 1 6
1 6
1 2
3 0 1 3
2 2 5
3 0 2 3
3 0 3 6
2 0 3
1 1
1 3
1 5
1 5
1 6
1 2
2 2 5
1 1
3 2 3 4
2 4 6
1 2
2 3 6
1 1
2 0 3
3 0 2 3
2 2 3
1 0
1 1
3 2 3 4
1 3
2 1 6
2 2 3
2 2 4
2 4 5
2 1 2
3 4 5 6
1 5
2 4 5
84 141
2 13 85
1 100
1 73
4 33 76 89 95
2 43 78
1 88
2 1 62
2 107 11
2 106 39
3 104 25 8
1 5
3 105 35 59
2 107 51
2 21 28
3 105 19 22
2 102 84
3 14 37 68
2 46 49
1 40
2 106 20
3 0 27 3
2 45 66
1 29
3 24 52 96
3 101 92 97
2 41 42
3 34 48 54
3 106 63 71
4 12 2 74 99
1 50
1 69
2 102 103
1 91
1 99
3 104 6 75
3 67 72 83
2 82 87
2 61 80
1 94
4 107 16 81 90
1 10
2 15 30
1 18
1 9
1 64
2 107 70
1 86
2 23 36
1 31
1 57
3 100 103 77
1 101
2 4 93
1 107
1 17
2 60 7
1 56
2 32 53
1 65
1 79
2 55 58
1 26
1 38
1 98
1 44
2 108 47
3 109 110 111
1 112
2 113 114
1 115
2 116 117
2 118 119
2 120 121
2 122 123
2 124 125
1 126
3 127 128 129
1 130
1 131
1 132
2 133 134
1 135
1 136
4 137 138 139 140
