20
0 1 1 0 1 0 0 0 0 0 1 1 0 1 1 0 0 0 0 1
1 0 1 0 1 0 0 0 0 0 1 1 0 1 1 0 0 0 0 1
1 1 0 0 1 0 0 0 0 0 1 1 0 1 1 0 0 0 0 1
0 0 0 0 1 0 1 0 0 1 0 1 1 1 1 0 1 0 0 0
1 1 1 1 0 0 1 0 0 1 1 10 1 10 10 0 1 0 0 1
0 0 0 0 0 0 1 1 0 1 0 0 1 0 0 0 0 0 0 0
0 0 0 1 1 1 0 1 0 10 0 1 10 1 1 0 1 0 0 0
0 0 0 0 0 1 1 0 1 10 1 1 1 0 1 0 1 1 0 0
0 0 0 0 0 0 0 1 0 1 1 1 0 0 1 0 1 1 0 0
0 0 0 1 1 1 10 10 1 0 1 10 10 1 10 0 10 1 0 0
1 1 1 0 1 0 0 1 1 1 0 10 0 1 10 0 1 1 0 1
1 1 1 1 10 0 1 1 1 10 10 0 1 10 100 0 10 1 0 1
0 0 0 1 1 1 10 1 0 10 0 1 0 1 1 0 1 0 0 0
1 1 1 1 10 0 1 0 0 1 1 10 1 0 10 0 1 0 0 1
1 1 1 1 10 0 1 1 1 10 10 100 1 10 0 0 10 1 0 1
0 0 0 0 0 0 0 0 0 0 0 0 0 0 0 0 1 1 1 0
0 0 0 1 1 0 1 1 1 10 1 10 1 1 10 1 0 10 1 0
0 0 0 0 0 0 0 1 1 1 1 1 0 0 1 1 10 0 1 0
0 0 0 0 0 0 0 0 0 0 0 0 0 0 0 1 1 1 0 0
1 1 1 0 1 0 0 0 0 0 1 1 0 1 1 0 0 0 0 0
4
2 2 2
3 1 3
4 2 3
5 1 3
3
2 3 
1 4
1 3
2 4
1 1 
1 5
1 2 
1 2
1 2
20 5
1 3
1 3
1 3
1 0
2 0 3
1 4
2 0 4
2 2 4
1 2
3 0 2 4
2 2 3
3 0 2 3
2 0 4
2 0 3
3 0 2 3
1 1
3 0 1 2
2 1 2
1 1
1 3
20 40
1 19
3 12 22 7
2 13 17
3 18 20 24
1 24
2 4 8
2 10 16
1 1
1 23
3 14 15 6
1 21
3 0 2 9
2 3 5
2 11 25
1 26
1 27
3 28 29 30
4 31 32 33 34
4 35 36 37 38
1 39
